5260.66375 15.392 0.004
5267.58734 15.506 0.004
5446.92232 15.267 0.004
5459.84019 15.522 0.004
5477.77327 15.514 0.004
5485.80612 15.417 0.004
5495.82394 15.412 0.004
5509.86055 15.508 0.004
5528.81227 15.252 0.004
5561.79714 15.134 0.004
5586.68264 15.476 0.004
5619.56266 15.523 0.004
5649.57844 15.507 0.004
5829.81308 15.521 0.004
5861.84185 15.409 0.004
5864.83465 15.412 0.004
5882.81934 15.486 0.004
5888.85447 15.498 0.004
5899.75393 15.190 0.004
5925.80514 15.169 0.004
5938.72859 15.367 0.004
5955.76259 15.137 0.004
5973.68849 15.161 0.004
6002.60443 15.233 0.004
6018.58190 15.339 0.004
6203.85699 15.281 0.004
6230.86122 15.156 0.004
6245.85597 15.136 0.004
6293.82381 15.282 0.004
7332.77694 15.146 0.004
