5275.53135 15.871 0.004
5286.48872 16.002 0.004
5446.88559 15.976 0.004
5459.81913 16.018 0.004
5476.80547 15.897 0.004
5485.73929 15.812 0.004
5492.79119 15.986 0.005
5493.81367 15.726 0.004
5494.79021 16.002 0.005
5495.74734 15.820 0.004
5497.84337 15.981 0.004
5499.75060 15.995 0.004
5502.84169 15.984 0.004
5503.77904 15.732 0.004
5505.74573 15.850 0.004
5507.78118 16.002 0.004
5509.65280 15.941 0.004
5509.74736 15.969 0.004
5509.84620 15.994 0.004
5510.70811 15.879 0.004
5510.78135 15.857 0.004
5510.85128 15.831 0.004
5511.68374 15.786 0.004
5511.79146 15.819 0.004
5511.84934 15.842 0.004
5512.72775 16.014 0.004
5512.80031 16.011 0.004
5512.86896 16.003 0.005
5513.69773 15.744 0.004
5513.80874 15.725 0.004
5513.86705 15.737 0.005
5514.73042 15.951 0.004
5514.80256 15.970 0.004
5514.86820 15.987 0.005
5515.64709 15.925 0.004
5515.77173 15.870 0.004
5515.77969 15.871 0.004
5515.86126 15.842 0.004
5516.73316 15.793 0.004
5516.80509 15.810 0.004
5517.64583 16.025 0.004
5517.76615 16.022 0.004
5517.86444 16.020 0.005
5519.78299 15.956 0.005
5519.86839 15.979 0.007
5521.68594 15.765 0.004
5521.75395 15.780 0.004
5521.86109 15.817 0.004
5522.70971 16.025 0.005
5522.75081 16.022 0.005
5522.81817 16.021 0.005
5522.85660 16.023 0.005
5523.67516 15.754 0.004
5523.74618 15.737 0.004
5523.85053 15.723 0.005
5524.68494 15.932 0.004
5524.75614 15.941 0.004
5524.85978 15.978 0.004
5525.68807 15.922 0.004
5525.77364 15.902 0.004
5525.85944 15.863 0.004
5526.66774 15.768 0.004
5526.75960 15.775 0.004
5526.85974 15.805 0.004
5527.65271 16.022 0.004
5527.75023 16.025 0.004
5527.86190 16.010 0.005
5528.66025 15.761 0.004
5528.76380 15.744 0.004
5528.85749 15.723 0.004
5529.64068 15.907 0.004
5529.76010 15.946 0.004
5529.85291 15.957 0.004
5530.71880 15.922 0.004
5531.80187 15.792 0.004
5532.71086 16.031 0.004
5533.73077 15.746 0.004
5534.76418 15.940 0.004
5536.74353 15.768 0.004
5539.75230 15.927 0.004
5546.71932 15.750 0.004
5547.77838 16.026 0.004
5548.75017 15.762 0.004
5549.77031 15.913 0.004
5550.79240 15.940 0.004
5553.66953 15.801 0.004
5556.71085 15.732 0.004
5557.69279 16.000 0.004
5558.69232 15.807 0.004
5559.73567 15.872 0.004
5560.70248 15.989 0.004
5561.63697 15.735 0.004
5562.75951 16.003 0.004
5563.68902 15.823 0.004
5565.69227 15.998 0.004
5566.72510 15.729 0.004
5577.70258 15.977 0.005
5582.71341 15.975 0.005
5589.66168 15.791 0.004
5592.68107 15.954 0.004
5595.65883 16.032 0.004
5596.65243 15.742 0.004
5598.63402 15.919 0.004
5614.59913 15.731 0.004
5619.59180 15.734 0.004
5622.59056 15.867 0.004
5623.55325 15.987 0.004
5625.54647 15.999 0.004
5627.61640 15.864 0.004
5629.55642 15.722 0.004
5633.54233 16.010 0.004
5647.53815 15.806 0.004
5650.53382 15.956 0.004
5652.53529 15.785 0.004
5656.50318 15.920 0.004
5659.53280 15.731 0.004
5670.48627 15.899 0.005
5674.51159 15.744 0.004
5679.50194 15.773 0.004
5685.49554 15.880 0.004
5693.45810 15.994 0.004
5822.80876 15.796 0.004
5822.86022 15.778 0.004
5822.90591 15.768 0.004
5823.75160 15.848 0.004
5823.81617 15.868 0.004
5823.88357 15.891 0.004
5824.80561 15.981 0.004
5824.85710 15.972 0.004
5824.89663 15.956 0.004
5825.74320 15.730 0.004
5825.79370 15.735 0.004
5825.84773 15.740 0.004
5825.90032 15.745 0.004
5826.72413 15.986 0.004
5826.78520 16.001 0.004
5826.84223 16.008 0.004
5826.90040 16.016 0.004
5827.71201 15.848 0.004
5827.77735 15.823 0.004
5827.83626 15.800 0.004
5827.89876 15.776 0.004
5828.71267 15.817 0.004
5828.79804 15.861 0.004
5828.84897 15.877 0.004
5828.89898 15.892 0.004
5829.71857 16.001 0.004
5829.76957 15.998 0.004
5829.83518 15.978 0.004
5829.89774 15.962 0.004
5830.70959 15.725 0.004
5830.76548 15.718 0.004
5830.82659 15.731 0.004
5830.89622 15.738 0.004
5843.87276 15.852 0.004
5854.77937 16.021 0.004
5863.74288 15.775 0.004
5867.75986 15.924 0.004
5874.82068 16.038 0.005
5875.72793 15.773 0.004
5880.79594 15.747 0.004
5883.78598 15.743 0.004
5886.75202 15.901 0.004
5892.76660 15.960 0.004
5897.75543 15.961 0.004
5910.72204 15.839 0.004
5924.71867 15.963 0.004
5931.68676 15.793 0.004
5932.68243 16.032 0.004
5940.71113 15.907 0.004
5952.72288 16.019 0.004
5961.66176 15.744 0.004
5964.64823 15.863 0.004
5969.64206 15.852 0.004
5970.61816 16.004 0.004
5972.69523 16.009 0.004
6003.53346 15.929 0.004
6004.56437 15.766 0.004
6005.61416 16.024 0.004
6006.52857 15.764 0.004
6007.51279 15.901 0.004
6007.61095 15.933 0.004
6008.53936 15.936 0.004
6008.59999 15.916 0.004
6009.49115 15.747 0.004
6009.57482 15.756 0.004
6010.48940 16.020 0.004
6010.58708 16.022 0.004
6011.48490 15.783 0.004
6011.62090 15.744 0.004
6012.53114 15.904 0.004
6012.60768 15.928 0.004
6013.56841 15.937 0.004
6013.60230 15.928 0.004
6014.60367 15.757 0.004
6015.58475 16.027 0.004
6016.58489 15.760 0.004
6020.54216 16.018 0.004
6193.87997 15.978 0.004
6194.89652 15.838 0.004
6225.80190 15.752 0.004
6226.84284 16.012 0.004
6229.84357 15.950 0.004
6236.81724 16.011 0.004
6292.77423 15.925 0.004
6317.64602 16.009 0.004
6333.64002 15.725 0.004
6344.60655 15.910 0.004
6600.73215 15.792 0.004
6997.78751 15.735 0.004
7007.74047 15.740 0.004
7137.48379 16.015 0.004
7332.73388 15.807 0.004
7366.71127 15.954 0.004
