5276.51427 17.232 0.006
5295.55342 17.242 0.006
5447.88508 17.098 0.005
5459.85292 17.123 0.006
5473.89486 17.171 0.007
5487.80873 17.230 0.006
5492.82024 17.373 0.008
5493.84271 17.335 0.008
5494.81926 17.280 0.007
5495.77639 17.205 0.007
5497.87246 17.149 0.007
5499.77970 17.216 0.006
5502.87092 17.382 0.007
5503.81416 17.388 0.006
5505.77490 17.356 0.006
5507.81034 17.136 0.006
5509.77657 17.082 0.005
5510.81056 17.185 0.006
5511.82065 17.267 0.006
5512.82956 17.330 0.006
5514.83177 17.402 0.006
5515.80895 17.420 0.007
5516.83434 17.370 0.006
5517.79541 17.358 0.006
5521.78332 17.099 0.007
5522.78167 17.160 0.007
5523.74201 17.198 0.007
5524.75145 17.263 0.007
5525.71737 17.310 0.007
5526.75422 17.381 0.006
5527.81526 17.403 0.007
5528.68969 17.403 0.007
5529.67011 17.402 0.007
5530.74824 17.340 0.006
5531.83131 17.104 0.005
5532.74019 17.112 0.005
5533.76019 17.078 0.006
5534.79364 17.156 0.006
5535.69441 17.145 0.005
5539.78173 17.404 0.006
5546.74889 17.135 0.006
5547.80795 17.260 0.006
5548.78064 17.305 0.006
5549.79989 17.376 0.007
5550.82191 17.391 0.008
5553.71762 17.382 0.008
5556.74049 17.111 0.006
5557.72240 17.080 0.006
5558.72191 17.117 0.006
5559.76533 17.228 0.006
5560.77885 17.305 0.006
5561.66665 17.272 0.006
5562.78917 17.403 0.006
5563.71914 17.400 0.007
5565.72598 17.378 0.006
5566.75479 17.306 0.006
5582.74375 17.147 0.007
5589.69149 17.386 0.006
5592.71083 17.181 0.005
5596.68269 17.241 0.006
5598.66378 17.352 0.006
5614.63018 17.379 0.007
5619.62023 17.103 0.005
5622.62034 17.327 0.006
5623.58309 17.355 0.006
5625.57615 17.399 0.006
5627.64616 17.308 0.006
5629.58621 17.154 0.005
5633.57283 17.229 0.006
5647.56777 17.352 0.006
5650.56347 17.392 0.006
5652.56494 17.320 0.006
5656.53280 17.123 0.005
5659.56234 17.368 0.006
5679.53367 17.067 0.005
5685.52677 17.396 0.006
5693.48737 17.170 0.006
5825.86309 17.391 0.006
5844.82065 17.186 0.007
5854.80992 17.082 0.005
5863.77924 17.371 0.006
5867.78974 17.092 0.005
5875.75907 17.366 0.007
5880.82514 17.218 0.007
5883.81526 17.384 0.007
5886.83337 17.371 0.006
5892.79624 17.180 0.005
5897.78490 17.405 0.006
5910.75158 17.391 0.007
5924.74833 17.307 0.005
5932.71221 17.366 0.007
5940.74217 17.152 0.006
5952.75271 17.163 0.005
5961.69150 17.240 0.006
5970.64797 17.404 0.006
5972.72501 17.310 0.006
6006.55853 17.387 0.005
6013.59804 17.128 0.005
6020.57179 17.388 0.007
6229.87632 17.383 0.008
6236.84641 17.113 0.005
6292.80393 17.362 0.007
6317.67668 17.373 0.007
6333.66981 17.100 0.005
6344.63640 17.183 0.005
6368.55665 17.290 0.006
6376.55254 17.394 0.007
6378.52691 17.393 0.007
6379.54074 17.348 0.007
6381.55355 17.150 0.006
6560.83550 17.221 0.005
6592.74741 17.322 0.006
6593.72867 17.227 0.005
6593.84260 17.086 0.005
6594.82120 17.092 0.005
6594.85924 17.140 0.004
6595.72078 17.087 0.005
6595.85686 17.166 0.005
6596.78505 17.185 0.005
6599.77233 17.371 0.005
6599.86625 17.381 0.006
6600.72371 17.376 0.005
6600.85007 17.410 0.005
6601.83778 17.387 0.005
6602.84357 17.355 0.006
6603.80829 17.322 0.006
6604.78148 17.251 0.005
6608.74153 17.152 0.005
6622.76094 17.327 0.006
6623.75315 17.366 0.005
6624.82074 17.398 0.006
6625.81501 17.379 0.005
6626.83021 17.361 0.005
6627.77814 17.334 0.005
6628.77216 17.258 0.005
6631.85673 17.170 0.007
6632.73437 17.141 0.005
6633.72265 17.201 0.005
6635.75223 17.374 0.006
6636.73188 17.386 0.005
6637.75232 17.408 0.005
6664.83359 17.142 0.005
6665.61340 17.326 0.005
6665.78859 17.092 0.005
6666.61866 17.238 0.005
6666.83769 17.133 0.005
6667.60031 17.128 0.006
6667.78795 17.151 0.005
6668.62914 17.086 0.005
6668.76450 17.198 0.005
6669.69877 17.215 0.006
6669.75498 17.258 0.006
6670.69062 17.266 0.006
6670.74141 17.346 0.007
6671.72571 17.370 0.007
6671.77582 17.377 0.007
6672.75146 17.405 0.007
6673.71403 17.415 0.008
6673.77871 17.392 0.009
6674.78660 17.358 0.008
6675.71103 17.381 0.007
6675.79665 17.341 0.007
6691.68042 17.087 0.004
6692.70238 17.148 0.004
6693.65044 17.180 0.005
6694.69429 17.305 0.005
6695.63938 17.310 0.006
6696.62696 17.350 0.006
6697.68504 17.421 0.005
6698.68538 17.421 0.007
6700.55878 17.388 0.007
6701.67986 17.215 0.006
6702.55008 17.339 0.008
6703.56497 17.168 0.007
6704.70696 17.183 0.007
6705.55662 17.095 0.005
6726.66037 17.140 0.006
6727.64742 17.092 0.005
6728.66908 17.142 0.006
6729.66254 17.213 0.006
6730.65894 17.286 0.007
6732.64278 17.412 0.010
6733.64629 17.417 0.009
6733.65969 17.430 0.008
6734.62221 17.435 0.009
6734.63331 17.434 0.009
6735.63293 17.391 0.007
6735.64413 17.382 0.007
6736.58346 17.394 0.007
6737.59896 17.326 0.005
6737.65632 17.245 0.006
6738.70174 17.107 0.005
6739.59480 17.100 0.005
6739.62833 17.089 0.004
6741.54973 17.101 0.005
6741.62941 17.185 0.004
6742.51774 17.168 0.005
6742.58832 17.202 0.005
6743.54239 17.268 0.004
6744.54097 17.317 0.005
6744.59401 17.341 0.005
6746.51098 17.392 0.006
6746.56446 17.427 0.006
6748.51144 17.412 0.006
6749.51428 17.378 0.006
6749.53970 17.367 0.006
6759.50452 17.390 0.007
6760.50400 17.424 0.007
6761.51436 17.386 0.007
6762.50107 17.338 0.007
6763.48555 17.251 0.007
6764.49880 17.114 0.006
6765.48897 17.099 0.005
6766.47731 17.121 0.005
6767.46785 17.168 0.005
6768.46985 17.254 0.005
6769.47100 17.317 0.006
6770.46925 17.379 0.005
6771.46336 17.410 0.007
6772.46979 17.406 0.007
6956.76510 17.297 0.007
6957.76884 17.373 0.007
6958.81865 17.401 0.006
6959.83029 17.382 0.007
6960.79370 17.372 0.007
6961.80545 17.319 0.007
6963.74563 17.184 0.006
6964.85428 17.112 0.006
6965.83715 17.164 0.006
6967.79200 17.283 0.011
6970.75219 17.402 0.007
6970.75713 17.399 0.007
6997.81709 17.284 0.007
7007.76625 17.414 0.007
7026.66613 17.108 0.007
7027.64537 17.160 0.007
7028.67730 17.246 0.007
7029.67759 17.328 0.007
7030.74443 17.388 0.007
7031.73177 17.411 0.007
7032.73351 17.395 0.007
7033.72920 17.367 0.007
7034.78714 17.199 0.006
7035.66222 17.282 0.006
7036.71136 17.107 0.005
7093.59013 17.399 0.006
7097.56456 17.115 0.006
7098.56539 17.084 0.005
7099.61347 17.148 0.005
7100.57529 17.192 0.005
7102.53897 17.289 0.005
7103.55263 17.365 0.006
7137.51329 17.236 0.006
7332.76368 17.272 0.006
7366.74085 17.405 0.006
