5267.56800 18.067 0.009
5446.90323 17.976 0.008
5458.85322 18.131 0.009
5476.82262 17.837 0.007
5486.76581 17.813 0.008
5492.80165 18.154 0.013
5493.82413 17.824 0.012
5494.80070 18.083 0.012
5495.75784 18.128 0.012
5497.85387 18.082 0.011
5499.76111 18.035 0.009
5502.85225 18.042 0.007
5503.78955 17.808 0.007
5505.75623 18.010 0.008
5507.79171 18.113 0.008
5509.75791 18.125 0.008
5510.79189 17.915 0.007
5511.80200 18.081 0.008
5512.81086 18.019 0.008
5514.81312 18.161 0.009
5515.79027 17.854 0.008
5516.81566 18.158 0.009
5517.77669 18.058 0.009
5521.76454 18.107 0.016
5522.76299 18.004 0.013
5523.72329 17.814 0.012
5524.73267 18.151 0.010
5525.69864 17.919 0.009
5526.73546 18.067 0.008
5527.79648 17.908 0.008
5528.67088 17.791 0.007
5529.65131 18.090 0.009
5530.72942 17.825 0.008
5531.81248 18.182 0.008
5532.72148 17.984 0.007
5533.74139 17.982 0.009
5534.77483 18.060 0.009
5535.67558 17.838 0.007
5536.75414 18.190 0.009
5539.76292 18.020 0.008
5546.72996 18.176 0.011
5547.78906 17.880 0.008
5548.76083 18.162 0.012
5549.78095 17.857 0.010
5550.80300 18.099 0.013
5553.68020 18.052 0.013
5556.72153 18.117 0.010
5557.70347 17.809 0.008
5558.70296 18.116 0.010
5559.74633 17.855 0.008
5560.71319 18.040 0.007
5561.64764 18.162 0.009
5562.77020 18.004 0.008
5563.69968 18.168 0.009
5565.70619 18.061 0.009
5566.73576 17.996 0.007
5582.72469 18.092 0.014
5589.67235 17.874 0.007
5592.69173 18.132 0.008
5596.66359 17.826 0.007
5598.64465 18.021 0.007
5614.61082 17.992 0.010
5619.60275 18.055 0.008
5622.60118 18.164 0.009
5623.56388 17.908 0.007
5625.55701 18.079 0.008
5627.62694 18.099 0.009
5629.56701 18.071 0.008
5633.55367 17.804 0.007
5647.54863 18.074 0.010
5650.54434 17.850 0.007
5652.54577 18.026 0.008
5656.51366 18.046 0.008
5659.54325 18.106 0.009
5670.49669 17.792 0.012
5674.52306 18.010 0.008
5679.51231 18.006 0.008
5685.50671 17.967 0.008
5693.46844 18.160 0.011
5825.83901 18.108 0.009
5843.88319 17.901 0.008
5854.78984 18.160 0.008
5863.75376 17.796 0.007
5867.77087 17.980 0.007
5875.74038 17.774 0.010
5880.80647 17.935 0.010
5883.79654 18.132 0.010
5886.77609 18.147 0.010
5892.77751 17.811 0.007
5897.76607 17.838 0.007
5910.73268 18.114 0.010
5924.72935 17.860 0.007
5932.69315 18.037 0.011
5940.72315 18.042 0.008
5952.73353 18.087 0.008
5961.67239 17.967 0.008
5970.62880 17.940 0.007
5972.70584 17.929 0.008
6006.53906 18.162 0.007
6013.57890 18.125 0.008
6020.55263 17.943 0.009
6193.89029 18.020 0.007
6194.90687 18.070 0.012
6196.89743 18.173 0.008
6198.89809 18.014 0.013
6199.88077 18.114 0.014
6200.88693 17.854 0.012
6202.81607 18.033 0.014
6203.81439 17.953 0.010
6204.85117 18.079 0.009
6210.86073 17.931 0.007
6223.85605 18.176 0.008
6224.87265 17.824 0.007
6225.80491 17.959 0.008
6226.79806 18.147 0.010
6226.85333 18.023 0.007
6228.62689 17.749 0.011
6229.62933 18.074 0.017
6229.85407 17.801 0.010
6230.87068 18.145 0.018
6231.86390 17.998 0.012
6236.82776 17.986 0.008
6277.52350 17.811 0.012
6277.52570 17.798 0.010
6292.78493 18.057 0.010
6301.57393 17.810 0.007
6301.68224 17.964 0.007
6301.78053 18.167 0.008
6317.65673 18.035 0.011
6333.65066 18.050 0.009
6344.61718 18.008 0.007
6373.53548 18.154 0.009
6374.52739 17.876 0.008
6374.59194 17.820 0.008
6375.51868 18.013 0.009
6563.86612 18.152 0.007
6565.89149 18.121 0.008
6569.79682 17.962 0.007
6569.84749 17.806 0.007
6570.75212 17.833 0.007
6571.80619 18.094 0.007
6576.86984 17.918 0.007
6577.87296 18.044 0.007
6592.74055 17.886 0.007
6593.65803 18.114 0.008
6593.75158 18.140 0.008
6593.84529 17.953 0.008
6594.83334 17.955 0.009
6595.71325 18.048 0.007
6595.76522 18.159 0.007
6596.77600 17.873 0.007
6599.80210 17.906 0.007
6600.74272 18.152 0.007
6601.82433 17.805 0.007
6602.87013 18.158 0.014
6605.82301 18.061 0.007
6624.80866 18.145 0.008
6625.82244 17.859 0.007
6626.81743 18.085 0.007
6627.77043 18.114 0.007
6633.73163 17.770 0.006
6636.74315 17.980 0.007
6638.75937 17.854 0.007
6650.71894 17.818 0.007
6655.74489 17.832 0.006
6663.76416 18.189 0.008
6666.82317 18.006 0.007
6668.76642 18.198 0.007
6669.70069 18.058 0.010
6670.69253 17.854 0.008
6670.69753 17.866 0.008
6671.72761 18.106 0.013
6672.75334 17.878 0.012
6673.71163 18.164 0.017
6674.77964 17.858 0.013
6675.70865 17.950 0.011
6676.73578 18.035 0.011
6677.71689 17.846 0.008
6678.70660 18.136 0.008
6679.76430 17.823 0.007
6680.68462 17.962 0.007
6681.70233 18.066 0.007
6682.62967 17.823 0.007
6683.68068 18.179 0.010
6684.65680 17.946 0.009
6685.60981 17.819 0.007
6687.70935 17.945 0.008
6688.64238 18.110 0.008
6689.66647 17.880 0.007
6690.66201 18.030 0.007
6692.72001 18.007 0.007
6693.66367 18.158 0.007
6694.70740 17.804 0.006
6695.65238 18.068 0.007
6696.63785 18.042 0.007
6697.69594 17.981 0.007
6698.69617 18.060 0.010
6956.76317 17.850 0.008
6997.79817 17.768 0.012
7007.74908 17.807 0.007
7137.49419 17.938 0.007
7332.74496 18.008 0.008
7366.72194 18.050 0.008
