5275.53135 16.533 0.005
5286.48872 15.815 0.004
5446.88559 15.989 0.004
5459.81913 15.899 0.004
5476.80547 16.199 0.004
5485.73929 15.778 0.004
5492.79119 16.053 0.004
5493.81367 16.407 0.006
5494.79021 16.588 0.006
5495.74734 15.892 0.004
5497.84337 16.542 0.005
5499.75060 16.217 0.004
5502.84169 16.160 0.004
5503.77904 16.432 0.004
5505.74573 15.999 0.004
5507.78118 16.569 0.005
5509.65280 16.254 0.004
5509.74736 16.278 0.004
5509.84620 16.326 0.004
5510.70811 16.496 0.004
5510.78135 16.508 0.005
5510.85128 16.532 0.005
5511.68374 15.887 0.004
5511.79146 15.771 0.004
5511.84934 15.755 0.004
5512.72775 16.188 0.004
5512.80031 16.207 0.004
5512.86896 16.252 0.006
5513.69773 16.460 0.005
5513.80874 16.475 0.005
5513.86705 16.503 0.007
5514.73042 16.314 0.004
5514.80256 16.178 0.004
5514.86820 16.056 0.005
5515.64709 16.039 0.004
5515.77173 16.095 0.004
5515.77969 16.096 0.004
5515.86126 16.132 0.005
5516.73316 16.410 0.005
5516.80509 16.422 0.004
5517.64583 16.565 0.005
5517.76615 16.553 0.005
5517.86444 16.501 0.006
5519.78299 16.346 0.005
5519.86839 16.392 0.007
5521.68594 15.771 0.004
5521.75395 15.798 0.004
5521.86109 15.865 0.004
5522.70971 16.252 0.005
5522.75081 16.256 0.005
5522.81817 16.294 0.005
5522.85660 16.304 0.005
5523.67516 16.497 0.005
5523.74618 16.501 0.005
5523.85053 16.525 0.006
5524.68494 16.023 0.004
5524.75614 15.880 0.004
5524.85978 15.769 0.004
5525.68807 16.140 0.004
5525.77364 16.182 0.004
5525.85944 16.214 0.005
5526.66774 16.442 0.004
5526.75960 16.452 0.004
5526.85974 16.482 0.005
5527.65271 16.499 0.004
5527.75023 16.403 0.004
5527.86190 16.202 0.005
5528.66025 16.009 0.004
5528.76380 16.063 0.004
5528.85749 16.108 0.004
5529.64068 16.374 0.004
5529.76010 16.410 0.005
5529.85291 16.417 0.005
5530.71880 16.566 0.005
5531.80187 15.955 0.004
5532.71086 16.310 0.004
5533.73077 16.513 0.005
5534.76418 15.767 0.004
5535.69846 16.222 0.004
5536.74353 16.478 0.005
5539.75230 16.438 0.005
5546.71932 16.531 0.005
5547.77838 15.763 0.004
5548.75017 16.208 0.004
5549.77031 16.486 0.005
5550.79240 16.097 0.004
5553.66953 16.570 0.006
5556.71085 16.556 0.005
5557.69279 15.804 0.004
5558.69232 16.263 0.004
5559.73567 16.498 0.005
5560.70248 15.864 0.004
5561.63697 16.142 0.004
5562.75951 16.445 0.004
5563.68902 16.403 0.005
5565.69227 16.384 0.005
5566.72510 16.568 0.004
5577.70258 16.037 0.004
5582.71341 16.537 0.006
5589.66168 16.569 0.005
5592.68107 16.561 0.004
5595.65883 16.501 0.005
5596.65243 15.852 0.004
5598.63402 16.453 0.004
5614.59913 16.392 0.005
5619.59180 15.779 0.004
5622.59056 16.249 0.004
5623.55325 16.070 0.004
5625.54647 16.573 0.005
5627.61640 16.368 0.004
5629.55642 15.799 0.004
5633.54233 16.159 0.004
5647.53815 16.419 0.005
5650.53382 16.373 0.004
5652.53529 15.853 0.004
5656.50318 16.192 0.004
5659.53280 16.084 0.004
5670.48627 16.453 0.006
5674.51159 16.560 0.005
5679.50194 16.237 0.004
5685.49554 16.019 0.004
5693.45810 16.452 0.005
5822.80876 16.055 0.004
5822.86022 16.080 0.004
5822.90591 16.089 0.004
5823.75160 16.369 0.005
5823.81617 16.381 0.005
5823.88357 16.409 0.005
5824.80561 16.552 0.005
5824.85710 16.565 0.005
5824.89663 16.566 0.005
5825.74320 15.863 0.004
5825.79370 15.892 0.004
5825.84773 15.935 0.004
5825.90032 15.965 0.004
5826.72413 16.271 0.004
5826.78520 16.299 0.004
5826.84223 16.324 0.004
5826.90040 16.334 0.004
5827.71201 16.515 0.004
5827.77735 16.514 0.004
5827.83626 16.533 0.004
5827.89876 16.538 0.004
5828.71267 15.780 0.004
5828.79804 15.768 0.004
5828.84897 15.790 0.004
5828.89898 15.827 0.004
5829.71857 16.193 0.004
5829.76957 16.203 0.004
5829.83518 16.229 0.004
5829.89774 16.250 0.004
5830.76548 16.476 0.004
5830.82659 16.480 0.004
5830.89622 16.503 0.004
5843.87276 16.473 0.004
5854.77937 15.873 0.004
5863.74288 16.504 0.004
5867.75986 16.033 0.004
5874.82068 15.919 0.004
5875.72793 16.285 0.005
5880.79594 16.103 0.004
5883.78598 16.533 0.005
5886.75202 16.536 0.005
5892.76660 16.441 0.004
5897.75543 15.939 0.004
5910.72204 15.885 0.004
5924.71867 16.272 0.004
5931.68676 16.384 0.005
5932.68243 16.558 0.005
5940.71113 16.158 0.004
5952.72288 16.019 0.004
5961.66176 16.504 0.004
5964.64823 16.438 0.005
5969.64206 15.946 0.004
5970.61816 16.331 0.004
5972.69523 15.827 0.004
6003.53346 16.371 0.005
6004.56437 16.554 0.004
6005.61416 15.955 0.004
6006.52857 16.310 0.004
6007.51279 16.531 0.004
6007.61095 16.540 0.004
6008.53936 15.759 0.004
6008.59999 15.776 0.004
6009.49115 16.224 0.004
6009.57482 16.243 0.004
6010.48940 16.450 0.005
6010.58708 16.472 0.005
6011.48490 16.132 0.005
6011.62090 15.881 0.004
6012.53114 16.114 0.004
6012.60768 16.157 0.004
6013.56841 16.420 0.004
6013.60230 16.447 0.004
6014.60367 16.399 0.004
6015.58475 16.027 0.004
6016.58489 16.375 0.004
6020.54216 16.510 0.005
6193.87997 16.517 0.004
6194.89652 15.819 0.004
6225.80190 16.376 0.004
6226.84284 16.534 0.004
6317.64602 16.478 0.005
6344.60655 16.427 0.004
6600.73215 16.129 0.004
6997.78751 16.558 0.006
7007.74047 16.547 0.005
7137.48379 16.429 0.004
7332.73388 16.171 0.004
7366.71127 16.503 0.004
