5276.51427 16.023 0.004
5295.55342 15.557 0.004
5447.88508 15.641 0.004
5459.85292 15.874 0.004
5473.89486 16.015 0.004
5487.80873 15.990 0.004
5492.82024 15.546 0.004
5493.84271 15.964 0.004
5494.81926 15.546 0.004
5495.77639 15.914 0.004
5497.87246 15.948 0.004
5499.77970 15.890 0.004
5502.87092 15.585 0.004
5503.81416 15.875 0.004
5505.77490 15.843 0.004
5507.81034 15.840 0.004
5509.77657 15.805 0.004
5510.81056 15.731 0.004
5511.82065 15.805 0.004
5512.82956 15.737 0.004
5514.83177 15.776 0.004
5515.80895 15.772 0.004
5516.83434 15.809 0.004
5517.79541 15.745 0.004
5521.78332 15.707 0.004
5522.78167 15.966 0.004
5523.74201 15.655 0.004
5524.75145 15.998 0.004
5525.71737 15.647 0.004
5526.75422 16.001 0.004
5527.81526 15.655 0.004
5528.68969 16.018 0.004
5529.67011 15.580 0.004
5530.74824 16.010 0.004
5531.83131 15.632 0.004
5532.74019 16.007 0.004
5533.76019 15.572 0.004
5534.79364 16.005 0.004
5535.69441 15.539 0.004
5536.77297 16.014 0.004
5539.78173 15.552 0.004
5546.74889 15.971 0.004
5547.80795 15.547 0.004
5548.78064 15.978 0.004
5549.79989 15.540 0.004
5550.82191 15.989 0.004
5553.71762 15.584 0.004
5556.74049 15.917 0.004
5557.72240 15.633 0.004
5558.72191 15.885 0.004
5559.76533 15.605 0.004
5560.77885 15.874 0.004
5561.66665 15.718 0.004
5562.78917 15.873 0.004
5563.71914 15.682 0.004
5565.72598 15.695 0.004
5566.75479 15.827 0.004
5582.74375 15.678 0.004
5589.69149 16.008 0.004
5592.71083 15.576 0.004
5596.68269 15.540 0.004
5598.66378 15.520 0.004
5614.63018 15.633 0.004
5619.62023 15.831 0.004
5622.62034 15.738 0.004
5623.58309 15.777 0.004
5625.57615 15.757 0.004
5627.64616 15.779 0.004
5629.58621 15.724 0.004
5633.57283 15.691 0.004
5647.56777 15.557 0.004
5650.56347 15.999 0.004
5652.56494 16.002 0.004
5656.53280 15.963 0.004
5659.56234 15.515 0.004
5670.51574 15.867 0.004
5674.54210 15.836 0.004
5679.53367 15.766 0.004
5685.52677 15.881 0.004
5693.48737 15.988 0.004
5825.86309 15.830 0.004
5844.82065 15.567 0.004
5854.80992 15.525 0.004
5863.77924 15.912 0.004
5867.78974 15.887 0.004
5875.75907 15.816 0.004
5880.82514 15.756 0.004
5883.81526 15.782 0.004
5886.83337 15.855 0.004
5892.79624 15.965 0.004
5897.78490 15.623 0.004
5910.75158 16.005 0.004
5924.74833 15.905 0.004
5932.71221 15.835 0.004
5940.74217 15.773 0.004
5952.75271 15.650 0.004
5961.69150 16.016 0.004
5970.64797 15.522 0.004
5972.72501 15.550 0.004
6006.55853 16.003 0.004
6013.59804 15.578 0.004
6020.57179 16.001 0.004
6226.87566 15.532 0.004
6229.87632 15.978 0.004
6236.84641 15.603 0.004
6292.80393 15.934 0.004
6317.67668 15.991 0.004
6333.66981 16.006 0.004
6344.63640 15.579 0.004
6368.55665 15.955 0.004
6376.55254 16.015 0.004
6378.52691 16.009 0.004
6379.54074 15.593 0.004
6380.55166 16.023 0.004
6381.55355 15.587 0.004
6382.54483 16.013 0.004
6385.51979 15.530 0.004
6560.83550 15.783 0.004
6592.74741 15.539 0.004
6593.72867 15.958 0.004
6593.84260 15.991 0.004
6594.82120 15.543 0.004
6594.85924 15.550 0.004
6595.72078 15.939 0.004
6595.85686 15.987 0.004
6596.78505 15.553 0.004
6599.77233 15.929 0.004
6599.86625 15.970 0.004
6600.72371 15.622 0.004
6600.85007 15.562 0.004
6601.83778 15.946 0.004
6602.84357 15.555 0.004
6603.80829 15.915 0.004
6604.78148 15.616 0.004
6608.74153 15.695 0.004
6622.76094 15.897 0.004
6623.75315 15.726 0.004
6624.82074 15.865 0.004
6625.81501 15.741 0.004
6626.83021 15.897 0.004
6627.77814 15.704 0.004
6628.77216 15.956 0.004
6631.85673 15.716 0.004
6632.73437 15.995 0.004
6633.72265 15.621 0.004
6635.75223 15.598 0.004
6636.73188 16.012 0.004
6637.75232 15.609 0.004
6664.83359 15.953 0.004
6665.61340 15.733 0.004
6665.78859 15.607 0.004
6666.61866 15.817 0.004
6666.83769 15.916 0.004
6667.60031 15.777 0.004
6667.78795 15.624 0.004
6668.62914 15.806 0.004
6668.76450 15.886 0.004
6669.69877 15.713 0.004
6669.75498 15.673 0.004
6670.69062 15.829 0.004
6670.74141 15.852 0.004
6671.72571 15.729 0.004
6671.77582 15.691 0.004
6672.75146 15.853 0.004
6673.71403 15.790 0.004
6673.77871 15.721 0.004
6674.78660 15.860 0.004
6675.71103 15.815 0.004
6675.79665 15.721 0.004
6691.68042 16.018 0.004
6692.70238 15.626 0.004
6693.65044 16.016 0.004
6694.69429 15.606 0.004
6695.63938 16.026 0.004
6696.62696 15.577 0.004
6697.68504 16.028 0.004
6698.68538 15.569 0.004
6700.55878 15.549 0.004
6701.67986 16.006 0.004
6702.55008 15.558 0.004
6703.56497 16.009 0.004
6704.70696 15.548 0.004
6705.55662 15.972 0.004
6726.66037 15.701 0.004
6727.64742 15.836 0.004
6728.66908 15.714 0.004
6729.66254 15.848 0.004
6730.65894 15.747 0.004
6732.64278 15.842 0.004
6733.64629 15.807 0.004
6733.65969 15.801 0.004
6734.62221 15.881 0.004
6734.63331 15.865 0.004
6735.63293 15.769 0.004
6735.64413 15.780 0.004
6736.58346 15.934 0.004
6737.59896 15.736 0.004
6737.65632 15.766 0.004
6738.70174 15.854 0.004
6739.59480 15.712 0.004
6739.62833 15.735 0.004
6740.52306 15.998 0.004
6740.64367 15.921 0.004
6741.54973 15.662 0.004
6741.62941 15.711 0.004
6742.51774 16.019 0.004
6742.58832 16.006 0.004
6743.54239 15.662 0.004
6744.54097 16.023 0.004
6744.59401 15.999 0.004
6746.51098 16.023 0.004
6746.56446 16.023 0.004
6748.51144 16.015 0.004
6749.51428 15.576 0.004
6749.53970 15.582 0.004
6759.50452 15.528 0.004
6760.50400 16.000 0.004
6761.51436 15.550 0.004
6762.50107 15.981 0.004
6763.48555 15.555 0.004
6764.49880 15.966 0.004
6765.48897 15.565 0.004
6766.47731 15.936 0.004
6767.46785 15.574 0.004
6768.46985 15.932 0.004
6769.47100 15.613 0.004
6770.46925 15.920 0.004
6771.46336 15.623 0.004
6772.46979 15.905 0.004
6956.76510 15.517 0.004
6957.76884 15.991 0.004
6958.81865 15.534 0.004
6959.83029 15.993 0.004
6960.79370 15.538 0.004
6961.80545 15.981 0.004
6963.74563 15.964 0.004
6964.85428 15.538 0.004
6965.83715 15.980 0.004
6967.79200 15.954 0.005
6970.75219 15.574 0.004
6970.75713 15.562 0.004
6997.81709 15.721 0.004
7007.76625 15.612 0.004
7026.66613 15.941 0.004
7027.64537 15.617 0.004
7028.67730 15.911 0.004
7029.67759 15.606 0.004
7030.74443 15.918 0.004
7031.73177 15.585 0.004
7032.73351 15.923 0.004
7033.72920 15.624 0.004
7034.78714 15.913 0.004
7035.66222 15.688 0.004
7036.71136 15.867 0.004
7093.59013 15.832 0.004
7097.56456 15.788 0.004
7098.56539 15.793 0.004
7099.61347 15.797 0.004
7100.57529 15.818 0.004
7102.53897 15.902 0.004
7103.55263 15.718 0.004
7137.51329 15.543 0.004
7332.76368 15.545 0.004
7366.74085 15.956 0.004
