5275.53339 14.810 0.004
5286.49075 14.445 0.004
5446.88766 14.419 0.004
5459.82123 14.851 0.004
5476.80761 14.452 0.004
5485.74144 14.401 0.004
5492.79336 14.647 0.004
5493.81582 14.336 0.004
5494.79239 14.351 0.004
5495.74952 14.413 0.004
5497.84555 14.680 0.004
5499.75278 14.907 0.004
5502.84388 14.573 0.004
5503.78122 14.335 0.004
5505.74792 14.409 0.004
5507.78337 14.700 0.004
5509.74954 14.930 0.004
5510.78355 14.977 0.004
5511.79364 14.846 0.004
5512.80250 14.541 0.004
5514.80476 14.374 0.004
5515.78189 14.415 0.004
5516.80728 14.543 0.004
5517.76835 14.720 0.004
5521.75616 14.821 0.004
5522.75458 14.495 0.004
5523.71488 14.315 0.004
5524.72428 14.384 0.004
5525.69027 14.428 0.004
5526.72705 14.564 0.004
5527.78808 14.740 0.004
5528.66248 14.832 0.004
5529.64289 14.939 0.004
5530.72102 14.958 0.004
5531.80406 14.759 0.004
5532.71308 14.470 0.004
5533.73298 14.311 0.004
5534.76638 14.377 0.004
5535.66718 14.412 0.004
5536.74575 14.586 0.004
5539.75451 14.958 0.004
5546.72153 14.619 0.004
5547.78060 14.770 0.004
5548.75238 14.881 0.004
5549.77250 14.969 0.004
5550.79461 14.909 0.004
5556.71307 14.645 0.004
5557.69500 14.779 0.004
5558.69453 14.885 0.004
5559.73789 14.973 0.004
5560.70471 14.911 0.004
5561.63918 14.679 0.004
5562.76172 14.339 0.004
5563.69122 14.338 0.004
5565.69449 14.473 0.004
5566.72729 14.684 0.004
5582.71560 14.318 0.004
5589.66385 14.978 0.004
5592.68324 14.310 0.004
5595.66098 14.556 0.004
5596.65509 14.727 0.004
5598.63617 14.937 0.004
5614.60126 14.437 0.004
5619.59392 14.952 0.004
5622.59267 14.325 0.004
5623.55536 14.384 0.004
5625.54856 14.620 0.004
5627.61850 14.892 0.004
5629.55851 14.922 0.004
5633.54441 14.394 0.004
5647.54019 14.918 0.004
5650.53587 14.593 0.004
5652.53734 14.360 0.004
5656.50522 14.809 0.004
5659.53482 14.842 0.004
5670.48827 14.516 0.004
5674.51359 14.564 0.004
5679.50393 14.785 0.004
5685.49834 14.749 0.004
5693.46009 14.444 0.004
5825.83076 14.971 0.004
5843.87491 14.839 0.004
5854.78153 14.947 0.004
5863.74508 14.861 0.004
5867.76205 14.418 0.004
5875.73011 14.938 0.004
5880.79812 14.461 0.004
5883.78816 14.907 0.004
5886.75422 14.657 0.004
5892.76880 14.796 0.004
5897.75765 14.322 0.004
5910.72427 14.537 0.004
5924.72089 14.960 0.004
5931.68897 14.741 0.004
5932.68465 14.859 0.004
5940.71331 14.626 0.004
5952.72506 14.905 0.004
5961.66391 14.798 0.004
5964.65038 14.900 0.004
5969.64422 14.494 0.004
5970.62030 14.683 0.004
5972.69736 14.923 0.004
6006.53062 14.335 0.004
6013.57047 14.935 0.004
6020.54420 14.761 0.004
6193.88207 14.339 0.004
6194.89864 14.412 0.004
6226.84501 14.707 0.004
6229.84573 14.979 0.004
6236.81943 14.724 0.004
6292.77643 14.378 0.004
6317.64819 14.945 0.004
6333.64216 14.436 0.004
6344.60867 14.627 0.004
6600.73433 14.647 0.004
6997.78974 14.979 0.004
7007.74269 14.982 0.004
7137.48579 14.729 0.004
7332.73607 14.976 0.004
7366.71348 14.384 0.004
