5260.65749 16.569 0.006
5267.58105 16.132 0.004
5446.91607 16.065 0.004
5459.83386 16.630 0.005
5477.76685 16.457 0.004
5485.79965 16.417 0.005
5492.80353 16.301 0.005
5493.82602 16.373 0.006
5494.80259 16.606 0.006
5495.75973 16.049 0.004
5497.85575 16.636 0.006
5499.76300 16.527 0.005
5502.85413 16.594 0.005
5503.79141 16.141 0.004
5505.75811 16.634 0.005
5507.79360 16.490 0.005
5509.75978 16.221 0.004
5510.79378 16.554 0.005
5511.80389 16.344 0.004
5512.81274 16.358 0.004
5514.81501 16.041 0.004
5515.79216 16.447 0.005
5516.81754 16.650 0.005
5517.77858 16.144 0.004
5521.76643 16.588 0.007
5522.76486 16.216 0.005
5523.72519 16.380 0.005
5524.73457 16.619 0.005
5525.70053 16.050 0.004
5526.73735 16.469 0.004
5527.79838 16.626 0.005
5528.67277 16.149 0.004
5529.65319 16.513 0.005
5530.73133 16.492 0.005
5531.81439 16.348 0.004
5532.72339 16.586 0.005
5533.74329 16.076 0.004
5534.77672 16.422 0.005
5535.67750 16.631 0.005
5536.75604 16.112 0.004
5539.76484 16.260 0.004
5546.73189 16.642 0.005
5547.79097 16.189 0.004
5548.76276 16.535 0.005
5549.78289 16.472 0.005
5550.80494 16.327 0.005
5553.68215 16.385 0.005
5556.72351 16.486 0.005
5557.70541 16.620 0.005
5558.70493 16.218 0.004
5559.74830 16.552 0.005
5560.71516 16.401 0.004
5561.64960 16.314 0.005
5562.77217 16.603 0.005
5563.70166 16.054 0.004
5565.70818 16.639 0.006
5566.73775 16.158 0.004
5582.72672 16.055 0.004
5589.67440 16.575 0.005
5592.69380 16.614 0.005
5596.66567 16.160 0.004
5598.64676 16.555 0.005
5614.61298 16.632 0.005
5619.60493 16.564 0.004
5622.60335 16.615 0.005
5623.56606 16.043 0.004
5625.55920 16.630 0.005
5627.62914 16.540 0.005
5629.56923 16.289 0.004
5633.55590 16.619 0.005
5647.55089 16.582 0.005
5650.54660 16.240 0.004
5652.54806 16.616 0.005
5656.51594 16.180 0.004
5659.54553 16.320 0.004
5670.49899 16.359 0.006
5674.52538 16.641 0.005
5679.51463 16.583 0.005
5685.51011 16.641 0.005
5693.47074 16.638 0.005
5825.84097 16.481 0.004
5843.88511 16.049 0.004
5854.79253 16.068 0.004
5863.75565 16.418 0.004
5867.77276 16.593 0.004
5875.74225 16.645 0.005
5880.80836 16.595 0.005
5883.79842 16.637 0.005
5886.81655 16.593 0.005
5892.77941 16.048 0.004
5897.76797 16.533 0.004
5910.73460 16.598 0.005
5924.73132 16.639 0.004
5932.69514 16.626 0.005
5940.72518 16.605 0.005
5952.73559 16.085 0.004
5961.67449 16.426 0.004
5970.63092 16.621 0.004
5972.70798 16.479 0.004
6006.54165 16.532 0.004
6013.58116 16.505 0.004
6020.55491 16.046 0.004
6193.89268 16.629 0.005
6214.88686 16.516 0.007
6215.86665 16.570 0.005
6226.85522 16.464 0.005
6229.85594 16.066 0.004
6236.82964 16.563 0.004
6292.78691 16.182 0.004
6317.65928 16.356 0.004
6333.65278 16.221 0.004
6334.63464 16.550 0.004
6344.61934 16.260 0.004
6351.60952 16.627 0.005
6352.61746 16.173 0.004
6353.63148 16.545 0.005
6354.59589 16.520 0.004
6355.58492 16.288 0.004
6356.66961 16.595 0.004
6357.64742 16.084 0.004
6358.54488 16.401 0.004
6368.55428 16.055 0.004
6369.56153 16.441 0.004
6370.54261 16.631 0.005
6371.54508 16.119 0.004
6373.53858 16.596 0.004
6374.53569 16.264 0.004
6375.52598 16.569 0.005
6376.55020 16.238 0.004
6378.52460 16.620 0.005
6379.53843 16.071 0.004
6380.54935 16.470 0.005
6381.55124 16.637 0.005
6382.54253 16.192 0.004
6599.76807 16.055 0.004
6600.72579 16.447 0.004
6601.83350 16.635 0.004
6602.83933 16.211 0.004
6603.80611 16.550 0.004
6604.77171 16.505 0.004
6604.85932 16.390 0.004
6605.85769 16.346 0.004
6607.83396 16.051 0.004
6608.85338 16.444 0.004
6610.86003 16.141 0.004
6622.76322 16.523 0.005
6623.75548 16.545 0.004
6624.82304 16.308 0.004
6625.81736 16.587 0.004
6627.78045 16.408 0.004
6628.77472 16.629 0.004
6631.85885 16.572 0.006
6632.73663 16.210 0.004
6633.72486 16.547 0.004
6635.75436 16.341 0.004
6636.73624 16.590 0.004
6637.75665 16.044 0.004
6638.71767 16.429 0.004
6639.73363 16.639 0.005
6640.76639 16.149 0.004
6641.71943 16.508 0.005
6643.76285 16.270 0.005
6644.75434 16.572 0.005
6645.71568 16.289 0.004
6646.78735 16.401 0.004
6647.71170 16.621 0.004
6648.74155 16.051 0.004
6649.69767 16.462 0.004
6650.71459 16.634 0.004
6651.67257 16.151 0.004
6653.72834 16.492 0.004
6654.74543 16.316 0.004
6655.74264 16.587 0.004
6657.75522 16.427 0.004
6658.75341 16.634 0.004
6672.75538 16.492 0.005
6673.70942 16.294 0.005
6674.78167 16.605 0.006
6675.70647 16.161 0.004
6676.73360 16.398 0.004
6677.71472 16.626 0.005
6678.70443 16.072 0.004
6679.76214 16.499 0.004
6680.68245 16.621 0.004
6681.70016 16.222 0.004
6682.62534 16.548 0.004
6692.71362 16.286 0.004
6693.65943 16.570 0.004
6694.70315 16.212 0.004
6695.64810 16.356 0.004
6696.63575 16.599 0.004
6697.69384 16.063 0.004
6698.69408 16.487 0.005
6700.56784 16.134 0.004
6701.67490 16.533 0.005
6702.54442 16.586 0.006
6721.65573 16.539 0.004
6722.64950 16.285 0.004
6723.65266 16.598 0.004
6724.66221 16.157 0.004
6725.67156 16.409 0.004
6726.65594 16.614 0.005
6727.64297 16.070 0.004
6728.66464 16.493 0.004
6729.65810 16.625 0.005
6730.65450 16.202 0.005
6761.51218 16.549 0.004
6762.49889 16.485 0.005
6763.48337 16.317 0.004
6764.49662 16.596 0.005
6765.48678 16.107 0.004
6766.47515 16.413 0.004
6767.46569 16.622 0.005
6768.46769 16.094 0.004
6769.46886 16.497 0.004
6770.46686 16.617 0.004
6771.46124 16.229 0.004
6771.46930 16.236 0.004
6772.46767 16.550 0.005
6773.46619 16.375 0.004
6997.80008 16.481 0.006
7007.75128 16.085 0.004
7024.67608 16.383 0.005
7025.62481 16.613 0.006
7026.66795 16.057 0.004
7027.64235 16.453 0.006
7028.67487 16.637 0.006
7029.67514 16.182 0.004
7030.74198 16.552 0.005
7031.72932 16.429 0.005
7032.73108 16.330 0.005
7033.72674 16.606 0.005
7034.78470 16.046 0.004
7035.65977 16.410 0.004
7036.70892 16.632 0.005
7037.65912 16.090 0.004
7038.65207 16.489 0.004
7039.65246 16.614 0.005
7040.71020 16.265 0.004
7041.70877 16.560 0.005
7049.63443 16.512 0.004
7050.68147 16.529 0.004
7051.67907 16.298 0.004
7137.49650 16.630 0.005
7332.74685 16.585 0.005
7366.72384 16.130 0.004
