5260.65957 16.028 0.005
5267.58314 16.088 0.005
5446.91815 15.983 0.005
5459.83597 16.261 0.004
5477.76899 16.265 0.004
5485.80179 16.274 0.005
5492.80569 15.966 0.004
5493.82817 16.261 0.006
5494.80475 15.986 0.005
5495.76190 16.260 0.005
5497.85791 16.250 0.005
5499.76516 16.286 0.005
5502.85632 15.995 0.004
5503.79358 16.257 0.004
5505.76030 16.268 0.004
5507.79578 16.242 0.004
5509.76198 16.271 0.004
5510.79597 16.004 0.004
5511.80606 16.263 0.005
5512.81494 15.979 0.004
5514.81718 15.984 0.004
5515.79436 16.261 0.005
5516.81975 16.005 0.004
5517.78078 16.257 0.005
5521.76864 16.267 0.006
5522.76706 15.962 0.005
5523.72738 16.252 0.005
5524.73678 15.983 0.004
5525.70272 16.257 0.005
5526.73953 16.010 0.004
5527.80058 16.243 0.005
5528.67496 15.946 0.004
5529.65538 16.281 0.005
5530.73352 15.987 0.004
5531.81659 16.258 0.004
5532.72558 15.976 0.004
5533.74548 16.256 0.005
5534.77892 16.001 0.004
5535.67971 16.258 0.005
5536.75827 15.998 0.004
5539.76703 16.271 0.005
5546.73411 15.994 0.004
5547.79317 16.261 0.005
5548.76495 15.983 0.004
5549.78511 16.237 0.005
5550.80713 16.013 0.005
5553.68434 16.249 0.006
5556.72571 15.980 0.004
5557.70759 16.262 0.005
5558.70713 15.970 0.004
5559.75050 16.251 0.005
5561.65181 16.268 0.005
5562.77438 15.994 0.004
5563.70387 16.279 0.005
5565.71040 16.260 0.005
5566.73995 15.997 0.004
5582.72890 15.994 0.005
5589.67657 16.259 0.005
5592.69597 15.993 0.004
5596.66782 15.980 0.004
5598.64893 15.972 0.004
5614.61509 15.991 0.004
5619.60705 16.263 0.004
5622.60546 15.971 0.004
5623.56815 16.282 0.004
5625.56129 16.260 0.005
5627.63124 16.244 0.005
5629.57132 16.264 0.005
5633.55797 16.270 0.005
5647.55292 16.263 0.005
5650.54864 15.993 0.004
5652.55008 15.977 0.004
5656.51796 15.989 0.004
5659.54757 16.269 0.005
5670.50101 15.984 0.005
5674.52737 15.980 0.004
5679.51660 16.267 0.005
5685.51210 16.269 0.004
5693.47271 16.249 0.005
5825.84308 15.993 0.004
5843.88726 15.961 0.004
5854.79544 16.198 0.004
5863.75821 15.999 0.004
5867.77492 15.956 0.004
5875.74444 15.975 0.004
5880.81056 16.203 0.005
5883.80062 15.992 0.004
5886.81874 16.209 0.005
5892.78162 16.204 0.004
5897.77018 15.970 0.004
5910.73680 16.203 0.004
5924.73350 16.219 0.004
5932.69733 16.193 0.005
5940.72735 16.219 0.004
5952.73776 16.227 0.004
5961.67663 15.979 0.004
5970.63305 16.226 0.004
5972.71011 16.234 0.004
5994.53416 16.173 0.006
5994.67369 16.221 0.005
5995.52897 15.971 0.004
5995.67303 15.947 0.005
5996.51279 16.187 0.004
5996.65647 16.210 0.006
5997.51132 16.018 0.004
5997.66473 15.953 0.004
5998.54367 16.189 0.004
5998.66807 16.234 0.005
5999.53890 15.987 0.004
5999.66103 15.973 0.004
6000.49175 16.156 0.005
6000.65559 16.237 0.004
6001.49642 16.021 0.004
6001.61660 16.002 0.004
6006.54369 16.216 0.004
6013.58322 15.969 0.004
6020.55695 16.197 0.004
6193.89478 16.086 0.004
6226.85738 16.139 0.004
6229.85812 16.086 0.004
6236.83182 16.140 0.004
6292.78911 16.115 0.004
6317.66143 16.092 0.004
6333.65492 16.103 0.004
6344.62146 16.131 0.004
6592.83432 15.976 0.004
6600.74469 15.998 0.004
6685.59638 16.279 0.004
6687.69604 16.268 0.004
6688.62904 15.969 0.004
6689.65282 16.274 0.004
6690.65529 15.984 0.004
6691.67804 16.268 0.004
6692.69787 15.982 0.004
6693.64409 16.272 0.004
6694.68977 15.988 0.004
6695.63489 16.262 0.004
6696.62245 15.967 0.004
6697.68051 16.259 0.004
6698.68090 15.960 0.004
6699.52519 16.259 0.004
6700.55428 15.954 0.004
6700.67819 15.982 0.004
6701.54620 16.248 0.004
6701.68172 16.255 0.004
6702.55196 15.954 0.004
6703.56258 16.264 0.005
6704.56320 15.978 0.004
6704.70883 15.968 0.004
6705.55212 16.257 0.004
6706.63145 15.983 0.004
6707.64413 16.256 0.004
6708.63181 15.973 0.004
6709.62621 16.282 0.004
6710.63554 15.989 0.004
6711.62247 16.274 0.004
6712.57312 15.957 0.004
6997.80230 15.958 0.004
7007.75349 15.990 0.004
7063.65587 15.989 0.004
7064.71928 16.222 0.004
7065.70435 15.993 0.004
7066.70004 16.197 0.004
7067.69589 15.984 0.004
7068.67172 16.190 0.004
7069.68134 16.017 0.004
7070.71694 16.213 0.004
7071.72318 15.989 0.004
7072.70390 16.213 0.004
7075.64953 15.994 0.004
7076.65465 16.201 0.004
7077.63346 16.001 0.004
7078.63331 16.184 0.004
7110.50625 16.152 0.004
7111.52920 16.027 0.004
7112.52721 16.182 0.005
7113.52238 16.013 0.004
7114.53109 16.183 0.004
7115.52542 16.002 0.004
7116.51354 16.169 0.005
7117.54233 16.013 0.004
7118.51542 16.177 0.004
7119.50233 16.043 0.004
7137.49852 16.008 0.004
7332.74904 16.217 0.004
7366.72606 16.210 0.004
