5260.65749 16.685 0.006
5267.58105 16.435 0.005
5446.91607 16.405 0.005
5459.83386 16.803 0.006
5477.76685 16.133 0.004
5485.79965 16.623 0.005
5492.80353 16.668 0.006
5493.82602 16.842 0.007
5494.80259 16.181 0.005
5495.75973 16.549 0.005
5497.85575 16.143 0.005
5499.76300 16.712 0.005
5502.85413 16.651 0.005
5503.79141 16.819 0.005
5505.75811 16.518 0.005
5507.79360 16.448 0.005
5509.75978 16.678 0.005
5510.79378 16.832 0.005
5511.80389 16.227 0.004
5512.81274 16.600 0.005
5514.81501 16.117 0.004
5515.79216 16.468 0.005
5516.81754 16.725 0.005
5517.77858 16.692 0.005
5521.76643 16.132 0.005
5522.76486 16.542 0.006
5523.72519 16.752 0.007
5524.73457 16.399 0.005
5525.70053 16.384 0.005
5526.73735 16.689 0.005
5527.79838 16.803 0.006
5528.67277 16.209 0.004
5529.65319 16.580 0.005
5530.73133 16.794 0.006
5531.81439 16.101 0.004
5532.72339 16.480 0.004
5533.74329 16.737 0.005
5534.77672 16.579 0.005
5535.67750 16.319 0.004
5536.75604 16.662 0.005
5539.76484 16.574 0.005
5546.73189 16.618 0.005
5547.79097 16.817 0.005
5548.76276 16.107 0.004
5549.78289 16.522 0.005
5550.80494 16.751 0.006
5553.68215 16.664 0.007
5556.72351 16.574 0.005
5557.70541 16.778 0.006
5558.70493 16.191 0.005
5559.74830 16.467 0.005
5560.71516 16.714 0.005
5561.64960 16.791 0.006
5562.77217 16.324 0.004
5563.70166 16.636 0.005
5565.70818 16.120 0.005
5566.73775 16.538 0.004
5582.72672 16.169 0.005
5589.67440 16.255 0.004
5592.69380 16.094 0.004
5596.66567 16.342 0.004
5598.64676 16.834 0.005
5614.61298 16.670 0.005
5619.60493 16.190 0.004
5622.60335 16.759 0.005
5623.56606 16.283 0.004
5625.55920 16.815 0.005
5627.62914 16.531 0.005
5629.56923 16.475 0.005
5633.55590 16.208 0.004
5647.55089 16.406 0.005
5650.54660 16.241 0.004
5652.54806 16.793 0.005
5656.51594 16.670 0.005
5659.54553 16.842 0.005
5670.49899 16.092 0.005
5674.52538 16.369 0.004
5679.51463 16.787 0.005
5685.51011 16.642 0.005
5693.47074 16.843 0.006
5825.84097 16.407 0.004
5843.88511 16.451 0.005
5854.79253 16.665 0.005
5863.75565 16.273 0.004
5867.77276 16.512 0.004
5875.74225 16.768 0.006
5880.80836 16.331 0.005
5883.79842 16.147 0.004
5886.81655 16.283 0.005
5892.77941 16.807 0.005
5897.76797 16.350 0.004
5910.73460 16.097 0.004
5924.73132 16.311 0.004
5932.69514 16.675 0.005
5940.72518 16.651 0.005
5952.73559 16.638 0.005
5961.67449 16.169 0.004
5970.63092 16.814 0.005
5972.70798 16.531 0.004
6006.54165 16.543 0.004
6013.58116 16.619 0.005
6020.55491 16.672 0.005
6193.89268 16.808 0.005
6214.88686 16.470 0.007
6215.86665 16.383 0.004
6226.85522 16.645 0.005
6229.85594 16.536 0.005
6236.82964 16.604 0.005
6292.78691 16.333 0.004
6317.65928 16.481 0.005
6333.65278 16.106 0.004
6334.63464 16.515 0.004
6344.61934 16.449 0.004
6351.60952 16.530 0.005
6352.61746 16.762 0.005
6353.63148 16.405 0.004
6354.59589 16.380 0.004
6355.58492 16.684 0.004
6356.66961 16.816 0.005
6357.64742 16.247 0.004
6358.54488 16.578 0.004
6368.55428 16.541 0.004
6369.56153 16.772 0.005
6370.54261 16.414 0.004
6371.54508 16.398 0.004
6373.53858 16.838 0.005
6374.53569 16.245 0.004
6375.52598 16.592 0.005
6376.55020 16.806 0.006
6378.52460 16.459 0.005
6379.53843 16.725 0.006
6380.54935 16.646 0.005
6381.55124 16.332 0.004
6382.54253 16.662 0.005
6599.76807 16.775 0.005
6600.72579 16.243 0.004
6601.83350 16.488 0.004
6602.83933 16.743 0.005
6603.80611 16.697 0.005
6604.77171 16.316 0.004
6604.85932 16.347 0.004
6605.85769 16.660 0.004
6607.83396 16.163 0.004
6608.85338 16.572 0.004
6610.86003 16.271 0.004
6622.76322 16.666 0.005
6623.75548 16.841 0.005
6624.82304 16.197 0.004
6625.81736 16.575 0.004
6627.78045 16.236 0.004
6628.77472 16.441 0.004
6631.85885 16.326 0.005
6632.73663 16.625 0.004
6633.72486 16.813 0.004
6635.75436 16.521 0.004
6636.73624 16.751 0.004
6637.75665 16.533 0.004
6638.71767 16.362 0.004
6639.73363 16.674 0.005
6640.76639 16.833 0.005
6641.71943 16.185 0.004
6643.76285 16.791 0.007
6644.75434 16.175 0.004
6645.71568 16.460 0.004
6646.78735 16.743 0.005
6647.71170 16.771 0.005
6648.74155 16.301 0.004
6649.69767 16.642 0.004
6650.71459 16.823 0.004
6651.67257 16.104 0.004
6653.72834 16.765 0.005
6654.74543 16.396 0.004
6655.74264 16.416 0.004
6657.75522 16.834 0.005
6658.75341 16.245 0.004
6672.75538 16.426 0.005
6673.70942 16.696 0.006
6674.78167 16.773 0.006
6675.70647 16.253 0.004
6676.73360 16.617 0.005
6677.71472 16.816 0.005
6678.70443 16.100 0.004
6679.76214 16.521 0.004
6680.68245 16.739 0.004
6681.70016 16.590 0.004
6682.62534 16.320 0.004
6692.71362 16.295 0.004
6693.65943 16.624 0.004
6694.70315 16.818 0.004
6695.64810 16.094 0.004
6696.63575 16.504 0.004
6697.69384 16.753 0.004
6698.69408 16.456 0.005
6700.56784 16.669 0.005
6701.67490 16.843 0.006
6702.54442 16.160 0.005
6721.65573 16.826 0.005
6722.64950 16.097 0.004
6723.65266 16.495 0.004
6724.66221 16.747 0.005
6725.67156 16.607 0.004
6726.65594 16.319 0.004
6727.64297 16.656 0.005
6728.66464 16.842 0.005
6729.65810 16.194 0.004
6730.65450 16.583 0.006
6761.51218 16.651 0.005
6762.49889 16.821 0.006
6763.48337 16.163 0.004
6764.49662 16.574 0.005
6765.48678 16.776 0.005
6766.47515 16.275 0.004
6767.46569 16.428 0.004
6768.46769 16.703 0.005
6769.46886 16.786 0.005
6770.46686 16.278 0.004
6771.46124 16.603 0.005
6771.46930 16.627 0.004
6772.46767 16.793 0.006
6773.46619 16.094 0.004
6997.80008 16.516 0.006
7007.75128 16.461 0.005
7024.67608 16.460 0.005
7025.62481 16.716 0.006
7026.66795 16.740 0.006
7027.64235 16.281 0.005
7028.67487 16.639 0.006
7029.67514 16.821 0.006
7030.74198 16.155 0.004
7031.72932 16.560 0.005
7032.73108 16.778 0.006
7033.72674 16.307 0.004
7034.78470 16.443 0.005
7035.65977 16.689 0.005
7036.70892 16.815 0.006
7037.65912 16.242 0.004
7038.65207 16.609 0.005
7039.65246 16.799 0.005
7040.71020 16.099 0.004
7041.70877 16.500 0.005
7049.63443 16.758 0.005
7050.68147 16.246 0.004
7051.67907 16.433 0.004
7137.49650 16.753 0.005
7332.74685 16.528 0.004
7366.72384 16.578 0.005
