5276.53154 14.904 0.004
5293.60014 14.914 0.004
5447.90201 14.963 0.004
5458.88689 14.909 0.004
5473.87974 14.970 0.004
5484.84444 14.908 0.004
5488.81684 14.991 0.004
5515.82419 15.009 0.004
5556.82315 14.916 0.004
5587.67016 14.974 0.004
5617.70494 14.904 0.004
5693.53090 14.936 0.004
5837.83425 14.948 0.004
5864.81831 14.957 0.004
5875.86141 15.006 0.004
5881.85715 14.951 0.004
5891.81419 15.000 0.004
5897.80067 14.906 0.004
5900.77097 15.001 0.004
5924.85033 14.930 0.004
5932.84467 14.914 0.004
5946.72349 14.984 0.004
5956.78132 14.930 0.004
5962.75977 15.007 0.004
5970.69912 14.996 0.004
5974.72908 14.903 0.004
5986.70941 14.944 0.004
5999.69032 14.957 0.004
6023.60253 14.982 0.004
6231.84715 14.940 0.004
6267.83128 14.980 0.004
6633.79568 14.915 0.004
6708.63646 14.962 0.004
6709.63083 14.936 0.004
6710.64019 14.898 0.004
6711.62714 14.907 0.004
6712.57777 14.903 0.004
6713.60562 14.940 0.004
6714.66227 14.980 0.004
6715.56213 15.013 0.004
6716.61465 15.003 0.004
6717.62330 14.967 0.004
6718.67013 14.927 0.004
6719.65117 14.887 0.004
6721.63349 14.900 0.004
6722.64278 14.948 0.004
6723.64813 14.983 0.004
6724.65784 14.999 0.004
6725.66640 14.971 0.004
6726.62950 14.952 0.004
6727.63839 14.905 0.004
6728.66004 14.872 0.004
6729.65352 14.882 0.004
6730.64757 14.897 0.004
6731.67124 14.931 0.004
6732.65027 14.993 0.004
6733.64849 14.976 0.004
6734.62443 14.959 0.004
6735.63515 14.922 0.004
6736.59283 14.928 0.004
6737.60116 14.881 0.004
6738.70393 14.893 0.004
6739.59702 14.930 0.004
6741.55194 15.000 0.004
7035.66440 14.906 0.004
7036.71357 14.923 0.004
7037.66168 14.959 0.004
7038.65462 14.991 0.004
7039.65503 15.014 0.004
7040.71275 15.013 0.004
7041.71575 14.967 0.004
7042.70076 14.928 0.004
7043.69960 14.910 0.004
7044.70484 14.900 0.004
7045.70275 14.922 0.004
7046.70994 14.960 0.004
7047.72534 14.995 0.004
7048.73788 15.016 0.004
7049.69876 14.994 0.004
7050.70315 14.947 0.004
7052.72292 14.898 0.004
7053.68773 14.899 0.004
7054.55276 14.910 0.004
7054.72051 14.932 0.004
7054.76845 14.919 0.004
7055.54912 14.944 0.004
7055.61575 14.967 0.004
7055.68061 14.961 0.004
7055.74528 14.958 0.004
7056.55408 14.983 0.004
7056.63194 14.992 0.004
7056.69316 14.995 0.004
7056.75369 14.984 0.004
7057.55396 15.007 0.004
7057.60133 14.985 0.004
7057.68065 15.000 0.004
7057.75068 14.996 0.004
7058.55032 14.993 0.004
7058.69330 14.975 0.004
7058.75819 14.989 0.004
7059.58402 14.939 0.004
7059.66205 14.936 0.004
7059.75635 14.930 0.004
7060.57837 14.901 0.004
7060.66630 14.899 0.004
7060.73712 14.912 0.004
7061.56359 14.890 0.004
7061.69465 14.882 0.004
7061.74228 14.890 0.004
7062.54688 14.899 0.004
7062.68612 14.905 0.004
7062.73739 14.911 0.004
7063.64431 14.936 0.004
7063.69894 14.936 0.004
7063.72352 14.936 0.004
7064.55304 14.969 0.004
7064.66873 14.974 0.004
7064.74353 14.984 0.004
7065.53574 14.995 0.004
7065.65753 15.004 0.004
7065.73176 15.004 0.004
7066.57669 14.996 0.004
7066.64941 15.013 0.004
7066.73350 15.014 0.004
7067.59042 14.982 0.004
7067.67113 14.973 0.004
7067.73071 14.968 0.004
7068.54195 14.934 0.004
7068.70432 14.932 0.004
7069.54243 14.900 0.004
7069.71303 14.910 0.004
7069.71972 14.908 0.004
7070.53515 14.904 0.004
7070.71245 14.915 0.004
7071.58462 14.907 0.004
7071.71864 14.915 0.004
7072.55774 14.947 0.004
7072.71458 14.946 0.004
7074.65205 15.007 0.004
7075.64508 15.000 0.004
7076.64946 14.964 0.004
7077.62881 14.922 0.004
7080.56901 14.913 0.004
7083.57874 15.006 0.004
7088.65405 14.897 0.004
