5275.53545 15.254 0.004
5286.49281 15.238 0.004
5446.88976 15.266 0.004
5459.82334 15.141 0.004
5476.80978 14.938 0.004
5485.74359 15.156 0.004
5492.79552 14.923 0.004
5493.81796 15.175 0.004
5494.79455 15.291 0.004
5495.75168 15.134 0.004
5497.84771 15.177 0.004
5499.75496 15.148 0.004
5502.84607 15.265 0.004
5503.78340 15.129 0.004
5505.75010 15.162 0.004
5507.78556 15.130 0.004
5509.75175 15.164 0.004
5510.78573 15.283 0.004
5511.79584 15.125 0.004
5512.80468 14.939 0.004
5514.80695 15.291 0.004
5515.78409 15.135 0.004
5516.80948 14.963 0.004
5517.77054 15.175 0.004
5521.75836 15.181 0.004
5522.75681 15.275 0.004
5523.71710 15.152 0.004
5524.72648 14.943 0.004
5525.69248 15.149 0.004
5526.72926 15.271 0.004
5527.79027 15.106 0.004
5528.66469 14.946 0.004
5529.64511 15.152 0.004
5530.72322 15.288 0.004
5531.80630 15.114 0.004
5532.71528 14.941 0.004
5533.73519 15.181 0.004
5534.76864 15.295 0.004
5535.66940 15.150 0.004
5536.74794 14.942 0.004
5539.75672 15.129 0.004
5546.72372 15.287 0.004
5547.78282 15.111 0.004
5548.75460 14.960 0.004
5549.77471 15.184 0.004
5550.79680 15.269 0.004
5553.67396 15.174 0.004
5556.71528 14.952 0.004
5557.69721 15.180 0.004
5558.69671 15.308 0.004
5559.74007 15.144 0.004
5560.70692 14.938 0.004
5561.64139 15.157 0.004
5562.76393 15.305 0.004
5563.69342 15.151 0.004
5565.69992 15.172 0.004
5566.72947 15.272 0.004
5582.71838 15.291 0.004
5589.66602 15.181 0.004
5592.68540 14.952 0.004
5596.65725 14.944 0.004
5598.63833 15.286 0.004
5614.60338 15.290 0.004
5619.59604 15.145 0.004
5622.59479 15.293 0.004
5623.55747 15.138 0.004
5625.55065 15.151 0.004
5627.62058 15.151 0.004
5629.56059 15.154 0.004
5633.54730 15.143 0.004
5647.54223 15.152 0.004
5650.53793 15.293 0.004
5652.53938 14.938 0.004
5656.50726 14.929 0.004
5659.53686 15.152 0.004
5670.49028 15.265 0.004
5674.51611 15.292 0.004
5679.50593 15.140 0.004
5685.50032 15.164 0.004
5693.46206 15.162 0.004
5825.83287 15.260 0.004
5843.87704 14.958 0.004
5854.78368 15.234 0.004
5863.74761 14.975 0.004
5867.76425 14.975 0.004
5875.73230 14.987 0.004
5880.80032 15.091 0.004
5883.79035 14.961 0.004
5886.75643 15.241 0.004
5892.77100 15.089 0.004
5897.75985 15.265 0.004
5910.72648 15.220 0.004
5924.72310 15.074 0.004
5931.69117 14.968 0.004
5932.68684 15.075 0.004
5940.71594 15.081 0.004
5952.72723 15.095 0.004
5961.66606 15.255 0.004
5970.62245 15.223 0.004
5972.69948 15.096 0.004
6006.53269 15.233 0.004
6013.57253 15.274 0.004
6020.54624 15.093 0.004
6193.88418 15.285 0.004
6194.90074 15.080 0.004
6226.84718 15.080 0.004
6229.84791 15.258 0.004
6236.82161 15.204 0.004
6292.77864 15.205 0.004
6317.65038 15.268 0.004
6333.64431 15.262 0.004
6344.61080 15.176 0.004
6600.73654 15.265 0.004
6997.79195 14.967 0.004
7001.66333 15.017 0.004
7002.69706 15.049 0.004
7003.80368 15.257 0.004
7004.74753 15.230 0.004
7005.69569 14.989 0.004
7006.72529 15.065 0.004
7007.77334 15.247 0.004
7008.72431 15.227 0.004
7009.73797 14.979 0.004
7010.67925 15.050 0.004
7011.72475 15.249 0.004
7012.74762 15.228 0.004
7013.65899 15.017 0.004
7014.67572 15.057 0.004
7098.56028 15.061 0.004
7099.60842 15.256 0.004
7100.57023 15.230 0.004
7102.53330 15.063 0.004
7103.54753 15.236 0.004
7137.48778 14.997 0.004
7332.73828 15.091 0.004
7366.71569 15.192 0.004
