5260.65749 15.611 0.004
5267.58105 15.505 0.004
5446.91607 16.085 0.004
5459.83386 15.751 0.004
5477.76685 15.930 0.004
5485.79965 16.135 0.005
5492.80353 16.199 0.005
5493.82602 15.234 0.004
5494.80259 15.737 0.004
5495.75973 16.051 0.004
5497.85575 15.603 0.004
5499.76300 16.143 0.004
5502.85413 16.058 0.004
5503.79141 16.070 0.004
5505.75811 15.965 0.004
5507.79360 15.255 0.004
5509.75978 16.063 0.004
5510.79378 16.105 0.004
5511.80389 15.575 0.004
5512.81274 15.921 0.004
5514.81501 15.310 0.004
5515.79216 15.821 0.004
5516.81754 16.032 0.004
5517.77858 16.043 0.004
5521.76643 15.212 0.004
5522.76486 15.769 0.004
5523.72519 16.093 0.005
5524.73457 16.124 0.004
5525.70053 15.543 0.004
5526.73735 15.932 0.004
5527.79838 16.173 0.004
5528.67277 15.310 0.004
5529.65319 15.790 0.004
5530.73133 15.996 0.004
5531.81439 15.946 0.004
5532.72339 15.568 0.004
5533.74329 16.018 0.004
5534.77672 16.230 0.005
5535.67750 15.237 0.004
5536.75604 15.783 0.004
5539.76484 15.564 0.004
5546.73189 15.606 0.004
5547.79097 16.056 0.004
5548.76276 16.183 0.004
5549.78289 15.313 0.004
5550.80494 15.826 0.004
5553.68215 15.534 0.004
5556.72351 15.328 0.004
5557.70541 15.821 0.004
5558.70493 16.002 0.004
5559.74830 15.905 0.004
5560.71516 15.614 0.004
5561.64960 16.022 0.005
5562.77217 16.173 0.004
5563.70166 15.271 0.004
5565.70818 16.170 0.005
5566.73775 15.912 0.004
5582.72672 15.991 0.004
5589.67440 16.074 0.004
5592.69380 15.855 0.004
5596.66567 15.980 0.004
5598.64676 15.366 0.004
5614.61298 16.060 0.004
5619.60493 15.355 0.004
5622.60335 15.796 0.004
5623.56606 15.593 0.004
5625.55920 16.234 0.004
5627.62914 15.808 0.004
5629.56923 15.838 0.004
5633.55590 15.349 0.004
5647.55089 15.378 0.004
5650.54660 15.697 0.004
5652.54806 16.015 0.004
5656.51594 16.096 0.004
5659.54553 16.032 0.004
5670.49899 16.099 0.005
5674.52538 16.145 0.004
5679.51463 15.652 0.004
5685.51011 15.561 0.004
5693.47074 15.666 0.004
5825.84097 15.580 0.004
5843.88511 15.877 0.004
5854.79253 15.964 0.004
5863.75565 15.295 0.004
5867.77276 15.593 0.004
5875.74225 16.028 0.004
5880.80836 15.752 0.004
5883.79842 16.219 0.005
5886.81655 16.053 0.004
5892.77941 15.859 0.004
5897.76797 16.211 0.004
5910.73460 15.993 0.004
5924.73132 16.017 0.004
5932.69514 16.124 0.004
5940.72518 15.491 0.004
5952.73559 16.061 0.004
5961.67449 15.461 0.004
5970.63092 16.123 0.004
5972.70798 15.765 0.004
6006.54165 15.381 0.004
6013.58116 15.333 0.004
6020.55491 15.287 0.004
6193.89268 16.171 0.004
6214.88686 16.067 0.006
6215.86665 15.416 0.004
6226.85522 15.525 0.004
6229.85594 15.356 0.004
6236.82964 15.359 0.004
6292.78691 15.249 0.004
6317.65928 15.547 0.004
6333.65278 16.153 0.004
6334.63464 15.246 0.004
6344.61934 16.091 0.004
6351.60952 16.147 0.004
6352.61746 15.492 0.004
6353.63148 15.952 0.004
6354.59589 16.186 0.004
6355.58492 15.318 0.004
6356.66961 15.798 0.004
6357.64742 16.032 0.004
6358.54488 16.129 0.004
6368.55428 16.197 0.004
6369.56153 15.315 0.004
6370.54261 15.775 0.004
6371.54508 16.026 0.004
6373.53858 15.579 0.004
6374.53569 15.993 0.004
6375.52598 16.123 0.004
6376.55020 15.263 0.004
6378.52460 16.098 0.004
6379.53843 16.077 0.004
6380.54935 15.516 0.004
6381.55124 15.962 0.004
6382.54253 16.215 0.004
6599.76807 15.303 0.004
6600.72579 15.758 0.004
6601.83350 16.027 0.004
6602.83933 16.023 0.004
6603.80611 15.580 0.004
6604.77171 15.999 0.004
6604.85932 16.017 0.004
6605.85769 16.202 0.004
6607.83396 15.787 0.004
6608.85338 16.092 0.004
6610.86003 15.576 0.004
6622.76322 16.133 0.004
6623.75548 16.123 0.004
6624.82304 15.552 0.004
6625.81736 15.966 0.004
6627.78045 15.316 0.004
6628.77472 15.823 0.004
6631.85885 15.671 0.004
6632.73663 15.975 0.004
6633.72486 16.159 0.004
6635.75436 15.798 0.004
6636.73624 16.090 0.004
6637.75665 16.065 0.004
6638.71767 15.544 0.004
6639.73363 15.951 0.004
6640.76639 16.198 0.004
6641.71943 15.320 0.004
6643.76285 16.001 0.004
6644.75434 15.962 0.004
6645.71568 15.593 0.004
6646.78735 16.037 0.004
6647.71170 16.149 0.004
6648.74155 15.299 0.004
6649.69767 15.773 0.004
6650.71459 16.091 0.004
6651.67257 16.141 0.004
6653.72834 15.973 0.004
6654.74543 16.206 0.004
6655.74264 15.349 0.004
6657.75522 16.073 0.004
6658.75341 15.824 0.004
6672.75538 15.794 0.004
6673.70942 15.644 0.004
6674.78167 16.102 0.004
6675.70647 16.123 0.004
6676.73360 15.346 0.004
6677.71472 15.837 0.004
6678.70443 16.137 0.004
6679.76214 15.719 0.004
6680.68245 15.568 0.004
6681.70016 15.992 0.004
6682.62534 16.226 0.004
6692.71362 16.163 0.004
6693.65943 15.858 0.004
6694.70315 15.625 0.004
6695.64810 15.988 0.004
6696.63575 16.218 0.004
6697.69384 15.407 0.004
6698.69408 15.791 0.004
6700.56784 16.001 0.004
6701.67490 15.665 0.004
6702.54442 16.070 0.005
6721.65573 15.602 0.004
6722.64950 15.642 0.004
6723.65266 16.022 0.004
6724.66221 16.267 0.004
6725.67156 15.445 0.004
6726.65594 15.771 0.004
6727.64297 16.097 0.004
6728.66464 15.583 0.004
6729.65810 15.712 0.004
6730.65450 16.003 0.005
6761.51218 15.855 0.004
6762.49889 16.156 0.004
6763.48337 15.707 0.004
6764.49662 15.644 0.004
6765.48678 16.026 0.004
6766.47515 16.260 0.004
6767.46569 15.385 0.004
6768.46769 15.799 0.004
6769.46886 16.095 0.004
6770.46686 15.747 0.004
6771.46124 15.663 0.004
6771.46930 15.679 0.004
6772.46767 15.927 0.004
6773.46619 16.125 0.004
6997.80008 15.455 0.004
7007.75128 15.594 0.004
7024.67608 16.241 0.005
7025.62481 15.386 0.004
7026.66795 15.836 0.004
7027.64235 16.088 0.005
7028.67487 15.669 0.004
7029.67514 15.698 0.004
7030.74198 16.014 0.004
7031.72932 16.157 0.004
7032.73108 15.455 0.004
7033.72674 15.907 0.004
7034.78470 16.264 0.005
7035.65977 15.599 0.004
7036.70892 15.669 0.004
7037.65912 16.028 0.004
7038.65207 16.212 0.004
7039.65246 15.434 0.004
7040.71020 15.853 0.004
7041.70877 16.124 0.004
7049.63443 15.560 0.004
7050.68147 15.679 0.004
7051.67907 16.024 0.004
7137.49650 15.481 0.004
7332.74685 15.429 0.004
7366.72384 16.223 0.004
