  2450728.86773   15.297    0.010
  2450729.85061   15.374    0.010
  2450739.83530   15.380    0.013
  2450742.84762   15.300    0.011
  2450744.82046   15.297    0.011
  2450745.83001   15.390    0.010
  2450746.86810   15.306    0.013
  2450747.68748   15.346    0.020
  2450748.66484   15.350    0.013
  2450751.77563   15.403    0.013
  2450752.83700   15.272    0.008
  2450759.74577   15.348    0.015
  2450760.80026   15.288    0.011
  2450762.82097   15.231    0.007
  2450769.83337   15.420    0.010
  2450773.82078   15.439    0.011
  2450779.78769   15.459    0.010
  2450781.80427   15.406    0.011
  2450783.81268   15.415    0.020
  2450788.81513   15.256    0.015
  2450790.82991   15.295    0.014
  2450795.78663   15.444    0.008
  2450798.78191   15.236    0.017
  2450816.83756   15.289    0.011
  2450817.78003   15.472    0.011
  2450824.72742   15.292    0.010
  2450826.69971   15.288    0.014
  2450827.67015   15.461    0.013
  2450828.72959   15.257    0.017
  2450831.61917   15.411    0.010
  2450832.74201   15.256    0.013
  2450834.72788   15.273    0.014
  2450835.69504   15.471    0.013
  2450836.66389   15.283    0.015
  2450837.64539   15.472    0.017
  2450838.77305   15.296    0.013
  2450839.64404   15.446    0.011
  2450840.76446   15.283    0.010
  2450842.67654   15.232    0.011
  2450845.64937   15.463    0.013
  2450850.72040   15.284    0.008
  2450854.75785   15.284    0.011
  2450855.74245   15.405    0.011
  2450857.70810   15.404    0.011
  2450859.73784   15.389    0.011
  2450867.60216   15.420    0.010
  2450876.58284   15.294    0.011
  2450876.68303   15.318    0.014
  2450880.60648   15.276    0.013
  2450890.67507   15.349    0.010
  2450892.56863   15.228    0.014
  2450895.61198   15.430    0.013
  2450898.58965   15.290    0.015
  2450922.50918   15.343    0.010
  2450933.53337   15.339    0.010
  2450951.49130   15.334    0.015
  2451078.81395   15.322    0.014
  2451080.86819   15.255    0.013
  2451081.81757   15.418    0.015
  2451083.88582   15.407    0.015
  2451084.79943   15.321    0.020
  2451086.81976   15.287    0.015
  2451089.78281   15.409    0.013
  2451090.80458   15.303    0.017
  2451091.86275   15.409    0.020
  2451092.86110   15.286    0.015
  2451102.86676   15.257    0.017
  2451107.84973   15.465    0.020
  2451116.80713   15.315    0.020
  2451126.70888   15.263    0.013
  2451129.80762   15.455    0.013
  2451131.81229   15.437    0.010
  2451132.80415   15.232    0.010
  2451134.81721   15.279    0.018
  2451142.75453   15.289    0.017
  2451151.84918   15.460    0.011
  2451153.72080   15.445    0.011
  2451159.74206   15.427    0.008
  2451161.80713   15.443    0.014
  2451163.80377   15.412    0.011
  2451165.80396   15.432    0.017
  2451167.73867   15.429    0.011
  2451168.74967   15.295    0.011
  2451171.71752   15.434    0.014
  2451181.72887   15.485    0.020
  2451183.76241   15.431    0.015
  2451185.81133   15.439    0.014
  2451189.75295   15.428    0.018
  2451191.81785   15.399    0.011
  2451192.84862   15.345    0.011
  2451194.66812   15.293    0.010
  2451196.68498   15.292    0.008
  2451202.69036   15.294    0.014
  2451204.67051   15.253    0.008
  2451207.68328   15.422    0.011
  2451211.69441   15.388    0.015
  2451213.72510   15.341    0.011
  2451215.55913   15.453    0.008
  2451216.62719   15.333    0.018
  2451217.69480   15.373    0.014
  2451219.63201   15.462    0.015
  2451221.60270   15.424    0.020
  2451223.69284   15.344    0.010
  2451226.58075   15.301    0.011
  2451227.58781   15.427    0.008
  2451232.67738   15.348    0.011
  2451235.57857   15.372    0.014
  2451238.66450   15.348    0.011
  2451241.56473   15.376    0.010
  2451242.63809   15.366    0.015
  2451243.60566   15.340    0.013
  2451245.55040   15.371    0.010
  2451247.68479   15.309    0.014
  2451248.65252   15.381    0.011
  2451254.56093   15.354    0.017
  2451255.59395   15.344    0.010
  2451258.59125   15.409    0.010
  2451260.61837   15.367    0.014
  2451266.60379   15.382    0.008
  2451268.52493   15.374    0.011
  2451275.54233   15.354    0.010
  2451278.52493   15.385    0.011
  2451281.53299   15.291    0.017
  2451290.50271   15.412    0.017
  2451296.59361   15.414    0.010
  2451300.53969   15.419    0.014
  2451305.51811   15.260    0.008
  2451308.54910   15.419    0.013
  2451315.50828   15.251    0.008
  2451318.49099   15.422    0.014
  2451320.53318   15.428    0.011
  2451331.49562   15.245    0.008
  2451435.88342   15.419    0.010
  2451437.87612   15.400    0.008
  2451441.85226   15.438    0.017
  2451448.87092   15.251    0.010
  2451460.78686   15.305    0.013
  2451461.74304   15.423    0.013
  2451471.75348   15.412    0.014
  2451475.84792   15.443    0.010
  2451478.77264   15.288    0.014
  2451481.83486   15.439    0.010
  2451484.83918   15.293    0.008
  2451487.83196   15.450    0.013
  2451493.71262   15.448    0.014
  2451495.75607   15.432    0.013
  2451498.67722   15.304    0.013
  2451500.81773   15.255    0.013
  2451503.70803   15.442    0.013
  2451507.71094   15.460    0.011
  2451508.82752   15.353    0.014
  2451509.68905   15.466    0.014
  2451511.73718   15.441    0.014
  2451512.77121   15.307    0.013
  2451514.78571   15.282    0.008
  2451516.83147   15.324    0.014
  2451518.70336   15.324    0.011
  2451520.72867   15.296    0.007
  2451522.72936   15.278    0.008
  2451523.72951   15.434    0.011
  2451525.70545   15.423    0.008
  2451527.77079   15.416    0.011
  2451528.69672   15.346    0.013
  2451529.82216   15.390    0.011
  2451531.71411   15.423    0.010
  2451538.67123   15.325    0.011
  2451541.62706   15.403    0.013
  2451542.78143   15.321    0.011
  2451544.68376   15.342    0.011
  2451546.70845   15.331    0.010
  2451547.71006   15.396    0.015
  2451548.68722   15.329    0.007
  2451551.71658   15.364    0.014
  2451552.64949   15.334    0.013
  2451553.67319   15.383    0.013
  2451554.65180   15.317    0.013
  2451555.67628   15.347    0.011
  2451556.65042   15.341    0.013
  2451560.64214   15.344    0.011
  2451564.56127   15.325    0.014
  2451575.66201   15.327    0.010
  2451582.64760   15.371    0.010
  2451585.63837   15.345    0.011
  2451588.64165   15.379    0.014
  2451595.59874   15.264    0.008
  2451599.66473   15.296    0.013
  2451600.63159   15.373    0.011
  2451601.62474   15.305    0.011
  2451602.69119   15.408    0.010
  2451604.62279   15.439    0.013
  2451606.57975   15.383    0.011
  2451609.53599   15.315    0.011
  2451611.61100   15.297    0.013
  2451613.59139   15.268    0.010
  2451616.52010   15.376    0.014
  2451618.66929   15.447    0.011
  2451619.55932   15.239    0.015
  2451621.55547   15.281    0.011
  2451623.65262   15.280    0.013
  2451625.63367   15.282    0.013
  2451627.60397   15.278    0.010
  2451628.54388   15.403    0.014
  2451631.51334   15.311    0.013
  2451633.62874   15.302    0.011
  2451635.51173   15.303    0.013
  2451653.50616   15.249    0.013
  2451655.55007   15.281    0.014
  2451657.55955   15.239    0.010
  2451659.57417   15.253    0.013
  2451662.54175   15.447    0.011
  2451664.56482   15.432    0.011
  2451672.50745   15.418    0.013
  2451687.50506   15.231    0.011
  2451695.49041   15.279    0.013
  2451773.92711   15.438    0.011
  2451782.85835   15.256    0.014
  2451788.86678   15.275    0.010
  2451804.86202   15.244    0.008
  2451811.88259   15.418    0.010
  2451815.85878   15.449    0.011
  2451822.74048   15.280    0.010
  2451829.88974   15.410    0.013
  2451844.79766   15.292    0.010
  2451850.77899   15.257    0.008
  2451854.83599   15.294    0.017
  2451858.78312   15.311    0.011
  2451860.82546   15.340    0.010
  2451863.79861   15.380    0.013
  2451866.74929   15.327    0.011
  2451868.73039   15.341    0.008
