2187.77900 16.262 0.011
2190.87843 16.212 0.008
2193.84740 16.253 0.008
2202.84714 16.318 0.009
2215.79991 16.250 0.009
2222.79976 16.157 0.009
2224.84735 16.325 0.010
2227.75822 16.173 0.008
2229.76396 16.314 0.009
2231.73249 16.293 0.009
2233.70069 16.173 0.008
2237.61991 16.189 0.010
2239.68096 16.230 0.009
2241.77258 16.347 0.009
2243.84287 16.240 0.009
2248.70239 16.233 0.008
2250.73386 16.187 0.008
2252.83093 16.324 0.010
2254.74894 16.224 0.008
2257.76644 16.323 0.008
2260.77605 16.195 0.009
2265.71447 16.215 0.008
2266.79444 16.171 0.009
2270.82595 16.282 0.008
2272.67812 16.196 0.009
2274.80444 16.341 0.010
2276.85980 16.265 0.009
2278.81881 16.190 0.009
2280.79851 16.325 0.009
2282.80233 16.216 0.009
2290.70255 16.334 0.009
2295.84040 16.224 0.008
2297.82721 16.331 0.008
2299.84362 16.201 0.009
2301.73776 16.325 0.009
2302.81294 16.337 0.011
2303.73573 16.279 0.010
2321.70610 16.161 0.009
2328.58312 16.318 0.010
2334.58123 16.336 0.010
2340.57289 16.321 0.009
2346.51357 16.287 0.010
2360.50854 16.236 0.010
2391.50957 16.236 0.010
2540.88719 16.331 0.010
2548.82415 16.192 0.009
2553.79082 16.233 0.010
2557.85622 16.333 0.010
2561.85426 16.255 0.009
2565.86242 16.165 0.009
2574.83381 16.304 0.010
2579.74272 16.315 0.010
2586.77476 16.236 0.009
2590.84806 16.336 0.009
2596.85509 16.311 0.010
2606.75136 16.343 0.009
2610.65337 16.265 0.010
2614.82222 16.213 0.008
2619.69886 16.223 0.009
2621.82613 16.170 0.008
2624.72330 16.250 0.009
2627.84579 16.194 0.011
2630.61548 16.205 0.010
2632.76636 16.187 0.008
2636.71622 16.188 0.008
2638.76050 16.248 0.009
2641.80885 16.266 0.009
2643.80344 16.158 0.009
2645.80401 16.154 0.010
2649.67683 16.284 0.009
2651.75658 16.299 0.009
2653.75331 16.185 0.009
2655.78779 16.288 0.009
2657.77996 16.297 0.009
2659.83294 16.180 0.011
2661.63405 16.332 0.008
2668.84537 16.312 0.010
2673.79082 16.325 0.010
2676.77114 16.150 0.009
2678.81707 16.341 0.009
2684.58867 16.275 0.009
2692.53682 16.211 0.009
2697.55176 16.158 0.008
2702.55336 16.174 0.009
2709.50409 16.271 0.009
2725.51274 16.193 0.009
2875.88145 16.169 0.009
2884.90347 16.312 0.010
2892.91231 16.155 0.011
2896.87829 16.255 0.009
2902.80928 16.203 0.008
2917.82140 16.298 0.009
2923.82409 16.278 0.009
2926.87652 16.219 0.009
2931.80523 16.178 0.009
2934.84541 16.304 0.010
2940.82567 16.254 0.008
2943.83047 16.288 0.009
2947.83864 16.167 0.009
2950.75500 16.297 0.009
2954.78093 16.306 0.010
2956.82117 16.303 0.009
2958.86568 16.169 0.010
2963.75709 16.171 0.010
2966.77734 16.342 0.008
2968.74601 16.220 0.008
2971.80801 16.323 0.009
2974.83105 16.204 0.008
2976.69102 16.329 0.009
2979.67488 16.191 0.009
2981.69546 16.278 0.012
2983.82734 16.341 0.010
2985.79440 16.182 0.008
2987.75094 16.308 0.009
2989.69112 16.274 0.009
2991.76499 16.167 0.008
2993.77114 16.335 0.009
2995.84640 16.288 0.009
2997.81757 16.156 0.008
2998.76297 16.289 0.009
3000.77157 16.306 0.009
3002.76310 16.163 0.008
3004.75604 16.328 0.009
3006.74925 16.252 0.008
3010.80996 16.345 0.009
3012.81549 16.244 0.012
3016.75996 16.336 0.009
3018.79061 16.210 0.008
3020.85424 16.207 0.009
3021.87914 16.319 0.011
3023.74049 16.225 0.008
3025.74368 16.209 0.008
3027.76225 16.333 0.009
3029.74665 16.190 0.008
3031.81866 16.220 0.009
3034.64376 16.212 0.008
3036.67400 16.243 0.008
3039.61603 16.235 0.008
3041.69887 16.160 0.009
3042.72393 16.286 0.009
3044.66299 16.283 0.009
3046.64915 16.146 0.008
3048.68233 16.334 0.008
3050.67910 16.266 0.008
3052.67556 16.171 0.008
3054.68110 16.326 0.010
3056.66890 16.223 0.008
3058.66218 16.231 0.008
3060.71165 16.347 0.009
3066.59937 16.267 0.010
3068.62760 16.164 0.009
3071.52589 16.295 0.009
3074.52556 16.233 0.009
3076.64466 16.324 0.010
3079.64201 16.165 0.008
3083.50912 16.221 0.008
3085.61289 16.168 0.008
3088.56908 16.278 0.009
3091.57343 16.251 0.009
3100.53162 16.195 0.010
3103.53928 16.348 0.009
3106.57167 16.167 0.008
3113.57378 16.243 0.009
3127.53171 16.246 0.008
3133.54740 16.221 0.009
3230.92207 16.164 0.008
3242.89642 16.274 0.008
3249.86338 16.316 0.009
3260.85531 16.326 0.009
3264.89724 16.264 0.008
3271.84566 16.327 0.009
3274.84896 16.164 0.008
3279.80257 16.169 0.008
3282.86817 16.339 0.008
3295.81155 16.200 0.007
3297.80298 16.282 0.007
3301.88237 16.181 0.010
3305.77326 16.253 0.008
3307.79808 16.147 0.009
3309.83454 16.348 0.008
3315.86755 16.336 0.009
3321.73461 16.292 0.008
3324.84252 16.174 0.007
3327.84877 16.294 0.008
3333.83234 16.250 0.009
3336.67430 16.345 0.009
3339.85620 16.230 0.009
3353.75778 16.318 0.008
3357.78539 16.192 0.008
3360.76326 16.274 0.008
3363.83782 16.206 0.008
3370.79509 16.322 0.009
3376.74718 16.316 0.008
3378.77232 16.185 0.008
3387.77023 16.319 0.010
3394.66123 16.197 0.008
3396.68225 16.281 0.008
3399.80947 16.291 0.010
3402.71951 16.322 0.008
3404.65108 16.262 0.008
3409.56790 16.267 0.008
3413.61112 16.331 0.008
3418.56307 16.332 0.009
3426.55458 16.261 0.008
3432.54047 16.194 0.007
3439.51655 16.215 0.008
3447.54204 16.309 0.010
3457.51903 16.322 0.009
3603.87300 16.321 0.008
3620.90929 16.300 0.008
3630.82035 16.340 0.011
3637.76285 16.274 0.010
3640.81692 16.253 0.008
3651.84936 16.238 0.008
3655.76567 16.167 0.007
3658.86156 16.336 0.009
3660.85889 16.217 0.008
3664.86848 16.322 0.008
3668.85233 16.298 0.009
3672.84101 16.175 0.008
3676.72775 16.223 0.008
3685.79761 16.341 0.008
3688.73176 16.165 0.007
3690.80654 16.302 0.008
3693.70819 16.205 0.008
3696.75061 16.330 0.008
3699.76356 16.182 0.007
3701.81671 16.270 0.008
3703.81537 16.310 0.008
3706.69095 16.295 0.007
3711.72617 16.199 0.008
3713.81406 16.333 0.009
3715.79054 16.223 0.008
3718.75945 16.322 0.009
3722.65438 16.228 0.008
3726.73656 16.207 0.009
3728.79884 16.195 0.008
3730.76862 16.315 0.008
3732.84412 16.225 0.008
3734.83698 16.237 0.008
3735.68534 16.321 0.008
3737.84390 16.263 0.007
3739.86255 16.167 0.008
3741.61625 16.296 0.008
3743.77279 16.196 0.008
3746.81518 16.345 0.008
3748.79390 16.243 0.009
3750.80870 16.184 0.009
3753.68176 16.233 0.008
3755.76338 16.148 0.008
3757.78282 16.342 0.008
3760.76247 16.169 0.008
3763.71543 16.326 0.006
3766.73219 16.160 0.008
3770.75965 16.237 0.009
3774.63310 16.299 0.009
3777.59162 16.216 0.008
3781.75826 16.245 0.009
3786.60833 16.224 0.009
3793.55802 16.174 0.007
3801.54800 16.315 0.008
3811.54059 16.298 0.009
3829.48002 16.281 0.010
3958.93370 16.300 0.010
3965.88324 16.182 0.007
3970.90339 16.227 0.008
3982.85388 16.168 0.008
3993.80700 16.167 0.009
4002.86741 16.313 0.008
4004.88568 16.171 0.007
4006.79519 16.347 0.008
4008.81622 16.265 0.007
4013.82779 16.299 0.009
4019.83055 16.292 0.008
4024.82207 16.315 0.008
4027.72427 16.264 0.008
4029.83706 16.330 0.008
4032.87182 16.171 0.008
4039.70400 16.338 0.008
4041.77773 16.263 0.008
4049.74597 16.240 0.007
4052.80750 16.296 0.008
4054.79429 16.173 0.008
4056.85277 16.343 0.008
4059.74742 16.171 0.008
4064.86113 16.235 0.008
4066.81759 16.250 0.008
4068.85243 16.333 0.008
4070.77487 16.171 0.008
4074.81364 16.301 0.008
4080.74220 16.255 0.008
4083.72888 16.336 0.010
4085.79243 16.300 0.009
4095.65381 16.311 0.008
4103.78427 16.191 0.008
4106.61500 16.320 0.010
4112.78935 16.314 0.008
4117.77190 16.343 0.009
4121.78826 16.207 0.008
4126.76338 16.173 0.008
4129.79697 16.313 0.008
4143.57391 16.327 0.009
4157.58069 16.210 0.010
4169.52894 16.158 0.009
4199.49840 16.337 0.010
4343.89085 16.247 0.009
4348.86357 16.189 0.009
4353.89112 16.153 0.009
4358.84327 16.174 0.010
4363.86007 16.215 0.010
4367.84828 16.325 0.009
4371.79777 16.323 0.010
4378.73715 16.293 0.010
4381.77274 16.218 0.010
4390.85226 16.280 0.009
4395.71909 16.260 0.010
4399.87771 16.322 0.011
4408.73159 16.162 0.010
4412.81502 16.272 0.010
4427.76655 16.354 0.010
4430.76987 16.148 0.009
4433.78735 16.319 0.011
4437.71397 16.337 0.010
4440.73357 16.211 0.009
4443.85115 16.287 0.011
4449.79294 16.332 0.010
4451.82854 16.257 0.010
4455.79822 16.318 0.009
4458.77688 16.162 0.008
4462.77092 16.242 0.008
4464.81649 16.181 0.008
4467.78761 16.276 0.008
4472.70352 16.274 0.008
4476.79060 16.319 0.008
4480.74098 16.167 0.006
4484.82046 16.257 0.008
4488.74131 16.315 0.010
4492.76058 16.265 0.009
4497.76446 16.183 0.008
4500.63750 16.241 0.008
4502.74737 16.159 0.010
4507.75141 16.173 0.009
4509.70209 16.328 0.009
4512.75090 16.234 0.007
4518.69975 16.175 0.010
4521.73722 16.340 0.011
4524.63683 16.184 0.008
4530.66292 16.217 0.008
4534.63144 16.176 0.009
4538.64684 16.290 0.009
4542.55418 16.318 0.011
