2167.86446 15.346 0.006
2167.88646 15.352 0.006
2190.82369 15.339 0.005
2190.84586 15.338 0.006
2192.86690 15.407 0.006
2193.78846 15.275 0.005
2193.80979 15.265 0.006
2201.85453 15.245 0.005
2202.78795 15.397 0.006
2202.80916 15.390 0.006
2214.83563 15.235 0.006
2214.85686 15.239 0.007
2215.76237 15.385 0.007
2221.77762 15.293 0.005
2224.79006 15.237 0.005
2224.81051 15.231 0.006
2227.70093 15.321 0.006
2227.72136 15.302 0.006
2229.70640 15.242 0.006
2231.67480 15.288 0.006
2231.69535 15.284 0.006
2233.64310 15.359 0.006
2236.65544 15.308 0.006
2237.58304 15.304 0.007
2239.62349 15.242 0.006
2239.64406 15.221 0.006
2241.71043 15.333 0.006
2243.76412 15.407 0.006
2243.80073 15.399 0.006
2247.84603 15.243 0.005
2248.65980 15.391 0.006
2248.84868 15.382 0.005
2250.74779 15.305 0.006
2250.77870 15.298 0.005
2252.69570 15.235 0.005
2252.72104 15.229 0.006
2254.68697 15.290 0.005
2254.71211 15.288 0.006
2257.69518 15.253 0.005
2257.71612 15.243 0.006
2260.70066 15.272 0.005
2264.70623 15.328 0.005
2266.69201 15.391 0.006
2266.74146 15.372 0.006
2270.73280 15.250 0.005
2270.78707 15.249 0.006
2271.83663 15.406 0.005
2271.83993 15.389 0.005
2272.63662 15.260 0.006
2274.73272 15.369 0.006
2274.76396 15.368 0.006
2276.79500 15.392 0.005
2276.79830 15.383 0.006
2276.82188 15.399 0.007
2278.66255 15.314 0.005
2278.77873 15.288 0.006
2280.74090 15.254 0.005
2280.76148 15.266 0.006
2282.73351 15.330 0.005
2282.73680 15.327 0.005
2282.75871 15.328 0.006
2289.79698 15.390 0.005
2289.80028 15.389 0.006
2289.82115 15.413 0.006
2291.80720 15.315 0.006
2292.81340 15.366 0.005
2292.81670 15.373 0.006
2293.77608 15.243 0.006
2294.78152 15.385 0.005
2294.78481 15.398 0.007
2295.79996 15.307 0.006
2296.80221 15.271 0.006
2296.80551 15.285 0.006
2297.78599 15.388 0.006
2298.79913 15.260 0.006
2300.77677 15.320 0.006
2300.81102 15.324 0.007
2302.74655 15.351 0.006
2302.74988 15.383 0.006
2302.77228 15.399 0.007
2304.78832 15.366 0.007
2304.80972 15.368 0.007
2315.69601 15.351 0.006
2324.53319 15.353 0.006
2324.55699 15.348 0.007
2328.52009 15.279 0.006
2328.54258 15.281 0.007
2334.51340 15.310 0.006
2334.53575 15.305 0.006
2340.53238 15.393 0.007
2347.52967 15.352 0.007
2364.50284 15.258 0.006
2373.48479 15.407 0.007
2385.52029 15.274 0.006
2529.86450 15.362 0.006
2534.88056 15.341 0.007
2539.86448 15.309 0.006
2545.82861 15.365 0.005
2545.83192 15.378 0.006
2545.85658 15.385 0.007
2552.89019 15.357 0.006
2556.87890 15.291 0.006
2557.81582 15.338 0.007
2560.78812 15.394 0.006
2560.81033 15.390 0.006
2561.78963 15.286 0.006
2561.81391 15.282 0.006
2565.79636 15.401 0.006
2565.81695 15.391 0.007
2574.74308 15.255 0.005
2574.74640 15.253 0.006
2574.77919 15.257 0.006
2578.81146 15.392 0.005
2578.81476 15.399 0.006
2578.83558 15.412 0.007
2583.86940 15.404 0.007
2584.73139 15.270 0.006
2590.78486 15.321 0.006
2596.79160 15.385 0.006
2596.81384 15.381 0.007
2605.83138 15.240 0.006
2606.71039 15.396 0.006
2609.79281 15.350 0.006
2609.79644 15.363 0.006
2609.81893 15.381 0.007
2610.61754 15.255 0.006
2610.82968 15.257 0.007
2611.62989 15.397 0.007
2611.70756 15.404 0.006
2613.61112 15.382 0.007
2614.65436 15.352 0.007
2614.74977 15.370 0.006
2614.77383 15.378 0.006
2615.64319 15.252 0.007
2615.75941 15.240 0.006
2615.82298 15.266 0.006
2615.83026 15.252 0.005
2617.72626 15.306 0.007
2617.83470 15.332 0.007
2618.63657 15.339 0.007
2618.74205 15.293 0.006
2618.80429 15.256 0.006
2619.60514 15.354 0.006
2619.83625 15.392 0.007
2620.63503 15.239 0.006
2620.72026 15.243 0.006
2620.83697 15.272 0.006
2621.72962 15.385 0.006
2621.74474 15.398 0.006
2621.83793 15.362 0.006
2622.63502 15.302 0.007
2622.83639 15.351 0.006
2622.84458 15.325 0.005
2623.63377 15.306 0.006
2623.72186 15.276 0.006
2623.83317 15.247 0.006
2624.64914 15.371 0.006
2624.66434 15.379 0.007
2626.61818 15.395 0.007
2627.75843 15.339 0.006
2627.77898 15.358 0.007
2627.79980 15.356 0.007
2628.78697 15.235 0.006
2629.77936 15.397 0.006
2630.78620 15.293 0.007
2631.63783 15.400 0.007
2631.72062 15.356 0.007
2632.59377 15.317 0.006
2632.67919 15.339 0.006
2632.69986 15.341 0.006
2632.72057 15.356 0.006
2632.80109 15.369 0.006
2634.59256 15.402 0.006
2634.68259 15.392 0.006
2634.81579 15.405 0.006
2635.64281 15.282 0.006
2635.77980 15.292 0.005
2635.80041 15.308 0.006
2636.61783 15.384 0.007
2636.75104 15.313 0.007
2636.83075 15.266 0.006
2637.63269 15.345 0.006
2637.71127 15.354 0.006
2637.81439 15.379 0.006
2638.69760 15.231 0.006
2639.58705 15.395 0.006
2640.59601 15.277 0.006
2640.73798 15.306 0.006
2640.79429 15.327 0.006
2641.59614 15.340 0.006
2641.76176 15.272 0.006
2642.59422 15.364 0.007
2642.69607 15.375 0.007
2642.75235 15.378 0.006
2643.60116 15.229 0.006
2643.74478 15.265 0.006
2644.58382 15.553 0.007
2644.69428 15.385 0.007
2644.70154 15.385 0.005
2644.75134 15.381 0.006
2645.58453 15.290 0.006
2645.59432 15.290 0.006
2645.73635 15.323 0.007
2645.84271 15.342 0.006
2646.60510 15.306 0.006
2646.71121 15.266 0.006
2647.60372 15.543 0.007
2647.69272 15.386 0.006
2649.60090 15.400 0.006
2649.68869 15.379 0.006
2650.62102 15.311 0.007
2650.68254 15.330 0.006
2650.76230 15.349 0.006
2650.79238 15.357 0.007
2651.70774 15.257 0.006
2652.58392 15.383 0.007
2652.66287 15.399 0.007
2652.76037 15.388 0.007
2652.85689 15.385 0.006
2653.59167 15.247 0.006
2653.64655 15.256 0.006
2653.76065 15.283 0.006
2654.60963 15.386 0.007
2654.68743 15.366 0.007
2654.78589 15.326 0.006
2654.82806 15.312 0.006
2655.59605 15.323 0.007
2655.69770 15.354 0.006
2655.79502 15.380 0.006
2656.60746 15.261 0.006
2656.68807 15.220 0.005
2656.69138 15.237 0.006
2656.75255 15.235 0.006
2656.85376 15.239 0.006
2657.63804 15.401 0.007
2657.84643 15.391 0.007
2658.57144 15.261 0.007
2658.65378 15.262 0.006
2658.67093 15.272 0.006
2658.75190 15.306 0.007
2659.76461 15.309 0.007
2659.79184 15.306 0.007
2659.85623 15.286 0.007
2660.58413 15.336 0.007
2660.66967 15.348 0.005
2660.67297 15.359 0.006
2660.69827 15.376 0.007
2660.72494 15.380 0.006
2661.58920 15.248 0.006
2661.64222 15.245 0.006
2661.84218 15.264 0.006
2662.62790 15.391 0.006
2662.67992 15.383 0.005
2662.68755 15.387 0.006
2662.70809 15.405 0.007
2662.76353 15.412 0.007
2663.64251 15.288 0.007
2663.72662 15.305 0.007
2664.66254 15.309 0.006
2664.69020 15.308 0.007
2664.72348 15.302 0.007
2665.67307 15.379 0.006
2665.80936 15.384 0.006
2666.63051 15.241 0.006
2666.72807 15.235 0.005
2666.75014 15.250 0.006
2666.75680 15.250 0.005
2666.77734 15.262 0.006
2667.66727 15.414 0.006
2667.81810 15.361 0.007
2668.71895 15.301 0.006
2668.74095 15.323 0.006
2668.76888 15.338 0.007
2669.58122 15.395 0.007
2670.67433 15.403 0.007
2672.65437 15.368 0.007
2672.75280 15.360 0.006
2672.81267 15.343 0.006
2673.79808 15.359 0.007
2674.65927 15.277 0.006
2674.71854 15.247 0.006
2674.77649 15.243 0.006
2675.63399 15.415 0.007
2675.74480 15.415 0.006
2675.79592 15.408 0.006
2676.63975 15.258 0.006
2676.70356 15.266 0.006
2676.72482 15.277 0.006
2677.63194 15.383 0.007
2677.69666 15.378 0.007
2678.61782 15.330 0.006
2678.74949 15.360 0.006
2678.78007 15.365 0.006
2679.63831 15.268 0.007
2679.80157 15.254 0.006
2680.66681 15.386 0.005
2680.76025 15.406 0.006
2681.59717 15.262 0.007
2681.70858 15.292 0.007
2682.71193 15.334 0.006
2683.60972 15.356 0.007
2687.60034 15.333 0.006
2687.62237 15.336 0.007
2692.55564 15.335 0.006
2696.59026 15.314 0.006
2696.61252 15.318 0.006
2701.58192 15.319 0.006
2702.51035 15.310 0.007
2708.51158 15.391 0.007
2708.53424 15.401 0.007
2715.50720 15.352 0.006
2724.50889 15.306 0.006
2870.92550 15.349 0.006
2871.89759 15.249 0.006
2884.86001 15.291 0.006
2890.86000 15.397 0.007
2895.89589 15.391 0.006
2896.83476 15.265 0.007
2900.86012 15.397 0.006
2902.76937 15.358 0.006
2907.80837 15.310 0.005
2911.84555 15.320 0.006
2911.87796 15.337 0.006
2917.75951 15.273 0.006
2917.78150 15.256 0.006
2922.88168 15.226 0.006
2923.78088 15.412 0.007
2926.81462 15.349 0.006
2926.83675 15.377 0.006
2931.74287 15.365 0.006
2931.76524 15.377 0.006
2934.78364 15.305 0.006
2934.80565 15.310 0.006
2940.76418 15.262 0.006
2940.78610 15.261 0.006
2943.76839 15.372 0.006
2943.79026 15.354 0.006
2947.77702 15.270 0.006
2947.79884 15.261 0.006
2949.86346 15.365 0.005
2949.86686 15.359 0.006
2950.69083 15.245 0.006
2950.71277 15.244 0.006
2954.71418 15.362 0.006
2954.73603 15.375 0.007
2956.75946 15.392 0.006
2956.78162 15.400 0.006
2958.80117 15.272 0.006
2958.82623 15.284 0.006
2962.79474 15.321 0.005
2962.79829 15.324 0.005
2962.82048 15.335 0.006
2964.83890 15.413 0.006
2965.81778 15.261 0.005
2965.82136 15.277 0.006
2967.76945 15.357 0.006
2968.68904 15.267 0.006
2970.82343 15.292 0.006
2973.75895 15.243 0.005
2973.76251 15.242 0.005
2974.76144 15.416 0.006
2976.62900 15.373 0.006
2976.65095 15.362 0.006
2978.83003 15.248 0.005
2979.63434 15.405 0.007
2980.74503 15.293 0.006
2981.65572 15.347 0.007
2982.75308 15.360 0.006
2983.76249 15.270 0.006
2984.78110 15.384 0.005
2984.78467 15.394 0.006
2985.81021 15.342 0.006
2987.66604 15.378 0.006
2987.70896 15.405 0.007
2989.62271 15.397 0.006
2989.65164 15.391 0.006
2991.68813 15.264 0.006
2991.71954 15.257 0.006
2993.70847 15.260 0.006
2993.73160 15.275 0.006
2995.78330 15.356 0.006
2995.80516 15.380 0.006
2997.75035 15.401 0.005
2997.75392 15.405 0.006
2997.77574 15.425 0.006
2998.72326 15.292 0.006
2999.65357 15.368 0.006
3000.69893 15.353 0.005
3000.70249 15.363 0.006
3000.72580 15.379 0.006
3002.68669 15.400 0.005
3002.69078 15.401 0.006
3002.71315 15.421 0.006
3004.68805 15.328 0.005
3004.69165 15.326 0.005
3004.71659 15.326 0.006
3006.63513 15.240 0.005
3006.70951 15.253 0.006
3008.72396 15.319 0.006
3008.79004 15.330 0.006
3010.70603 15.390 0.005
3010.70961 15.373 0.006
3010.77039 15.398 0.007
3011.76099 15.260 0.005
3011.76457 15.262 0.006
3011.78673 15.273 0.006
3015.78214 15.407 0.006
3016.72038 15.272 0.006
3017.76627 15.330 0.005
3017.76983 15.336 0.006
3018.75077 15.369 0.006
3019.72354 15.247 0.006
3020.81454 15.416 0.006
3021.81298 15.277 0.005
3021.81653 15.301 0.005
3021.83845 15.309 0.006
3023.67861 15.350 0.005
3023.70045 15.364 0.006
3025.65003 15.395 0.005
3025.67205 15.422 0.006
3027.69559 15.315 0.005
3027.71750 15.324 0.006
3029.68054 15.237 0.005
3029.70238 15.241 0.006
3031.77271 15.340 0.006
3033.81055 15.377 0.005
3033.81415 15.391 0.006
3034.60406 15.247 0.006
3036.61264 15.293 0.005
3036.63442 15.312 0.006
3039.55095 15.227 0.005
3039.55454 15.241 0.006
3039.57632 15.255 0.006
3041.66255 15.335 0.006
3042.68385 15.260 0.006
3043.66968 15.382 0.006
3043.67327 15.395 0.006
3044.62327 15.259 0.006
3045.73255 15.329 0.005
3045.73615 15.344 0.006
3046.60923 15.344 0.006
3047.68617 15.223 0.005
3047.68978 15.247 0.006
3047.71157 15.252 0.007
3048.61740 15.385 0.005
3048.62100 15.389 0.005
3048.64272 15.416 0.006
3049.66625 15.290 0.006
3050.63801 15.335 0.005
3051.63555 15.365 0.006
3052.63942 15.229 0.005
3053.61074 15.407 0.006
3054.64026 15.301 0.005
3054.64387 15.294 0.005
3055.62780 15.329 0.006
3056.62842 15.347 0.005
3056.63202 15.373 0.005
3057.65293 15.243 0.006
3058.62594 15.385 0.006
3059.59757 15.301 0.006
3060.67198 15.251 0.005
3060.67560 15.267 0.005
3061.58988 15.393 0.006
3066.52187 15.375 0.007
3066.55941 15.388 0.007
3068.56143 15.372 0.006
3068.58724 15.389 0.007
3070.63006 15.236 0.005
3070.63368 15.247 0.006
3070.65764 15.246 0.006
3073.65353 15.337 0.006
3073.67584 15.330 0.007
3076.57374 15.396 0.005
3076.57737 15.399 0.006
3076.59962 15.416 0.007
3078.66414 15.296 0.006
3078.68617 15.303 0.006
3082.64117 15.311 0.005
3082.66789 15.338 0.006
3085.54361 15.246 0.005
3085.56840 15.240 0.006
3088.50659 15.305 0.006
3088.52866 15.317 0.007
3090.64831 15.266 0.006
3091.51100 15.408 0.007
3093.53086 15.280 0.006
3096.56002 15.369 0.007
3098.64020 15.237 0.005
3100.48761 15.266 0.007
3102.61091 15.369 0.006
3103.50927 15.243 0.006
3105.61664 15.318 0.006
3106.53055 15.326 0.006
3108.59459 15.234 0.005
3109.51611 15.400 0.006
3111.53931 15.295 0.005
3111.54296 15.296 0.006
3112.56792 15.390 0.006
3116.54963 15.276 0.006
3127.54675 15.402 0.006
3129.48526 15.339 0.006
3133.50720 15.303 0.006
3134.50612 15.311 0.006
3216.89999 15.241 0.006
3223.90554 15.307 0.006
3242.83109 15.320 0.005
3242.83473 15.347 0.006
3242.85647 15.322 0.006
3248.88753 15.375 0.006
3248.91046 15.383 0.006
3258.89122 15.386 0.006
3264.83518 15.289 0.005
3264.85752 15.267 0.005
3270.90187 15.293 0.005
3271.80528 15.366 0.007
3274.78725 15.302 0.006
3274.80924 15.305 0.006
3278.84220 15.376 0.005
3278.88226 15.367 0.006
3282.76427 15.243 0.005
3282.81477 15.252 0.005
3282.81838 15.276 0.005
3287.79177 15.280 0.005
3287.81343 15.263 0.005
3291.72814 15.410 0.005
3291.75071 15.397 0.006
3295.74942 15.250 0.005
3295.77120 15.230 0.005
3297.74149 15.293 0.005
3299.80204 15.363 0.005
3299.80563 15.391 0.005
3299.83138 15.379 0.005
3301.80298 15.398 0.006
3301.82474 15.388 0.006
3304.85965 15.382 0.005
3304.86742 15.405 0.006
3305.73378 15.241 0.006
3307.73687 15.335 0.006
3307.75864 15.312 0.006
3309.76903 15.398 0.005
3309.79504 15.397 0.006
3311.76698 15.365 0.005
3311.78867 15.338 0.006
3320.81461 15.309 0.005
3320.85213 15.287 0.006
3323.76613 15.237 0.006
3327.78252 15.383 0.005
3327.80457 15.372 0.006
3330.74088 15.330 0.006
3330.78063 15.316 0.006
3334.83681 15.319 0.005
3334.84036 15.331 0.006
3336.63303 15.259 0.006
3339.78463 15.318 0.005
3339.78820 15.317 0.005
3339.81152 15.301 0.006
3350.74906 15.370 0.005
3353.80523 15.340 0.006
3353.83091 15.368 0.005
3353.83450 15.353 0.006
3357.62479 15.392 0.006
3357.74589 15.350 0.006
3360.66363 15.387 0.005
3360.72264 15.395 0.006
3363.76831 15.345 0.005
3363.77189 15.363 0.005
3365.84204 15.386 0.006
3369.84919 15.244 0.005
3373.80613 15.393 0.006
3375.78551 15.373 0.005
3378.70749 15.381 0.005
3378.71103 15.391 0.005
3378.73290 15.380 0.006
3387.70051 15.253 0.005
3387.70410 15.251 0.006
3387.73058 15.228 0.006
3394.59414 15.279 0.005
3396.64142 15.351 0.005
3396.64501 15.365 0.005
3399.74762 15.338 0.006
3399.76975 15.328 0.006
3403.73140 15.350 0.005
3403.73498 15.362 0.005
3403.75681 15.344 0.006
3408.61941 15.363 0.005
3408.67997 15.356 0.006
3412.64995 15.276 0.005
3412.65350 15.285 0.006
3413.52630 15.361 0.006
3417.58795 15.276 0.005
3417.59151 15.282 0.005
3417.62018 15.288 0.006
3425.59609 15.264 0.005
3425.59966 15.256 0.006
3427.54278 15.275 0.006
3431.58766 15.394 0.005
3434.50799 15.374 0.006
3437.55960 15.339 0.005
3437.56317 15.349 0.005
3440.51768 15.235 0.006
3446.53227 15.342 0.005
3447.50128 15.342 0.007
3456.49380 15.292 0.006
3456.52685 15.262 0.006
3469.48169 15.349 0.006
3474.48037 15.336 0.006
3478.47416 15.290 0.006
3579.92359 15.242 0.005
3579.93238 15.248 0.006
3596.93354 15.341 0.006
3601.88465 15.361 0.006
3603.92049 15.415 0.006
3619.86442 15.346 0.005
3619.88744 15.345 0.006
3630.76882 15.250 0.006
3633.84209 15.312 0.005
3639.80857 15.387 0.005
3644.84463 15.392 0.005
3651.78707 15.365 0.005
3651.81013 15.361 0.006
3654.83482 15.388 0.005
3658.79489 15.236 0.005
3658.79846 15.240 0.005
3658.82003 15.238 0.006
3660.82325 15.325 0.006
3661.86576 15.273 0.006
3665.81369 15.322 0.005
3665.81723 15.338 0.005
3665.83898 15.338 0.006
3670.78698 15.346 0.005
3670.80861 15.338 0.006
3673.79350 15.279 0.005
3673.79706 15.276 0.005
3673.81888 15.259 0.007
3676.78545 15.251 0.005
3676.78898 15.263 0.005
3676.81902 15.237 0.005
3684.84763 15.288 0.005
3684.85115 15.282 0.005
3685.75840 15.351 0.006
3687.81999 15.395 0.005
3687.82351 15.392 0.005
3687.84514 15.399 0.006
3690.74344 15.397 0.006
3690.76709 15.391 0.006
3693.77743 15.350 0.005
3693.80273 15.335 0.006
3695.81017 15.408 0.005
3695.83385 15.393 0.006
3698.80187 15.381 0.005
3698.82350 15.365 0.006
3700.82046 15.408 0.005
3701.69246 15.275 0.005
3703.75453 15.375 0.005
3703.77621 15.366 0.006
3705.81875 15.418 0.005
3705.84043 15.398 0.006
3708.80654 15.392 0.005
3708.82816 15.397 0.006
3712.76406 15.282 0.005
3712.78570 15.279 0.006
3714.83483 15.274 0.005
3715.75136 15.397 0.006
3717.72721 15.283 0.005
3718.68720 15.405 0.006
3720.81529 15.340 0.006
3720.83697 15.353 0.006
3724.73296 15.280 0.005
3724.75459 15.280 0.005
3727.80477 15.247 0.005
3731.77384 15.375 0.005
3731.79570 15.380 0.006
3732.75050 15.250 0.005
3733.65630 15.411 0.006
3735.61332 15.335 0.005
3735.64631 15.333 0.005
3737.78320 15.256 0.005
3737.80482 15.269 0.005
3740.74512 15.267 0.005
3740.76813 15.256 0.005
3742.75245 15.266 0.006
3742.77424 15.285 0.006
3745.78840 15.243 0.005
3745.81073 15.230 0.006
3747.79101 15.290 0.006
3747.81345 15.307 0.006
3748.75819 15.334 0.006
3749.76076 15.363 0.007
3750.76840 15.231 0.005
3751.77457 15.417 0.006
3752.77845 15.304 0.005
3753.72398 15.327 0.006
3754.79623 15.381 0.005
3755.72407 15.248 0.006
3757.57718 15.275 0.005
3757.71377 15.307 0.005
3759.78228 15.379 0.005
3759.80409 15.399 0.006
3763.65423 15.291 0.005
3763.67606 15.280 0.005
3766.61061 15.397 0.005
3766.69267 15.397 0.006
3770.69713 15.270 0.005
3770.72021 15.273 0.006
3773.72992 15.237 0.005
3773.75145 15.237 0.006
3776.70160 15.323 0.006
3776.72583 15.326 0.006
3779.65490 15.397 0.006
3783.57152 15.256 0.005
3783.59306 15.245 0.006
3788.54424 15.238 0.005
3788.56725 15.237 0.005
3792.58171 15.383 0.005
3793.57277 15.252 0.006
3800.56359 15.344 0.005
3801.50854 15.268 0.006
3810.52162 15.355 0.006
3810.54335 15.378 0.006
3824.49179 15.282 0.006
3826.48415 15.259 0.006
3950.91543 15.285 0.005
3958.87434 15.376 0.007
3964.91420 15.359 0.005
3965.84418 15.262 0.005
3970.83907 15.238 0.005
3970.86427 15.247 0.005
3981.90763 15.381 0.006
3982.81509 15.325 0.006
3990.89639 15.285 0.005
3993.76780 15.269 0.006
3998.90017 15.251 0.005
3999.85933 15.400 0.006
4003.71033 15.254 0.005
4003.71387 15.245 0.005
4003.73524 15.232 0.005
4005.88603 15.346 0.005
4005.88958 15.343 0.005
4006.72824 15.311 0.005
4006.73519 15.307 0.005
4006.75643 15.291 0.005
4008.75595 15.258 0.005
4013.75298 15.250 0.005
4013.78895 15.259 0.006
4018.88906 15.303 0.005
4024.75305 15.318 0.005
4026.83068 15.262 0.005
4026.85218 15.260 0.006
4029.77527 15.283 0.005
4032.80611 15.369 0.006
4038.75786 15.353 0.005
4041.71783 15.269 0.005
4041.73912 15.269 0.005
4043.72277 15.357 0.005
4046.81615 15.302 0.005
4046.83730 15.317 0.006
4049.68530 15.238 0.005
4049.70739 15.231 0.005
4052.74664 15.294 0.005
4052.76876 15.277 0.005
4054.73358 15.251 0.005
4056.79260 15.328 0.005
4056.81404 15.348 0.005
4058.83974 15.397 0.005
4058.86117 15.404 0.006
4063.72257 15.414 0.005
4064.77647 15.277 0.005
4065.84572 15.309 0.005
4066.77645 15.368 0.006
4067.68762 15.244 0.005
4069.72952 15.280 0.006
4070.70988 15.335 0.005
4074.77859 15.319 0.005
4076.72968 15.378 0.006
4077.82739 15.269 0.005
4080.70396 15.298 0.005
4082.81277 15.272 0.005
4084.63226 15.312 0.005
4084.78432 15.343 0.006
4086.78800 15.397 0.005
4086.80935 15.417 0.006
4093.82938 15.283 0.005
4093.86216 15.269 0.006
4103.63396 15.298 0.005
4105.84759 15.286 0.005
4106.56581 15.402 0.006
4111.76670 15.334 0.005
4111.78810 15.324 0.005
4117.70712 15.375 0.005
4121.68505 15.306 0.005
4121.70666 15.302 0.006
4124.76734 15.389 0.005
4127.65728 15.387 0.005
4132.72324 15.397 0.005
4132.74623 15.390 0.006
4142.74495 15.397 0.006
4143.53340 15.280 0.006
4156.58004 15.259 0.006
4157.52561 15.425 0.007
4168.54051 15.339 0.006
4198.49465 15.397 0.006
4198.51892 15.416 0.007
4343.83063 15.259 0.006
4343.85185 15.212 0.006
4347.89773 15.407 0.006
4348.82074 15.264 0.006
4353.83090 15.269 0.006
4353.85213 15.273 0.006
4358.78231 15.283 0.006
4358.80420 15.290 0.007
4363.82481 15.299 0.006
4364.89057 15.274 0.007
4367.78460 15.391 0.006
4367.86441 15.385 0.006
4370.82140 15.389 0.006
4373.82083 15.334 0.006
4373.84209 15.341 0.006
4377.83983 15.337 0.006
4380.88450 15.398 0.006
4381.73370 15.278 0.007
4386.83036 15.308 0.006
4390.79236 15.397 0.006
4394.80995 15.266 0.005
4399.76655 15.263 0.006
4407.72950 15.256 0.006
4412.75311 15.263 0.006
4418.83862 15.373 0.006
4422.73073 15.260 0.005
4423.72571 15.388 0.006
4427.70638 15.266 0.006
4427.72780 15.283 0.007
4430.70967 15.253 0.006
4433.72732 15.323 0.006
4436.80870 15.405 0.006
4440.66957 15.242 0.006
4440.69086 15.252 0.006
4443.76203 15.266 0.006
4443.78334 15.270 0.006
4449.72466 15.399 0.006
4451.76424 15.349 0.006
4451.78988 15.341 0.006
4452.74355 15.359 0.006
4455.73371 15.296 0.006
4457.76391 15.378 0.006
4459.72859 15.403 0.006
4462.70642 15.378 0.006
4464.77673 15.395 0.006
4465.76720 15.331 0.006
4467.75250 15.389 0.005
4468.73146 15.269 0.006
4470.68699 15.341 0.006
4471.81041 15.240 0.005
4472.63978 15.378 0.005
4473.73014 15.276 0.006
4476.69333 15.242 0.005
4476.75107 15.243 0.006
4480.79680 15.372 0.005
4483.78510 15.307 0.006
4486.81138 15.256 0.006
4490.62952 15.371 0.006
4492.66913 15.385 0.006
4497.73097 15.346 0.006
4500.57264 15.382 0.006
4502.71383 15.330 0.006
4507.71669 15.303 0.006
4509.66840 15.242 0.005
4512.71176 15.282 0.006
4517.69602 15.266 0.006
4518.65197 15.403 0.007
4521.66487 15.342 0.006
4523.64989 15.404 0.006
4525.61455 15.370 0.006
4525.63613 15.365 0.006
4531.59055 15.356 0.005
4533.59291 15.410 0.006
4534.54870 15.291 0.006
4537.64300 15.247 0.005
4539.56211 15.301 0.006
4541.64428 15.391 0.006
4542.50112 15.259 0.007
