 455.69061 15.244 0.006
 455.71825 15.259 0.006
 455.76280 15.264 0.006
 456.58591 15.443 0.006
 456.62314 15.444 0.006
 456.70636 15.421 0.006
 456.75383 15.399 0.006
 456.80526 15.373 0.006
 457.55359 15.250 0.006
 457.59753 15.265 0.006
 457.65620 15.289 0.006
 457.71475 15.302 0.006
 457.77343 15.328 0.006
 458.62992 15.370 0.006
 458.68864 15.343 0.006
 458.75784 15.304 0.006
 459.54718 15.301 0.006
 459.59339 15.310 0.006
 459.65193 15.337 0.006
 459.71140 15.354 0.006
 459.75517 15.364 0.006
 459.79902 15.379 0.006
 461.55811 15.356 0.006
 461.60193 15.373 0.006
 461.66053 15.381 0.006
 461.72671 15.405 0.006
 461.78870 15.420 0.006
 462.55862 15.226 0.006
 462.61726 15.206 0.006
 462.66324 15.193 0.006
 465.66209 15.449 0.006
 465.70976 15.454 0.006
 465.79462 15.440 0.006
 466.64585 15.241 0.006
 466.71236 15.255 0.006
 466.79733 15.289 0.006
 467.64949 15.439 0.006
 467.75410 15.390 0.006
 467.82003 15.348 0.006
 468.65618 15.285 0.006
 468.72635 15.309 0.006
 468.78496 15.330 0.006
 469.65705 15.344 0.006
 469.73386 15.295 0.006
 469.79407 15.258 0.006
 470.73184 15.367 0.006
 471.64290 15.256 0.006
 471.77966 15.191 0.006
 472.61746 15.384 0.006
 472.66134 15.403 0.006
 472.70511 15.401 0.006
 472.77107 15.415 0.006
 472.84443 15.442 0.006
 473.68514 15.198 0.006
 474.69705 15.450 0.006
 474.76350 15.457 0.006
 475.53144 15.194 0.006
 475.59022 15.198 0.006
 475.65637 15.210 0.006
 475.70850 15.219 0.006
 475.75559 15.233 0.006
 476.73653 15.454 0.006
 477.52818 15.216 0.006
 477.57375 15.230 0.006
 477.72692 15.275 0.006
 477.80780 15.295 0.006
 477.85205 15.315 0.006
 478.53432 15.446 0.006
 478.75473 15.375 0.006
 478.81367 15.347 0.006
 479.53315 15.266 0.006
 479.57707 15.283 0.006
 479.76911 15.341 0.006
 479.81469 15.351 0.006
 480.56919 15.395 0.006
 480.65036 15.340 0.006
 480.74396 15.276 0.006
 480.78804 15.256 0.006
 481.55439 15.328 0.006
 481.70279 15.360 0.006
 481.74676 15.376 0.006
 481.79072 15.389 0.006
 482.70360 15.218 0.006
 482.78155 15.193 0.006
 483.56990 15.389 0.006
 483.61432 15.390 0.006
 483.65823 15.403 0.006
 483.70221 15.420 0.006
 483.74610 15.417 0.006
 483.79003 15.431 0.006
 484.56857 15.209 0.006
 484.67725 15.199 0.006
 484.72162 15.195 0.006
 484.76564 15.204 0.006
 485.57223 15.425 0.006
 485.71913 15.450 0.006
 485.76328 15.445 0.006
 486.56869 15.184 0.006
 486.61428 15.204 0.006
 486.71082 15.228 0.006
 486.75598 15.237 0.006
 487.59565 15.446 0.006
 487.64389 15.452 0.006
 487.69173 15.441 0.006
 487.73588 15.439 0.006
 487.78004 15.426 0.006
 488.58118 15.236 0.006
 488.62515 15.255 0.006
 488.69400 15.265 0.006
 488.73802 15.286 0.006
 488.78208 15.290 0.006
 489.55694 15.450 0.006
 489.61346 15.438 0.006
 489.64590 15.428 0.006
 489.68983 15.404 0.006
 489.73375 15.377 0.006
 489.77778 15.349 0.006
 490.55019 15.287 0.006
 490.68738 15.325 0.006
 490.73147 15.333 0.006
 490.77543 15.340 0.006
 491.57469 15.384 0.006
 491.62650 15.352 0.006
 491.67062 15.333 0.006
 491.78399 15.255 0.006
 492.55885 15.345 0.006
 492.60275 15.358 0.006
 492.63320 15.354 0.006
 492.67907 15.364 0.006
 493.56188 15.280 0.006
 493.60640 15.255 0.006
 494.55661 15.391 0.006
 494.60054 15.397 0.006
 494.64477 15.413 0.006
 494.68907 15.414 0.006
 494.73409 15.426 0.006
 495.55941 15.202 0.006
 495.63305 15.190 0.006
 495.68653 15.192 0.006
 496.55482 15.417 0.006
 496.59957 15.423 0.006
 496.64364 15.450 0.006
 496.68855 15.446 0.006
 497.58254 15.195 0.006
 498.55388 15.450 0.006
 498.59792 15.453 0.006
 498.71167 15.441 0.006
 498.75560 15.438 0.006
 499.54883 15.238 0.006
 499.59454 15.240 0.006
 499.73482 15.283 0.006
 500.57636 15.449 0.006
 500.59157 15.441 0.006
 500.63643 15.428 0.006
 500.68760 15.401 0.006
 500.73201 15.376 0.006
 501.55570 15.292 0.006
 501.67448 15.329 0.006
 507.54414 15.420 0.006
 507.58935 15.431 0.006
 507.66118 15.438 0.006
 509.54006 15.461 0.006
 509.58711 15.440 0.006
 509.63943 15.449 0.006
 510.58167 15.259 0.006
 510.62722 15.257 0.006
 510.67483 15.274 0.006
 511.66711 15.395 0.006
 512.57373 15.295 0.006
 512.62211 15.334 0.006
 512.69642 15.328 0.006
 512.74193 15.355 0.006
 513.55409 15.366 0.006
 513.59963 15.334 0.006
 513.69132 15.281 0.006
 513.73855 15.258 0.006
 514.56231 15.351 0.006
 514.63138 15.365 0.006
 514.68174 15.381 0.006
 514.72859 15.391 0.006
 515.55644 15.249 0.006
 515.60935 15.226 0.006
 515.65945 15.212 0.006
 516.56275 15.385 0.006
 516.61694 15.405 0.006
 516.66393 15.420 0.006
 516.71046 15.429 0.006
 517.56074 15.186 0.006
 517.61062 15.189 0.006
 517.66059 15.184 0.006
 517.70676 15.191 0.006
 518.59809 15.440 0.006
 518.64335 15.448 0.006
 518.69242 15.452 0.006
 519.55873 15.194 0.006
 519.60535 15.211 0.006
 519.67290 15.227 0.006
 520.69953 15.441 0.006
 521.55502 15.247 0.006
 521.60012 15.269 0.006
 521.66292 15.292 0.006
 523.56408 15.317 0.006
 523.61538 15.327 0.006
 523.66623 15.338 0.006
 524.55633 15.344 0.006
 524.60645 15.323 0.006
 526.54368 15.245 0.006
 526.64568 15.234 0.006
 527.66886 15.411 0.006
 530.55899 15.206 0.006
 531.55638 15.464 0.006
 532.54587 15.261 0.006
 533.56312 15.423 0.006
 534.55228 15.307 0.006
 534.59647 15.331 0.006
 534.64822 15.343 0.006
 535.53693 15.336 0.006
 535.59721 15.308 0.006
 535.67093 15.266 0.006
 536.51601 15.350 0.006
 536.56124 15.349 0.006
 536.61174 15.375 0.006
 537.51065 15.254 0.006
 537.61085 15.202 0.006
 537.65767 15.188 0.006
 538.49865 15.379 0.006
 538.55037 15.394 0.006
 539.50726 15.199 0.006
 539.61839 15.192 0.006
 539.66248 15.194 0.006
 540.53747 15.443 0.006
 540.66853 15.451 0.006
 541.51762 15.211 0.006
 541.57469 15.218 0.006
 542.49738 15.453 0.006
 542.50670 15.462 0.006
 542.55863 15.458 0.006
 542.60611 15.455 0.006
 542.65024 15.463 0.006
 543.54496 15.267 0.006
 543.58904 15.282 0.006
 543.62609 15.293 0.006
 543.67012 15.307 0.006
 544.49779 15.444 0.006
 544.54204 15.432 0.006
 544.58628 15.405 0.006
 544.63152 15.382 0.006
 551.48749 15.444 0.006
 552.49580 15.216 0.006
 553.50417 15.465 0.006
 553.61496 15.454 0.007
 554.48098 15.241 0.006
 554.56642 15.276 0.006
 555.48731 15.428 0.007
 557.58786 15.281 0.007
 558.53469 15.351 0.007
 559.51847 15.233 0.006
 560.49655 15.393 0.007
 561.49658 15.188 0.006
 562.49808 15.440 0.009
 564.49927 15.454 0.007
 565.50508 15.259 0.006
 566.49907 15.422 0.006
 567.50016 15.299 0.006
 568.48538 15.339 0.007
 569.49522 15.359 0.006
 570.47483 15.277 0.007
 571.48104 15.403 0.007
 572.50954 15.198 0.006
 573.51338 15.449 0.007
 574.47180 15.217 0.006
 575.47044 15.446 0.007
 576.48549 15.253 0.006
 577.47939 15.420 0.007
 578.49241 15.306 0.006
 582.47511 15.413 0.007
 583.47787 15.191 0.006
 665.80317 15.207 0.006
 672.86321 15.284 0.006
 689.89367 15.253 0.006
 699.89705 15.446 0.006
 701.81398 15.445 0.007
 704.85646 15.341 0.006
 706.83796 15.390 0.007
 714.80533 15.379 0.006
 715.87809 15.353 0.006
 716.76991 15.300 0.006
 720.82629 15.199 0.006
 728.76516 15.374 0.006
 729.76513 15.202 0.006
 730.72072 15.411 0.007
 733.81167 15.250 0.007
 741.81495 15.430 0.006
 745.76976 15.435 0.006
 747.81822 15.334 0.006
 753.76613 15.211 0.006
 759.80661 15.364 0.006
 766.78076 15.266 0.006
 772.79985 15.406 0.006
 775.78157 15.216 0.006
 779.80024 15.322 0.006
 781.81710 15.375 0.006
 787.77667 15.448 0.006
 789.76062 15.414 0.006
 790.77116 15.310 0.006
 795.72877 15.203 0.006
 796.80062 15.457 0.007
 797.72843 15.219 0.006
 798.70041 15.457 0.006
 805.78531 15.428 0.007
 816.75634 15.421 0.006
 817.67556 15.187 0.006
 819.77528 15.250 0.006
 822.78945 15.365 0.006
 824.81874 15.242 0.006
 826.64223 15.245 0.006
 829.71285 15.438 0.006
 832.66902 15.258 0.006
 836.76784 15.381 0.006
 840.64723 15.439 0.007
 843.64774 15.262 0.006
 850.62129 15.189 0.006
 854.65204 15.259 0.007
 855.62606 15.414 0.006
 856.59232 15.297 0.006
 858.56493 15.349 0.006
 860.74540 15.433 0.007
 864.66808 15.457 0.007
 866.62702 15.414 0.007
 875.54025 15.444 0.006
 879.62675 15.300 0.006
 880.52585 15.348 0.006
 887.53913 15.264 0.006
 892.62268 15.202 0.006
 898.52038 15.252 0.006
 918.50746 15.213 0.007
 922.58775 15.346 0.006
 928.51367 15.454 0.007
 931.53562 15.276 0.007
 933.54541 15.337 0.006
 940.52666 15.219 0.006
 947.48506 15.220 0.007
 951.53500 15.244 0.006
1045.86703 15.443 0.007
1051.85359 15.197 0.006
1052.88882 15.443 0.006
1053.86898 15.208 0.006
1054.88470 15.466 0.006
1055.85720 15.250 0.006
1059.86994 15.364 0.007
1068.86406 15.307 0.006
1069.87474 15.330 0.006
1071.89180 15.211 0.006
1081.85223 15.356 0.006
1087.79929 15.458 0.006
1091.80174 15.356 0.006
1095.78350 15.206 0.006
1102.78420 15.344 0.006
1106.83926 15.187 0.006
1107.76703 15.423 0.006
1112.86698 15.330 0.006
1119.78454 15.216 0.006
1126.80644 15.227 0.006
1131.67404 15.456 0.006
1132.73037 15.249 0.006
1136.76363 15.376 0.006
1138.78776 15.410 0.006
1142.65482 15.455 0.006
1144.72375 15.423 0.006
1151.74960 15.442 0.006
1155.74885 15.413 0.006
1158.74641 15.369 0.006
1161.72436 15.181 0.006
1165.74507 15.288 0.006
1169.73999 15.373 0.006
1174.71378 15.240 0.006
1179.73064 15.277 0.006
1181.80266 15.171 0.006
1186.75711 15.450 0.006
1187.81836 15.321 0.006
1188.74639 15.363 0.006
1196.69711 15.247 0.006
1201.70603 15.276 0.007
1203.72416 15.200 0.006
1207.58280 15.205 0.006
1211.62052 15.311 0.006
1214.62138 15.221 0.006
1217.59625 15.438 0.006
1220.60108 15.259 0.006
1223.62731 15.298 0.006
1225.56824 15.234 0.006
1227.64880 15.190 0.006
1231.54470 15.253 0.006
1234.59290 15.298 0.006
1236.60042 15.215 0.006
1240.55089 15.208 0.006
1242.65264 15.290 0.006
1244.60202 15.326 0.006
1247.53475 15.220 0.006
1252.65066 15.434 0.009
1256.51951 15.325 0.007
1260.54207 15.178 0.006
1265.51995 15.411 0.007
1273.56586 15.240 0.007
1277.50212 15.320 0.007
1288.50038 15.330 0.007
1290.56779 15.393 0.007
1296.50515 15.445 0.007
1298.54308 15.372 0.007
1301.48475 15.381 0.007
1305.53059 15.453 0.007
1308.46010 15.270 0.007
1313.50658 15.200 0.006
1316.49847 15.459 0.006
1319.47469 15.289 0.006
1329.52956 15.427 0.009
1332.50478 15.348 0.007
1339.47308 15.237 0.007
1412.83299 15.288 0.007
1418.83018 15.437 0.007
1430.88466 15.222 0.006
1432.81850 15.250 0.006
1435.79455 15.371 0.007
1437.77845 15.278 0.006
1440.82612 15.445 0.006
1446.83816 15.324 0.007
1447.86369 15.378 0.007
1451.75881 15.437 0.007
1455.82678 15.427 0.007
1458.84977 15.378 0.007
1459.76546 15.250 0.006
1462.76971 15.449 0.007
1470.83010 15.212 0.006
1475.74270 15.465 0.006
1478.69811 15.297 0.007
1478.83296 15.339 0.006
1481.67177 15.277 0.006
1487.70114 15.259 0.006
1490.69797 15.353 0.007
1492.69106 15.259 0.006
1495.68959 15.436 0.007
1497.81576 15.448 0.007
1499.64741 15.445 0.007
1502.64261 15.339 0.007
1505.68321 15.192 0.006
1507.81670 15.248 0.006
1510.79271 15.375 0.006
1512.68941 15.338 0.007
1514.80051 15.196 0.006
1517.63599 15.431 0.007
1519.70967 15.449 0.006
1521.64541 15.434 0.006
1523.76613 15.256 0.006
1525.76050 15.199 0.006
1527.68945 15.187 0.006
1528.73579 15.451 0.006
1529.75695 15.232 0.006
1531.75002 15.284 0.006
1538.70662 15.189 0.006
1541.66270 15.458 0.006
1542.69256 15.277 0.006
1544.61857 15.314 0.006
1547.74547 15.192 0.006
1548.72308 15.428 0.006
1549.71736 15.190 0.006
1552.58209 15.467 0.006
1554.70854 15.375 0.006
1555.71532 15.353 0.006
1562.71824 15.242 0.006
1564.59684 15.271 0.006
1567.68945 15.260 0.006
1570.59480 15.398 0.006
1574.78251 15.417 0.006
1577.73421 15.365 0.006
1580.76829 15.186 0.006
1583.65361 15.457 0.006
1585.74023 15.427 0.006
1588.74792 15.377 0.007
1591.72084 15.184 0.006
1593.56691 15.189 0.006
1595.73597 15.282 0.007
1596.71589 15.421 0.007
1599.63777 15.341 0.006
1601.71385 15.410 0.007
1604.59532 15.204 0.006
1606.63028 15.261 0.006
1609.67159 15.311 0.006
1610.65668 15.358 0.006
1613.54775 15.214 0.006
1615.57970 15.199 0.006
1617.65104 15.261 0.006
1619.63469 15.303 0.006
1620.58586 15.368 0.007
1622.53604 15.301 0.006
1624.53261 15.217 0.006
1626.53343 15.196 0.006
1627.65455 15.448 0.007
1629.53354 15.444 0.007
1630.61500 15.297 0.006
1632.55150 15.337 0.006
1634.52924 15.383 0.006
1650.53659 15.239 0.007
1654.55856 15.356 0.006
1656.54478 15.397 0.007
1659.55222 15.209 0.006
1661.57618 15.258 0.006
1664.53787 15.340 0.006
1667.54308 15.395 0.007
1670.56481 15.216 0.007
1672.55384 15.255 0.006
1691.51492 15.440 0.006
1769.89665 15.366 0.007
1771.92345 15.407 0.007
1772.90329 15.181 0.006
1775.90440 15.458 0.006
1784.88897 15.458 0.007
1789.87767 15.327 0.006
1804.82726 15.415 0.006
1809.85164 15.281 0.006
1812.82241 15.295 0.006
1816.83372 15.197 0.006
1821.82431 15.395 0.006
1823.86644 15.245 0.006
1826.84952 15.428 0.006
1829.82321 15.237 0.006
1830.83657 15.436 0.006
1834.87550 15.238 0.006
1859.81267 15.438 0.006
1861.82984 15.451 0.006
1864.80728 15.295 0.006
1865.78745 15.363 0.006
1866.85622 15.363 0.006
1868.82689 15.403 0.006
1870.76017 15.422 0.006
1871.84412 15.208 0.006
1873.80369 15.243 0.006
2167.89381 15.247 0.006
2190.85320 15.393 0.006
2193.81645 15.190 0.006
2202.81579 15.165 0.006
2214.86348 15.447 0.007
2215.76899 15.199 0.006
2224.81711 15.188 0.006
2227.72793 15.449 0.007
2229.73370 15.437 0.007
2231.70196 15.382 0.006
2233.67022 15.304 0.006
2237.58963 15.200 0.007
2239.65063 15.215 0.006
2241.74231 15.294 0.006
2243.80731 15.368 0.006
2248.66639 15.186 0.006
2250.75440 15.262 0.006
2252.72763 15.289 0.006
2254.71868 15.342 0.006
2257.72272 15.190 0.006
2265.77702 15.366 0.006
2266.74805 15.220 0.006
2270.79366 15.218 0.006
2272.64320 15.219 0.006
2274.77055 15.322 0.006
2280.76808 15.434 0.006
2289.82775 15.419 0.006
2293.78268 15.438 0.007
2295.80656 15.352 0.006
2297.79262 15.252 0.006
2300.81764 15.437 0.007
2302.77888 15.458 0.007
2304.81636 15.420 0.007
2315.70265 15.445 0.007
2324.56429 15.424 0.007
2328.54993 15.443 0.007
2334.54312 15.193 0.006
2340.53977 15.285 0.007
2347.53707 15.196 0.006
2373.49226 15.299 0.007
2385.55539 15.302 0.007
2534.88796 15.394 0.007
2539.89513 15.262 0.006
2545.86324 15.409 0.007
2553.75513 15.386 0.007
2557.82317 15.179 0.006
2561.82122 15.244 0.006
2565.82358 15.342 0.007
2574.78580 15.299 0.006
2578.84219 15.413 0.007
2584.73799 15.439 0.007
2590.81471 15.183 0.006
2596.82113 15.331 0.007
2606.71766 15.441 0.007
2609.82623 15.383 0.007
2614.79301 15.231 0.007
2619.66906 15.362 0.006
2621.79703 15.199 0.006
2624.69405 15.447 0.007
2629.81236 15.344 0.007
2632.70645 15.224 0.006
2635.80699 15.456 0.007
2638.80015 15.303 0.007
2641.76834 15.268 0.006
2643.77433 15.195 0.006
2645.77028 15.197 0.006
2647.69929 15.224 0.006
2650.78079 15.352 0.007
2653.65314 15.360 0.007
2655.70618 15.420 0.006
2657.64464 15.448 0.007
2659.79844 15.427 0.009
2660.70490 15.272 0.006
2662.71468 15.335 0.007
2664.73011 15.398 0.007
2666.78396 15.453 0.006
2668.77550 15.452 0.007
2675.80256 15.413 0.006
2677.78956 15.448 0.007
2679.80820 15.444 0.007
2682.73022 15.310 0.007
2687.62960 15.229 0.007
2692.57241 15.473 0.007
2697.51878 15.355 0.007
2702.51760 15.215 0.007
2708.54636 15.361 0.007
2724.51619 15.210 0.006
2871.92310 15.443 0.007
2884.86732 15.428 0.007
2890.88933 15.211 0.007
2896.84200 15.316 0.007
2902.77665 15.415 0.006
2911.88518 15.409 0.006
2917.78872 15.435 0.007
2923.78809 15.184 0.006
2926.84399 15.458 0.007
2931.77246 15.353 0.006
2934.81289 15.187 0.006
2940.79327 15.327 0.006
2943.79746 15.218 0.006
2947.80603 15.217 0.006
2950.71998 15.439 0.007
2954.74324 15.236 0.006
2956.78879 15.183 0.006
2958.83338 15.236 0.007
2962.82762 15.346 0.006
2964.84605 15.385 0.006
2967.77657 15.183 0.006
2970.83056 15.453 0.006
2974.76858 15.295 0.009
2976.65806 15.274 0.006
2979.64149 15.431 0.007
2983.76964 15.383 0.006
2985.81736 15.251 0.006
2987.71611 15.225 0.006
2989.65877 15.189 0.006
2991.73102 15.225 0.006
2993.73876 15.279 0.006
2995.81398 15.358 0.006
2997.78287 15.409 0.007
2998.73041 15.217 0.006
3000.73292 15.195 0.006
3002.72028 15.226 0.006
3004.72374 15.288 0.006
3006.71666 15.339 0.006
3008.73111 15.389 0.007
3010.77757 15.435 0.007
3011.79389 15.214 0.006
3016.72753 15.378 0.006
3018.75793 15.263 0.007
3020.82169 15.194 0.006
3021.84662 15.454 0.006
3023.70761 15.452 0.006
3025.67925 15.440 0.006
3027.72469 15.353 0.006
3029.70955 15.258 0.006
3031.77988 15.202 0.007
3034.61124 15.440 0.006
3036.64160 15.454 0.006
3039.58352 15.312 0.006
3042.69103 15.193 0.006
3044.63047 15.200 0.006
3046.61643 15.226 0.006
3047.71878 15.425 0.009
3048.64989 15.282 0.006
3049.67343 15.373 0.006
3051.64276 15.286 0.006
3053.61798 15.214 0.006
3055.63502 15.202 0.006
3057.66015 15.250 0.006
3059.60480 15.275 0.006
3061.59709 15.326 0.006
3066.56666 15.213 0.007
3068.59449 15.241 0.006
3073.68314 15.237 0.006
3076.60687 15.433 0.007
3079.58591 15.230 0.006
3082.67517 15.319 0.006
3085.57569 15.402 0.006
3088.53594 15.188 0.006
3091.51829 15.459 0.007
3096.56735 15.400 0.007
3099.63501 15.228 0.007
3100.49492 15.443 0.007
3103.51656 15.283 0.006
3106.53783 15.276 0.006
3109.52343 15.405 0.006
3112.57526 15.248 0.006
3116.55695 15.359 0.007
3127.55410 15.357 0.006
3133.51457 15.475 0.007
3223.91288 15.197 0.007
3242.86376 15.357 0.006
3248.91771 15.452 0.006
3258.89848 15.227 0.006
3264.86473 15.374 0.006
3271.81252 15.277 0.006
3274.81650 15.338 0.007
3278.88949 15.205 0.006
3282.78169 15.263 0.006
3287.82063 15.223 0.006
3291.75792 15.209 0.006
3295.77841 15.316 0.006
3297.77051 15.377 0.006
3299.83857 15.433 0.006
3301.83194 15.434 0.006
3305.74093 15.433 0.006
3307.76581 15.314 0.006
3309.80223 15.213 0.006
3311.79584 15.193 0.006
3320.85927 15.191 0.006
3327.81171 15.364 0.006
3330.78777 15.380 0.006
3336.64017 15.455 0.006
3339.81866 15.363 0.006
3353.81239 15.196 0.006
3357.75304 15.247 0.006
3360.72979 15.378 0.006
3365.84920 15.445 0.006
3373.81327 15.221 0.007
3378.74006 15.451 0.006
3387.73774 15.440 0.007
3394.62320 15.322 0.006
3399.77693 15.229 0.007
3403.76402 15.313 0.009
3408.68719 15.200 0.006
3413.53345 15.450 0.006
3417.62735 15.278 0.006
3427.56333 15.323 0.006
3434.51518 15.209 0.006
3440.53930 15.367 0.006
3447.50851 15.270 0.006
3456.53407 15.236 0.006
3469.48894 15.273 0.006
3478.48143 15.228 0.006
3601.89190 15.432 0.006
3619.89465 15.379 0.006
3636.83348 15.441 0.007
3640.78340 15.317 0.006
3651.81728 15.287 0.006
3654.86348 15.431 0.006
3658.82715 15.445 0.006
3661.87290 15.353 0.006
3665.84610 15.429 0.006
3670.81571 15.293 0.006
3673.82600 15.248 0.006
3676.82616 15.436 0.006
3685.76551 15.386 0.006
3687.85223 15.435 0.006
3690.77418 15.249 0.006
3693.80984 15.335 0.006
3695.84093 15.218 0.006
3698.83056 15.448 0.006
3701.69953 15.217 0.006
3703.78331 15.286 0.006
3705.84751 15.367 0.006
3708.83524 15.200 0.006
3712.79278 15.258 0.006
3715.75846 15.355 0.006
3718.69427 15.386 0.006
3720.84406 15.445 0.007
3724.76166 15.426 0.006
3728.73970 15.250 0.006
3731.80278 15.440 0.006
3733.66553 15.447 0.006
3735.65337 15.442 0.006
3737.81189 15.286 0.006
3740.77524 15.416 0.006
3742.78580 15.466 0.007
3745.81781 15.285 0.006
3747.82054 15.345 0.007
3749.76785 15.363 0.007
3751.78169 15.418 0.006
3753.73108 15.435 0.006
3755.73117 15.458 0.006
3757.72090 15.413 0.006
3759.81120 15.265 0.006
3763.68320 15.187 0.006
3766.69980 15.463 0.006
3770.72735 15.286 0.006
3773.75860 15.416 0.006
3776.73294 15.221 0.006
3783.60021 15.265 0.006
3788.57439 15.460 0.006
3793.57995 15.344 0.006
3801.51572 15.444 0.006
3810.55057 15.458 0.006
3826.49142 15.331 0.006
3958.88150 15.465 0.007
3965.85132 15.411 0.006
3970.87144 15.289 0.006
3982.82223 15.394 0.006
3993.77491 15.408 0.006
3999.86642 15.205 0.006
4003.74235 15.255 0.006
4006.76350 15.305 0.006
4008.78441 15.220 0.006
4013.79602 15.449 0.006
4019.79718 15.208 0.006
4026.85923 15.328 0.006
4029.80359 15.395 0.006
4032.84018 15.213 0.006
4038.78624 15.353 0.006
4041.74613 15.202 0.006
4043.75117 15.202 0.006
4046.84430 15.416 0.006
4049.71442 15.338 0.006
4052.77577 15.190 0.006
4054.76191 15.202 0.006
4056.82105 15.265 0.006
4059.71581 15.374 0.006
4064.78346 15.446 0.006
4066.78343 15.458 0.006
4069.73650 15.309 0.006
4071.66445 15.346 0.006
4076.73667 15.215 0.006
4079.77815 15.405 0.006
4082.82607 15.378 0.006
4084.79132 15.413 0.006
4086.81634 15.445 0.006
4103.64098 15.352 0.006
4106.57279 15.382 0.006
4111.79511 15.290 0.006
4117.73573 15.411 0.006
4127.66433 15.237 0.006
4132.75326 15.428 0.006
4143.54049 15.454 0.007
4157.53273 15.296 0.007
4168.57350 15.319 0.006
4198.52607 15.460 0.007
4343.85899 15.205 0.006
4348.82789 15.372 0.006
4353.85926 15.432 0.007
4358.81128 15.292 0.007
4364.89765 15.437 0.007
4367.87148 15.265 0.006
4370.89316 15.306 0.006
4373.84918 15.403 0.007
4378.75260 15.244 0.007
4381.74078 15.389 0.007
4386.85866 15.450 0.007
4390.82065 15.424 0.007
4394.86724 15.216 0.006
4399.79496 15.463 0.007
4412.78237 15.416 0.007
4423.73272 15.434 0.006
4427.73480 15.252 0.006
4430.73810 15.448 0.007
4433.75565 15.275 0.006
4437.75361 15.382 0.007
4440.69785 15.200 0.006
4443.79033 15.453 0.007
4444.83318 15.307 0.007
4448.69883 15.373 0.007
4449.74629 15.222 0.006
4449.76126 15.219 0.006
4450.70919 15.417 0.007
4451.64436 15.194 0.006
4451.79687 15.207 0.006
4452.85714 15.445 0.007
4453.63323 15.198 0.006
4454.65681 15.463 0.007
4455.64357 15.248 0.006
4455.76226 15.292 0.007
4456.72431 15.400 0.006
4457.69906 15.321 0.006
4457.79348 15.354 0.007
4458.62146 15.377 0.006
4459.60572 15.347 0.007
4459.76070 15.386 0.006
4461.61908 15.381 0.006
4461.76401 15.423 0.007
4462.63643 15.201 0.006
4462.78618 15.196 0.006
4463.62998 15.434 0.006
4463.75744 15.450 0.006
4464.63233 15.208 0.006
4464.76176 15.240 0.006
4465.63922 15.464 0.006
4465.77419 15.442 0.006
4466.64882 15.261 0.006
4466.74017 15.287 0.006
4467.60771 15.453 0.007
4467.68454 15.414 0.006
4468.64028 15.310 0.006
4468.73844 15.337 0.006
4469.62461 15.355 0.006
4470.62132 15.351 0.006
4470.69399 15.379 0.006
4471.60692 15.247 0.009
4471.76879 15.200 0.006
4472.60315 15.397 0.006
4472.77579 15.441 0.006
4473.73714 15.208 0.006
4476.75810 15.448 0.006
4482.79898 15.195 0.006
4485.78930 15.456 0.007
4490.63654 15.314 0.006
4494.70260 15.428 0.007
4498.72699 15.432 0.006
4501.72433 15.344 0.007
4506.65834 15.201 0.006
4508.68520 15.240 0.006
4509.74931 15.421 0.006
4512.71884 15.350 0.006
4518.65903 15.458 0.007
4521.69958 15.316 0.006
4523.67859 15.349 0.007
4525.64320 15.392 0.006
4531.62691 15.453 0.006
4534.55580 15.320 0.007
4537.67158 15.199 0.006
4539.59085 15.195 0.006
4542.50823 15.462 0.007
