 455.64416 15.000 0.006
 455.72554 15.011 0.006
 455.77313 15.006 0.006
 456.59320 14.965 0.006
 456.64294 14.960 0.006
 456.71367 14.954 0.006
 456.76112 14.954 0.006
 456.81258 14.953 0.006
 457.56092 14.916 0.006
 457.60485 14.914 0.006
 457.66353 14.912 0.006
 457.72209 14.912 0.006
 457.78074 14.901 0.006
 458.63725 14.925 0.006
 458.69595 14.937 0.006
 459.55452 14.972 0.006
 459.60069 14.978 0.006
 459.65925 14.974 0.006
 459.71869 14.981 0.006
 459.76253 14.979 0.006
 459.80634 14.982 0.006
 461.56541 14.967 0.006
 461.60922 14.968 0.006
 461.66783 14.953 0.006
 461.73401 14.960 0.006
 461.79600 14.943 0.006
 462.56592 14.911 0.006
 462.62456 14.912 0.006
 462.67056 14.909 0.006
 465.66938 15.003 0.006
 465.71706 14.999 0.006
 465.80191 14.995 0.006
 466.65315 14.955 0.006
 466.71967 14.962 0.006
 466.80464 14.958 0.006
 467.65679 14.912 0.006
 467.76140 14.916 0.006
 467.82734 14.902 0.006
 468.66348 14.930 0.006
 468.73367 14.926 0.006
 468.79226 14.940 0.006
 468.82883 14.937 0.006
 469.66435 14.978 0.006
 469.74247 14.971 0.006
 469.80139 14.989 0.006
 470.73914 15.004 0.006
 471.65020 14.953 0.006
 471.78696 14.944 0.006
 472.62476 14.918 0.006
 472.66864 14.905 0.006
 472.71245 14.914 0.006
 472.77836 14.915 0.006
 473.69243 14.921 0.006
 474.70433 14.971 0.006
 474.77078 14.992 0.006
 475.53874 15.002 0.006
 475.59753 15.002 0.006
 475.66367 14.995 0.006
 475.71579 14.992 0.006
 475.76289 15.002 0.006
 476.74850 14.943 0.006
 477.53549 14.918 0.006
 477.58676 14.912 0.006
 477.73423 14.907 0.006
 477.81511 14.907 0.006
 477.85933 14.918 0.006
 478.54161 14.915 0.006
 478.76203 14.943 0.006
 478.82099 14.936 0.006
 479.54046 14.969 0.006
 479.58436 14.972 0.006
 479.76183 14.981 0.006
 479.82199 14.985 0.006
 480.57651 15.003 0.006
 480.65768 15.000 0.006
 480.75123 15.009 0.006
 480.79537 14.996 0.006
 481.56171 14.961 0.006
 481.71010 14.949 0.006
 481.75406 14.946 0.006
 481.79802 14.942 0.006
 482.71092 14.908 0.006
 482.78885 14.907 0.006
 483.57721 14.935 0.006
 483.62163 14.936 0.006
 483.66553 14.932 0.006
 483.70951 14.928 0.006
 483.75341 14.937 0.006
 483.79733 14.942 0.006
 484.57587 14.975 0.006
 484.68455 14.981 0.006
 484.72893 14.993 0.006
 484.77291 14.981 0.006
 485.57952 15.002 0.006
 485.72643 14.999 0.006
 485.77058 14.988 0.006
 486.57602 14.957 0.006
 486.62156 14.954 0.006
 486.71809 14.947 0.006
 486.76329 14.947 0.006
 487.60300 14.907 0.006
 487.65120 14.911 0.006
 487.69903 14.905 0.006
 487.74317 14.905 0.006
 487.78734 14.900 0.006
 488.58847 14.929 0.006
 488.63247 14.933 0.006
 488.70131 14.940 0.006
 488.74532 14.929 0.006
 488.78939 14.935 0.006
 489.56424 14.969 0.006
 489.65322 14.979 0.006
 489.69713 14.974 0.006
 489.74105 14.976 0.006
 489.78507 14.975 0.006
 490.55746 15.004 0.006
 490.69466 14.997 0.006
 490.73877 15.003 0.006
 490.78277 14.990 0.006
 491.58198 14.958 0.006
 491.63379 14.951 0.006
 491.67791 14.954 0.006
 491.79133 14.935 0.006
 492.56617 14.908 0.006
 492.64050 14.900 0.006
 492.68635 14.918 0.006
 493.56919 14.921 0.006
 493.61369 14.932 0.006
 494.56391 14.972 0.006
 494.60782 14.981 0.006
 494.65209 14.975 0.006
 494.69637 14.979 0.006
 494.74138 14.974 0.006
 495.56669 14.999 0.006
 495.64035 15.000 0.006
 495.69384 14.986 0.006
 496.56210 14.961 0.006
 496.60685 14.949 0.006
 496.65093 14.950 0.006
 496.69583 14.951 0.006
 497.73529 14.908 0.006
 498.56118 14.932 0.006
 498.60523 14.915 0.006
 498.71897 14.929 0.006
 498.76290 14.942 0.006
 499.55614 14.969 0.006
 499.60182 14.974 0.006
 499.74212 14.976 0.006
 500.56908 14.993 0.006
 500.59885 14.999 0.006
 500.64372 14.986 0.006
 500.69489 14.996 0.006
 500.73932 14.995 0.006
 501.56303 14.953 0.006
 501.68178 14.939 0.006
 507.55143 14.908 0.006
 507.59666 14.908 0.006
 507.66846 14.904 0.006
 509.54733 14.969 0.006
 509.59440 14.975 0.006
 509.64672 14.974 0.006
 510.58896 15.011 0.006
 510.63453 14.999 0.006
 510.68212 14.996 0.006
 511.67441 14.929 0.006
 512.58105 14.911 0.006
 512.62943 14.904 0.006
 512.70371 14.902 0.006
 512.74924 14.897 0.006
 513.56136 14.936 0.006
 513.60694 14.928 0.006
 513.69861 14.922 0.006
 513.74586 14.936 0.006
 514.56961 14.972 0.006
 514.63867 14.978 0.006
 514.68901 14.985 0.006
 514.73587 14.979 0.006
 515.56376 15.000 0.006
 515.61851 15.000 0.006
 515.66672 14.985 0.006
 516.57005 14.950 0.006
 516.62423 14.942 0.006
 516.67122 14.942 0.006
 516.71776 14.940 0.006
 517.56805 14.907 0.006
 517.61790 14.902 0.006
 517.66788 14.895 0.006
 517.71406 14.895 0.006
 518.60539 14.929 0.006
 518.65065 14.937 0.006
 518.69972 14.940 0.006
 519.56603 14.979 0.006
 519.61265 14.971 0.006
 519.68018 14.983 0.006
 520.70682 14.988 0.006
 521.56231 14.946 0.006
 521.60746 14.943 0.006
 521.67022 14.936 0.006
 523.57141 14.933 0.006
 523.62381 14.942 0.006
 523.67369 14.937 0.006
 524.56369 14.981 0.006
 524.61380 14.983 0.006
 526.55097 14.954 0.006
 526.65297 14.935 0.006
 527.67615 14.911 0.006
 530.56628 15.000 0.006
 531.56366 14.944 0.006
 532.55313 14.911 0.006
 533.57041 14.930 0.006
 534.55958 14.975 0.006
 534.60375 14.979 0.006
 534.65550 14.983 0.006
 535.54421 14.996 0.006
 535.60451 14.983 0.006
 535.67822 14.990 0.006
 536.52327 14.955 0.006
 536.56853 14.950 0.006
 536.61902 14.937 0.006
 537.51793 14.923 0.006
 537.61813 14.916 0.006
 537.66498 14.919 0.006
 538.50593 14.935 0.006
 538.55769 14.942 0.006
 539.51456 14.988 0.006
 539.62568 14.986 0.006
 539.66976 15.007 0.006
 540.54478 15.004 0.006
 540.67581 15.000 0.006
 541.52495 14.951 0.006
 541.58200 14.955 0.006
 542.51403 14.907 0.006
 542.56594 14.908 0.006
 542.61340 14.901 0.006
 542.65754 14.902 0.006
 543.55223 14.930 0.006
 543.59632 14.933 0.006
 543.63340 14.942 0.006
 543.67741 14.936 0.006
 544.50505 14.983 0.006
 544.54936 14.979 0.006
 544.59362 14.990 0.006
 544.63883 14.979 0.006
 551.49478 14.942 0.006
 552.50307 14.904 0.006
 553.51152 14.932 0.006
 553.62226 14.933 0.006
 554.48827 14.975 0.006
 554.57374 14.979 0.006
 555.49459 15.003 0.006
 557.59515 14.907 0.006
 558.54198 14.939 0.006
 559.52574 14.988 0.006
 560.50384 14.990 0.006
 561.50386 14.957 0.006
 562.50537 14.904 0.006
 564.50656 14.967 0.006
 565.51235 14.989 0.006
 566.50637 14.943 0.006
 567.50744 14.897 0.006
 568.49270 14.926 0.006
 569.50253 14.982 0.006
 571.48833 14.940 0.006
 572.51718 14.901 0.006
 573.52103 14.939 0.006
 574.47944 14.985 0.006
 575.47808 14.993 0.006
 576.49312 14.922 0.006
 577.48704 14.902 0.006
 578.50006 14.940 0.006
 582.48275 14.898 0.006
 583.48550 14.937 0.006
 672.87086 14.921 0.006
 689.90134 15.002 0.006
 699.90474 15.002 0.006
 701.82166 14.915 0.006
 704.86414 15.002 0.006
 706.84561 14.908 0.006
 714.81302 15.007 0.006
 716.77760 14.918 0.006
 720.83397 14.950 0.006
 728.77283 14.972 0.006
 729.77282 15.002 0.006
 730.72839 14.953 0.006
 733.81935 14.972 0.006
 741.82263 14.905 0.006
 745.77744 14.951 0.006
 747.82587 14.943 0.006
 753.77381 14.986 0.006
 759.81427 14.995 0.006
 766.78844 14.921 0.006
 772.80754 14.946 0.006
 775.78925 14.947 0.006
 779.80789 14.999 0.006
 781.82478 14.919 0.006
 787.78433 14.950 0.006
 789.76831 14.995 0.006
 790.77883 14.935 0.006
 795.73643 14.930 0.006
 796.80828 14.900 0.006
 797.73610 14.929 0.006
 798.70807 14.985 0.006
 805.79298 14.926 0.006
 816.76401 14.908 0.006
 817.68323 14.937 0.006
 819.78291 14.988 0.006
 822.79709 14.955 0.006
 824.82639 15.000 0.006
 826.64988 14.914 0.006
 829.72049 14.999 0.006
 832.67668 14.944 0.006
 836.77549 14.915 0.006
 840.65488 14.919 0.006
 843.65536 14.986 0.006
 850.62893 14.925 0.006
 854.65969 14.989 0.006
 855.63367 14.929 0.006
 856.59996 14.898 0.006
 858.57256 14.989 0.006
 864.67572 14.983 0.006
 866.63465 14.912 0.006
 875.54788 14.928 0.006
 879.63440 15.003 0.006
 880.53349 14.953 0.006
 887.54677 14.946 0.006
 892.63031 14.958 0.006
 895.52121 14.933 0.006
 898.52801 14.997 0.006
 918.51509 14.997 0.006
 922.59541 14.967 0.006
 928.52131 15.002 0.006
 931.54327 14.916 0.006
 933.55304 15.010 0.006
 947.49269 14.957 0.006
 951.54265 14.932 0.006
1045.87472 14.916 0.006
1051.86128 14.943 0.006
1052.89649 14.993 0.006
1053.87664 15.000 0.006
1054.89237 14.940 0.006
1055.86487 14.929 0.006
1059.87763 14.932 0.006
1061.88736 14.950 0.006
1068.87174 14.978 0.006
1069.88243 14.925 0.006
1071.89947 14.940 0.006
1081.85988 14.950 0.006
1087.80695 15.002 0.006
1091.80943 14.943 0.006
1095.79116 14.922 0.006
1102.79187 15.002 0.006
1106.84692 14.960 0.006
1107.77468 14.996 0.006
1113.78747 14.986 0.006
1119.79221 14.916 0.006
1126.81410 14.958 0.006
1131.68604 14.936 0.006
1132.73803 14.992 0.006
1136.77129 14.962 0.006
1138.79547 14.974 0.006
1142.66248 14.989 0.006
1144.73142 14.919 0.006
1151.75726 14.957 0.006
1155.75652 14.911 0.006
1158.75409 14.965 0.006
1161.73202 14.957 0.006
1165.75271 14.916 0.006
1169.74764 14.919 0.006
1174.72145 14.915 0.006
1179.73827 14.915 0.006
1181.81033 14.954 0.006
1186.76477 14.957 0.006
1187.82603 15.004 0.006
1188.75403 14.964 0.006
1196.70474 14.961 0.006
1201.71365 14.954 0.006
1203.73204 14.968 0.006
1207.59042 15.002 0.006
1211.62815 14.969 0.006
1214.62902 14.911 0.006
1217.60391 14.995 0.006
1220.60874 14.930 0.006
1223.63495 14.967 0.006
1225.57591 14.914 0.006
1227.65644 15.002 0.006
1231.55231 14.974 0.006
1234.60055 14.921 0.006
1236.60803 14.969 0.006
1240.55850 14.916 0.006
1242.66223 15.003 0.006
1244.60967 14.905 0.006
1247.54238 14.990 0.006
1252.65828 14.990 0.006
1256.52716 14.965 0.006
1260.55124 14.921 0.006
1265.52758 14.915 0.006
1273.57347 14.971 0.006
1277.50975 14.992 0.006
1288.50804 14.969 0.006
1290.57541 14.926 0.006
1296.51279 14.975 0.006
1298.55071 14.947 0.006
1301.49241 14.975 0.006
1305.53822 14.937 0.006
1308.46774 14.954 0.006
1313.51421 14.958 0.006
1316.50611 15.007 0.006
1319.48231 14.907 0.006
1329.52196 14.915 0.006
1332.49718 15.007 0.006
1339.48071 14.919 0.006
1412.84064 14.979 0.006
1418.83786 14.914 0.006
1430.89235 14.969 0.006
1432.82619 14.968 0.006
1435.80221 14.953 0.006
1437.78612 14.983 0.006
1440.83380 14.958 0.006
1446.84585 14.989 0.006
1447.87140 14.957 0.006
1451.76651 15.013 0.006
1455.83446 14.982 0.006
1458.85747 14.915 0.006
1459.77312 14.939 0.006
1462.77737 14.969 0.006
1470.83778 14.975 0.006
1475.75037 14.967 0.006
1478.70577 14.914 0.006
1478.84062 14.911 0.006
1481.67944 15.004 0.006
1487.70882 14.960 0.006
1490.70564 14.969 0.006
1492.69875 14.960 0.006
1495.69727 14.974 0.006
1497.82345 14.957 0.006
1499.65508 14.925 0.006
1502.65026 14.962 0.006
1505.69087 14.972 0.006
1507.82437 14.950 0.006
1510.80037 14.972 0.006
1512.69708 14.962 0.006
1514.80819 14.937 0.006
1517.64365 14.964 0.006
1519.71732 14.925 0.006
1521.65305 14.993 0.006
1523.77380 14.900 0.006
1525.76815 14.974 0.006
1527.69709 14.958 0.006
1528.74346 14.911 0.006
1529.76459 14.926 0.006
1531.75768 15.003 0.006
1538.71426 14.904 0.006
1541.67036 14.993 0.006
1542.70024 14.949 0.006
1544.62620 14.937 0.006
1547.75314 14.936 0.006
1548.73074 14.900 0.006
1549.72499 14.930 0.006
1552.58975 14.965 0.006
1554.71622 14.932 0.006
1555.72296 14.979 0.006
1562.72589 14.944 0.006
1564.60448 14.929 0.006
1567.69710 14.933 0.006
1570.60242 14.976 0.006
1574.77489 14.947 0.006
1577.72660 14.949 0.006
1580.76066 14.978 0.006
1583.64600 14.914 0.006
1585.73262 14.979 0.006
1588.74031 14.912 0.006
1591.71320 14.997 0.006
1593.57454 14.908 0.006
1595.72834 14.993 0.006
1596.70830 14.999 0.006
1599.63013 14.943 0.006
1601.70621 14.990 0.006
1604.58770 14.944 0.006
1606.62265 14.988 0.006
1609.66398 14.936 0.006
1610.64907 14.997 0.006
1613.54011 14.911 0.006
1615.57207 14.985 0.006
1617.64340 14.940 0.006
1619.62709 14.937 0.006
1620.57825 14.990 0.006
1622.52841 14.939 0.006
1624.52496 14.933 0.006
1626.52581 14.986 0.006
1627.64693 14.929 0.006
1629.52591 14.933 0.006
1630.60736 14.981 0.006
1632.54390 14.937 0.006
1634.52160 14.944 0.006
1650.52897 14.981 0.006
1654.55095 14.951 0.006
1656.53716 15.004 0.006
1659.54459 14.943 0.006
1661.56858 14.996 0.006
1664.53025 14.944 0.006
1667.53544 14.932 0.006
1670.55721 14.978 0.006
1672.54618 14.936 0.006
1681.49758 14.972 0.006
1769.88904 14.979 0.006
1771.91586 14.944 0.006
1772.89571 14.909 0.006
1775.89680 14.996 0.006
1784.88138 14.981 0.006
1789.87009 14.985 0.006
1804.81971 14.978 0.006
1808.90026 14.922 0.006
1812.81480 14.912 0.006
1816.82614 14.940 0.006
1821.81671 14.930 0.006
1823.85885 14.940 0.006
1826.84194 14.940 0.006
1829.81565 14.978 0.006
1830.82898 14.993 0.006
1834.86793 14.986 0.006
1859.80506 14.992 0.006
1861.82227 14.932 0.006
1864.79971 15.002 0.006
1865.77986 14.988 0.006
1868.81927 14.955 0.006
1870.75257 14.997 0.006
1871.83653 14.935 0.006
1873.79610 14.935 0.006
2190.82726 14.921 0.006
2193.79178 14.977 0.006
2227.70424 14.956 0.006
2250.78200 14.911 0.006
2257.69848 14.955 0.006
2270.76248 14.891 0.006
2271.84323 14.924 0.006
2272.74868 14.947 0.006
2276.80160 14.919 0.006
2280.74419 14.907 0.006
2282.74010 14.946 0.006
2289.80358 14.954 0.006
2292.82001 14.958 0.006
2294.78812 14.947 0.007
2296.80881 14.956 0.007
2298.80244 14.987 0.007
2300.78007 14.910 0.006
2304.79163 14.953 0.007
2315.67893 14.909 0.006
2328.52368 14.910 0.007
2334.51697 14.957 0.006
2364.50646 14.974 0.007
2545.83527 14.928 0.006
2574.74973 14.901 0.006
2578.81808 14.915 0.007
2614.77734 14.927 0.007
2618.80793 14.938 0.007
2642.75583 14.980 0.007
2644.75481 14.909 0.006
2656.69466 14.965 0.007
2658.65709 14.941 0.006
2660.67627 14.944 0.006
2662.69085 14.982 0.006
2870.92906 14.961 0.007
2890.86355 14.989 0.007
2917.76302 14.941 0.006
2922.88518 14.928 0.007
2926.81812 14.989 0.007
2949.87036 14.935 0.007
2958.80465 14.900 0.006
2962.80179 14.908 0.006
2965.82480 14.978 0.006
2973.76601 14.928 0.006
2980.74848 14.971 0.006
2984.78814 14.936 0.006
2997.75738 14.921 0.006
3000.70597 14.991 0.006
3002.69426 14.925 0.006
3004.69512 14.935 0.006
3010.71309 14.970 0.007
3011.76805 14.952 0.007
3021.82000 14.961 0.006
3031.75406 14.966 0.006
3033.81765 14.931 0.006
3041.66605 14.979 0.007
3043.67676 14.918 0.007
3047.69328 14.932 0.007
3048.62449 14.923 0.006
3058.62948 14.934 0.006
3060.67910 15.003 0.006
3068.56496 14.932 0.007
3070.63721 14.996 0.007
3076.58090 14.973 0.007
3078.66769 14.928 0.006
3082.64469 14.917 0.006
3085.54713 14.982 0.007
3088.51013 14.921 0.006
3093.53444 14.911 0.007
3111.54653 14.977 0.007
3242.83830 14.925 0.006
3248.89105 14.970 0.007
3270.90539 14.962 0.006
3304.87092 15.003 0.006
3309.77250 14.979 0.006
3320.81808 14.976 0.006
3334.84384 14.992 0.007
3339.79167 15.006 0.006
3353.83797 14.992 0.006
3363.77535 14.985 0.006
3378.71453 14.985 0.006
3387.70757 14.939 0.006
3396.64849 14.932 0.006
3399.75111 15.007 0.006
3403.73847 14.992 0.006
3408.62292 14.979 0.006
3413.57790 14.990 0.006
3417.59499 14.957 0.006
3425.60314 14.963 0.006
3431.59113 14.936 0.006
3437.56667 14.968 0.006
3658.80191 14.998 0.006
3665.82070 14.924 0.006
3673.80054 15.001 0.006
3684.85458 14.946 0.006
3687.82694 14.995 0.006
3990.89983 14.970 0.006
4003.71731 14.945 0.006
4005.89303 14.962 0.006
4013.75992 14.933 0.006
4472.64319 14.897 0.006
