2166.86702 15.480 0.006
2189.87256 15.490 0.006
2192.77508 15.627 0.006
2201.78729 15.503 0.006
2212.81953 15.668 0.007
2217.80392 15.459 0.006
2223.82448 15.546 0.006
2228.84226 15.559 0.006
2230.75570 15.455 0.006
2232.77590 15.593 0.006
2234.76989 15.571 0.006
2240.84946 15.623 0.007
2242.85520 15.563 0.007
2248.73644 15.550 0.006
2251.76610 15.593 0.006
2253.78942 15.386 0.006
2255.71197 15.181 0.006
2258.71693 15.413 0.006
2261.68422 15.234 0.006
2264.82006 15.485 0.006
2269.79296 15.165 0.006
2271.74124 15.661 0.006
2273.83160 15.535 0.006
2275.80506 15.264 0.006
2277.80785 15.421 0.006
2279.80466 15.623 0.006
2281.76753 15.416 0.006
2283.82472 15.197 0.006
2289.76159 15.317 0.006
2291.76772 15.581 0.007
2293.73609 15.632 0.007
2295.75712 15.460 0.006
2297.74807 15.339 0.006
2299.78044 15.687 0.007
2301.68590 15.561 0.006
2303.68129 15.394 0.006
2323.58400 15.481 0.006
2326.59101 15.327 0.006
2332.53445 15.404 0.007
2338.55697 15.508 0.006
2356.50019 15.199 0.006
2524.87761 15.492 0.006
2542.84341 15.510 0.006
2544.90250 15.440 0.007
2551.89267 15.604 0.007
2559.83062 15.521 0.006
2563.87584 15.354 0.006
2573.80159 15.552 0.007
2577.86437 15.474 0.006
2583.76081 15.365 0.006
2589.80222 15.366 0.006
2596.69070 15.501 0.007
2605.76974 15.657 0.007
2609.68014 15.481 0.007
2611.68381 15.559 0.007
2617.83042 15.440 0.006
2620.79944 15.306 0.006
2623.77266 15.504 0.006
2626.69778 15.343 0.007
2627.63953 15.617 0.008
2628.86487 15.288 0.007
2630.85364 15.485 0.007
2632.64432 15.434 0.006
2635.63841 15.570 0.006
2637.78282 15.495 0.006
2639.79483 15.516 0.006
2641.67322 15.600 0.007
2643.68180 15.507 0.006
2645.67261 15.442 0.006
2647.59938 15.571 0.006
2651.66837 15.447 0.006
2653.69618 15.504 0.007
2655.67747 15.576 0.006
2657.81045 15.534 0.007
2659.68222 15.428 0.006
2661.70231 15.578 0.006
2665.80422 15.453 0.006
2671.81018 15.517 0.006
2675.74063 15.554 0.006
2679.77010 15.439 0.006
2682.62542 15.383 0.006
2686.61855 15.660 0.007
2691.56389 15.452 0.007
2695.60272 15.421 0.007
2700.55371 15.660 0.007
2713.53889 15.356 0.007
2841.94322 15.174 0.006
2868.90568 15.518 0.007
2890.84876 15.471 0.007
2895.88443 15.506 0.006
2900.84664 15.293 0.006
2906.87109 15.327 0.006
2910.90441 15.529 0.007
2922.78471 15.301 0.006
2925.87309 15.512 0.006
2930.78566 15.544 0.007
2933.83007 15.608 0.006
2939.83845 15.512 0.007
2941.85647 15.622 0.006
2943.73132 15.519 0.007
2946.83436 15.480 0.006
2948.82468 15.255 0.006
2952.82067 15.575 0.007
2956.66406 15.210 0.006
2958.69083 15.638 0.007
2962.70173 15.231 0.006
2965.71877 15.420 0.006
2967.81814 15.451 0.006
2970.78370 15.172 0.006
2974.72332 15.516 0.006
2976.75721 15.260 0.006
2978.65170 15.643 0.007
2980.67814 15.621 0.007
2982.63727 15.426 0.007
2984.67841 15.363 0.006
2986.76626 15.667 0.007
2988.73427 15.539 0.007
2990.66759 15.337 0.006
2992.75724 15.609 0.007
2994.66853 15.628 0.007
2996.75536 15.444 0.006
2998.71010 15.413 0.006
2999.80319 15.430 0.006
3001.68085 15.322 0.006
3003.67650 15.515 0.006
3005.63349 15.425 0.006
3007.75198 15.351 0.006
3009.68777 15.382 0.006
3011.63336 15.506 0.007
3013.66402 15.368 0.006
3017.63935 15.524 0.006
3018.73117 15.416 0.006
3020.80643 15.668 0.007
3022.83290 15.628 0.006
3024.78142 15.491 0.006
3026.77878 15.494 0.006
3028.79086 15.680 0.006
3030.79109 15.564 0.006
3033.71845 15.432 0.006
3035.72469 15.297 0.006
3038.70308 15.494 0.006
3040.70273 15.555 0.007
3042.64632 15.616 0.007
3044.58020 15.517 0.007
3046.59570 15.458 0.006
3048.58060 15.606 0.006
3050.59950 15.562 0.006
3052.59658 15.462 0.006
3054.59737 15.543 0.006
3056.59460 15.576 0.006
3058.58833 15.503 0.006
3060.60883 15.453 0.006
3064.61340 15.548 0.007
3067.67032 15.549 0.006
3069.63045 15.328 0.006
3073.54526 15.621 0.007
3075.63460 15.467 0.006
3078.55448 15.509 0.007
3082.54348 15.480 0.007
3084.61993 15.547 0.006
3087.58221 15.645 0.007
3090.53771 15.529 0.007
3098.62691 15.523 0.007
3101.58459 15.649 0.008
3104.55787 15.519 0.006
3111.53142 15.415 0.006
3114.52539 15.372 0.006
3126.48983 15.477 0.006
3144.50515 15.275 0.006
3224.90527 15.564 0.007
3247.91015 15.555 0.006
3256.88841 15.159 0.006
3263.86316 15.515 0.006
3268.87896 15.420 0.006
3273.85047 15.383 0.006
3276.86866 15.271 0.006
3281.83352 15.393 0.006
3289.84689 15.498 0.006
3294.84506 15.629 0.006
3296.85042 15.474 0.006
3301.70133 15.290 0.006
3303.87036 15.475 0.006
3306.84500 15.640 0.006
3308.86192 15.635 0.006
3311.67203 15.507 0.006
3320.70517 15.636 0.006
3329.83424 15.260 0.006
3334.73400 15.631 0.006
3338.78977 15.478 0.006
3354.76380 15.501 0.006
3358.64532 15.489 0.006
3361.74109 15.466 0.006
3363.73123 15.235 0.006
3367.68476 15.568 0.006
3372.70354 15.481 0.006
3386.76552 15.486 0.006
3391.61091 15.282 0.006
3395.67495 15.602 0.006
3398.72268 15.520 0.006
3402.66793 15.360 0.006
3404.59580 15.521 0.006
3408.54923 15.316 0.006
3412.59446 15.501 0.006
3414.62603 15.376 0.006
3419.59690 15.421 0.006
3426.53238 15.475 0.006
3433.58357 15.449 0.006
3443.55420 15.624 0.006
3453.52062 15.452 0.006
3575.92587 15.485 0.006
3589.90928 15.480 0.006
3617.89414 15.497 0.006
3629.83360 15.218 0.006
3634.79969 15.602 0.006
3640.76881 15.509 0.006
3641.84357 15.371 0.006
3650.83890 15.573 0.006
3653.86683 15.566 0.006
3657.81738 15.165 0.006
3660.78304 15.425 0.006
3664.81850 15.534 0.006
3668.77580 15.463 0.006
3672.76428 15.474 0.006
3676.86578 15.550 0.006
3684.80996 15.523 0.006
3687.72894 15.659 0.006
3689.82754 15.536 0.006
3692.75190 15.493 0.006
3694.82589 15.410 0.006
3696.70115 15.414 0.006
3699.71341 15.433 0.006
3701.76432 15.684 0.006
3704.73078 15.495 0.006
3706.78498 15.464 0.006
3711.67599 15.476 0.006
3713.68965 15.540 0.006
3719.76647 15.410 0.006
3722.82568 15.351 0.006
3726.68889 15.503 0.006
3728.66165 15.344 0.006
3731.76220 15.547 0.006
3733.64841 15.452 0.006
3734.75136 15.417 0.006
3736.77026 15.311 0.006
3737.65890 15.585 0.006
3739.72099 15.479 0.006
3741.82725 15.505 0.006
3743.72513 15.642 0.006
3746.76755 15.511 0.006
3748.72019 15.434 0.006
3750.72637 15.260 0.006
3752.73441 15.348 0.006
3754.75574 15.525 0.006
3755.67547 15.545 0.006
3757.64960 15.601 0.006
3759.61530 15.503 0.006
3762.70011 15.429 0.006
3765.72201 15.563 0.006
3769.76262 15.526 0.006
3772.73098 15.182 0.006
3775.72289 15.441 0.006
3778.70142 15.204 0.006
3782.60956 15.559 0.006
3786.58563 15.273 0.006
3791.58194 15.530 0.006
3798.58169 15.357 0.006
3806.51153 15.317 0.006
3820.51427 15.387 0.006
3945.90929 15.554 0.006
3965.93246 15.324 0.006
3971.82427 15.243 0.006
3974.92457 15.394 0.006
3981.81544 15.623 0.006
3995.85029 15.629 0.007
4002.84643 15.327 0.006
4005.79642 15.405 0.006
4007.80064 15.667 0.006
4018.76661 15.519 0.006
4023.82010 15.626 0.006
4026.73067 15.524 0.006
4028.86680 15.370 0.006
4031.75448 15.545 0.006
4037.86337 15.627 0.006
4040.83066 15.524 0.006
4042.84540 15.362 0.006
4046.72131 15.559 0.006
4048.81026 15.446 0.006
4052.65308 15.465 0.006
4053.85077 15.496 0.006
4056.69431 15.357 0.006
4059.68154 15.490 0.006
4064.64963 15.198 0.006
4066.62741 15.549 0.006
4069.69302 15.496 0.006
4071.62134 15.533 0.006
4076.69380 15.465 0.006
4079.70641 15.531 0.006
4082.69675 15.596 0.006
4084.77661 15.364 0.006
4087.69606 15.456 0.006
4093.79023 15.517 0.006
4104.82011 15.522 0.006
4113.69961 15.505 0.006
4119.63782 15.514 0.006
4122.68668 15.676 0.006
4125.73414 15.399 0.006
4129.73357 15.403 0.006
4142.59639 15.612 0.007
4150.56840 15.644 0.007
4154.58438 15.476 0.007
4166.52679 15.548 0.007
4184.51971 15.544 0.007
4340.91692 15.552 0.006
4346.90501 15.538 0.007
4351.84544 15.576 0.007
4357.85719 15.597 0.007
4363.78561 15.558 0.007
4365.80924 15.547 0.007
4369.80482 15.476 0.007
4372.77949 15.203 0.006
4376.87005 15.515 0.006
4379.87658 15.544 0.007
4383.88064 15.450 0.006
4388.87456 15.646 0.007
4393.74845 15.475 0.006
4398.82366 15.437 0.006
4403.76425 15.346 0.006
4411.75948 15.397 0.006
4417.84224 15.340 0.006
4421.75466 15.440 0.006
4425.82784 15.363 0.006
4429.73858 15.369 0.007
4432.78017 15.563 0.006
4436.70664 15.654 0.007
4439.75082 15.364 0.006
4442.72819 15.574 0.007
4448.78388 15.461 0.006
4450.78857 15.647 0.007
4453.76438 15.354 0.006
4456.77771 15.540 0.007
4459.68773 15.199 0.006
4462.68974 15.456 0.006
4465.73004 15.246 0.006
4474.68518 15.501 0.006
4478.78793 15.594 0.006
4481.78674 15.380 0.006
4484.69645 15.514 0.006
4487.75884 15.176 0.006
4492.71144 15.568 0.007
4494.74588 15.540 0.007
4499.64244 15.350 0.006
4502.69967 15.474 0.007
4507.65839 15.243 0.006
4509.65564 15.634 0.007
4516.60479 15.404 0.007
4520.67675 15.520 0.007
4522.56382 15.431 0.006
4524.57787 15.348 0.006
4530.58308 15.375 0.006
4532.57506 15.331 0.006
4537.57314 15.686 0.007
4540.62192 15.438 0.006
