 726.79348 15.591 0.006
 728.85678 15.612 0.006
 729.83966 15.591 0.007
 739.82433 15.432 0.007
 742.83663 15.425 0.006
 744.80950 15.535 0.006
 745.81904 15.457 0.006
 746.85712 15.655 0.006
 747.67650 15.480 0.006
 748.65385 15.597 0.007
 750.73416 15.479 0.006
 751.76467 15.526 0.007
 752.82601 15.647 0.006
 754.83433 15.493 0.007
 755.73159 15.630 0.007
 759.73480 15.446 0.006
 760.78926 15.573 0.006
 762.80999 15.469 0.006
 769.82238 15.610 0.006
 773.80981 15.586 0.006
 776.83584 15.574 0.006
 779.77673 15.562 0.006
 781.79327 15.654 0.006
 783.80169 15.435 0.005
 788.80417 15.536 0.006
 790.81894 15.645 0.006
 795.77569 15.501 0.006
 798.77093 15.524 0.006
 805.83251 15.633 0.007
 816.82659 15.608 0.006
 817.76909 15.587 0.006
 824.71646 15.443 0.006
 826.68873 15.525 0.006
 827.65920 15.483 0.006
 828.71865 15.647 0.006
 829.67971 15.514 0.006
 830.60021 15.545 0.007
 831.60824 15.633 0.007
 832.73108 15.515 0.006
 833.66385 15.513 0.006
 833.75558 15.468 0.006
 834.71694 15.644 0.006
 835.68406 15.492 0.006
 836.65295 15.550 0.006
 837.63444 15.620 0.006
 838.76212 15.514 0.007
 839.63311 15.578 0.006
 840.75351 15.646 0.006
 842.66560 15.584 0.006
 844.61334 15.445 0.006
 845.63844 15.609 0.006
 850.70945 15.460 0.006
 854.74693 15.597 0.007
 855.73153 15.592 0.007
 856.63887 15.437 0.006
 857.69715 15.643 0.007
 858.65098 15.580 0.007
 859.72692 15.424 0.006
 860.60545 15.657 0.007
 860.66812 15.644 0.007
 865.53581 15.512 0.007
 867.59121 15.520 0.006
 874.70275 15.458 0.005
 876.57194 15.467 0.005
 876.67208 15.496 0.005
 880.59558 15.574 0.006
 885.60227 15.467 0.007
 887.64059 15.603 0.007
 890.66417 15.623 0.007
 892.55772 15.644 0.006
 895.60106 15.640 0.006
 898.57876 15.642 0.006
 918.59401 15.512 0.007
 922.49830 15.608 0.006
 928.56022 15.643 0.007
 933.52249 15.635 0.006
 951.48041 15.646 0.006
1041.89456 15.469 0.005
1072.84288 15.656 0.006
1078.79502 15.636 0.006
1080.82990 15.534 0.006
1081.80661 15.628 0.006
1083.87485 15.522 0.006
1084.78848 15.610 0.006
1086.80879 15.587 0.006
1089.77184 15.615 0.006
1090.79364 15.599 0.007
1091.85178 15.447 0.006
1092.85009 15.595 0.006
1093.87692 15.617 0.006
1107.83878 15.655 0.006
1109.78847 15.435 0.006
1113.85193 15.658 0.006
1116.79616 15.642 0.006
1126.69791 15.459 0.006
1129.79667 15.470 0.006
1131.80132 15.626 0.007
1134.80624 15.617 0.006
1142.74354 15.648 0.006
1153.70983 15.480 0.006
1155.66553 15.499 0.007
1157.72611 15.633 0.007
1159.70312 15.519 0.007
1161.79616 15.514 0.006
1163.79282 15.646 0.006
1165.79300 15.502 0.006
1167.72770 15.482 0.006
1168.73868 15.550 0.006
1171.70658 15.583 0.006
1174.83438 15.532 0.006
1178.75237 15.611 0.006
1181.71794 15.587 0.006
1183.75147 15.614 0.006
1185.80039 15.432 0.006
1187.75362 15.581 0.006
1189.74203 15.653 0.006
1191.80689 15.436 0.005
1192.83768 15.632 0.006
1194.65719 15.472 0.006
1196.67403 15.527 0.006
1202.67940 15.512 0.006
1204.65958 15.650 0.007
1207.67234 15.632 0.007
1211.69874 15.481 0.006
1214.73731 15.467 0.006
1215.56344 15.629 0.006
1216.63150 15.596 0.007
1217.69914 15.451 0.006
1219.63632 15.589 0.007
1221.60705 15.645 0.007
1223.69719 15.435 0.006
1224.57682 15.648 0.007
1226.58508 15.435 0.006
1227.59213 15.649 0.006
1232.68170 15.424 0.006
1235.58291 15.478 0.006
1237.56684 15.504 0.007
1238.66883 15.519 0.009
1241.56908 15.528 0.006
1242.64243 15.642 0.007
1243.61003 15.493 0.006
1245.55474 15.614 0.007
1247.68911 15.501 0.006
1248.65690 15.623 0.007
1251.61141 15.611 0.007
1254.56528 15.596 0.007
1255.59829 15.449 0.007
1258.59560 15.442 0.006
1260.62273 15.599 0.006
1266.60818 15.572 0.007
1268.52928 15.648 0.007
1275.54670 15.540 0.007
1278.52930 15.510 0.007
1281.53736 15.514 0.007
1290.50709 15.458 0.007
1296.59797 15.462 0.007
1300.54412 15.606 0.007
1305.52249 15.431 0.007
1308.55350 15.419 0.006
1315.51265 15.638 0.007
1318.49537 15.646 0.007
1320.53754 15.464 0.007
1331.49998 15.483 0.007
1431.84328 15.560 0.006
1433.83984 15.643 0.007
1435.88772 15.431 0.006
1437.88046 15.550 0.007
1441.85657 15.452 0.006
1443.81523 15.516 0.007
1447.78453 15.547 0.007
1448.87523 15.643 0.007
1455.79346 15.482 0.007
1458.77936 15.447 0.007
1461.74735 15.434 0.006
1462.86653 15.590 0.007
1471.75778 15.655 0.007
1475.85218 15.565 0.006
1478.77692 15.536 0.006
1481.83915 15.544 0.007
1484.84345 15.535 0.006
1487.83626 15.538 0.006
1491.77497 15.527 0.007
1493.71688 15.468 0.006
1495.76035 15.619 0.006
1498.68148 15.585 0.006
1500.82202 15.564 0.006
1503.71230 15.628 0.007
1505.81916 15.452 0.006
1507.71520 15.582 0.007
1508.83181 15.453 0.006
1509.69335 15.644 0.007
1510.65884 15.550 0.006
1511.74145 15.434 0.006
1512.77549 15.632 0.007
1514.78998 15.427 0.006
1516.83578 15.584 0.006
1518.70763 15.660 0.006
1520.73296 15.461 0.006
1522.73364 15.541 0.006
1523.73380 15.476 0.007
1525.70972 15.511 0.006
1527.77509 15.650 0.007
1528.70103 15.490 0.006
1529.82644 15.455 0.006
1531.71840 15.494 0.006
1538.67553 15.592 0.006
1541.63138 15.612 0.006
1542.78569 15.618 0.006
1544.68810 15.615 0.006
1546.71273 15.454 0.007
1547.71438 15.615 0.006
1548.69149 15.583 0.006
1551.72089 15.583 0.006
1552.65381 15.426 0.006
1553.67750 15.644 0.006
1554.65607 15.543 0.006
1555.68058 15.447 0.006
1556.65471 15.648 0.007
1560.64644 15.540 0.007
1564.56555 15.539 0.007
1568.64227 15.635 0.007
1571.65195 15.637 0.006
1575.66631 15.476 0.006
1578.70664 15.482 0.007
1580.71746 15.629 0.006
1582.65192 15.598 0.006
1585.64270 15.621 0.006
1588.64599 15.630 0.007
1591.60985 15.635 0.007
1595.60307 15.563 0.007
1599.66907 15.426 0.006
1600.63593 15.651 0.007
1601.62908 15.551 0.007
1602.69554 15.420 0.006
1604.62712 15.526 0.006
1606.58413 15.643 0.007
1609.54036 15.634 0.007
1610.55529 15.498 0.007
1611.61535 15.502 0.006
1613.59574 15.493 0.006
1614.66679 15.492 0.007
1616.52445 15.460 0.006
1618.67364 15.624 0.007
1619.56368 15.457 0.007
1621.55985 15.623 0.007
1623.65700 15.561 0.007
1625.63803 15.467 0.006
1627.60832 15.620 0.007
1628.54826 15.432 0.006
1630.51987 15.568 0.007
1631.51769 15.428 0.006
1633.63312 15.593 0.006
1635.51607 15.655 0.007
1645.52521 15.531 0.007
1653.51054 15.622 0.007
1655.55446 15.521 0.007
1657.56393 15.486 0.007
1659.57854 15.636 0.007
1662.54611 15.618 0.006
1664.56919 15.567 0.007
1669.53912 15.435 0.007
1672.51183 15.425 0.006
1687.50945 15.457 0.007
1695.49478 15.483 0.006
1766.88749 15.531 0.007
1768.87312 15.644 0.007
1773.93143 15.459 0.006
1782.86268 15.570 0.007
1788.87112 15.608 0.007
1804.86634 15.549 0.006
1811.88689 15.429 0.006
1815.86307 15.648 0.006
1822.74475 15.460 0.006
1829.89403 15.556 0.008
1844.80196 15.640 0.006
1850.78328 15.657 0.006
1854.84029 15.533 0.006
1858.78739 15.495 0.007
1860.82977 15.511 0.006
1863.80288 15.482 0.006
1866.75357 15.475 0.006
1868.73469 15.608 0.006
1870.85571 15.554 0.007
1874.77652 15.601 0.006
2166.89956 15.429 0.005
2167.84210 15.635 0.007
2173.81998 15.652 0.005
2173.84945 15.642 0.007
2189.89136 15.510 0.005
2190.78721 15.550 0.007
2192.79375 15.457 0.005
2192.82172 15.475 0.007
2201.80654 15.430 0.005
2212.83820 15.582 0.005
2214.78907 15.655 0.007
2223.84281 15.653 0.005
2224.74585 15.497 0.007
2226.82280 15.654 0.005
2226.84999 15.640 0.007
2228.85981 15.464 0.005
2229.66192 15.614 0.007
2230.77333 15.486 0.005
2230.80065 15.500 0.007
2232.79308 15.645 0.006
2232.82048 15.645 0.007
2234.78727 15.542 0.005
2234.81490 15.520 0.007
2238.75098 15.619 0.005
2239.59986 15.418 0.007
2241.63430 15.585 0.005
2241.66140 15.582 0.007
2243.69273 15.635 0.005
2243.71999 15.632 0.007
2248.76063 15.419 0.005
2248.79660 15.423 0.006
2250.84628 15.599 0.007
2251.72256 15.413 0.005
2252.65163 15.653 0.007
2253.80666 15.586 0.005
2254.64255 15.453 0.007
2255.68162 15.656 0.006
2257.64643 15.460 0.007
2261.70187 15.644 0.005
2261.76077 15.658 0.007
2264.75109 15.654 0.007
2264.78294 15.651 0.005
2266.64408 15.525 0.007
2269.81635 15.445 0.005
2270.64019 15.616 0.007
2271.76374 15.501 0.005
2271.79100 15.508 0.006
2273.72748 15.641 0.007
2273.84879 15.654 0.005
2274.63345 15.444 0.005
2275.82790 15.467 0.007
2276.74058 15.625 0.005
2277.64954 15.432 0.006
2278.63909 15.614 0.005
2279.82189 15.635 0.007
2280.63730 15.426 0.005
2281.80872 15.514 0.007
2282.64586 15.588 0.005
2283.84294 15.469 0.006
2288.74907 15.591 0.007
2289.77951 15.445 0.005
2290.78746 15.591 0.007
2291.78759 15.613 0.006
2292.76398 15.427 0.007
2293.75335 15.633 0.006
2294.73902 15.567 0.007
2295.77527 15.424 0.005
2296.74943 15.627 0.007
2297.76860 15.582 0.005
2298.76883 15.410 0.007
2299.80916 15.620 0.006
2300.72186 15.552 0.007
2301.70327 15.433 0.005
2302.69966 15.651 0.007
2303.69947 15.549 0.006
2304.74400 15.425 0.007
2321.65014 15.464 0.005
2321.67232 15.455 0.007
2327.52864 15.416 0.005
2327.55888 15.422 0.007
2332.56153 15.559 0.006
2333.52559 15.442 0.006
2333.56807 15.422 0.007
2339.51379 15.463 0.005
2339.54453 15.463 0.007
2347.50846 15.477 0.006
2395.51674 15.553 0.008
2402.50247 15.620 0.006
2524.89819 15.479 0.005
2526.90888 15.632 0.007
2537.89815 15.633 0.006
2542.86048 15.438 0.005
2542.88757 15.433 0.007
2552.80779 15.664 0.006
2552.83892 15.653 0.007
2556.80103 15.506 0.005
2556.83044 15.497 0.007
2559.84920 15.502 0.005
2559.88101 15.491 0.007
2563.89447 15.512 0.007
2564.81717 15.639 0.006
2564.84693 15.622 0.007
2573.81877 15.564 0.006
2573.84610 15.596 0.007
2578.74295 15.657 0.006
2578.77042 15.634 0.007
2583.77842 15.425 0.005
2583.82488 15.432 0.007
2589.82139 15.432 0.005
2589.85777 15.425 0.007
2596.70963 15.645 0.006
2596.74113 15.643 0.007
2605.71088 15.620 0.005
2605.74414 15.620 0.007
2609.70163 15.440 0.005
2609.74038 15.459 0.007
2614.63639 15.568 0.005
2614.70651 15.581 0.007
2618.69412 15.420 0.005
2618.73078 15.418 0.007
2620.82200 15.600 0.005
2621.64019 15.435 0.007
2623.79288 15.581 0.005
2623.82197 15.580 0.007
2627.65745 15.459 0.006
2627.68528 15.442 0.007
2629.68099 15.529 0.005
2629.70831 15.535 0.007
2631.70096 15.654 0.006
2634.72923 15.651 0.005
2634.76299 15.648 0.007
2635.60118 15.478 0.005
2635.68212 15.497 0.007
2637.80023 15.651 0.006
2638.65320 15.492 0.007
2639.62614 15.554 0.005
2639.65332 15.551 0.007
2641.69181 15.472 0.005
2641.72112 15.498 0.007
2643.70058 15.619 0.005
2643.72981 15.639 0.007
2645.68981 15.556 0.005
2645.71734 15.549 0.007
2647.64754 15.443 0.005
2647.67514 15.471 0.006
2650.83682 15.495 0.007
2650.86314 15.506 0.005
2651.60211 15.631 0.006
2652.73791 15.606 0.007
2653.62912 15.420 0.005
2654.67274 15.613 0.007
2655.74240 15.626 0.005
2656.64568 15.421 0.007
2657.59509 15.656 0.005
2658.60869 15.570 0.007
2659.61008 15.419 0.005
2660.62612 15.644 0.007
2661.82808 15.613 0.006
2662.60897 15.427 0.007
2663.84215 15.608 0.006
2664.61653 15.544 0.007
2665.84805 15.447 0.006
2666.67473 15.649 0.007
2668.59704 15.449 0.005
2668.66349 15.441 0.007
2670.60218 15.512 0.005
2670.62961 15.521 0.007
2672.58876 15.632 0.006
2672.73889 15.648 0.007
2674.61015 15.497 0.005
2674.63727 15.490 0.007
2676.59663 15.490 0.005
2676.62384 15.506 0.007
2678.66939 15.640 0.006
2678.71152 15.646 0.007
2680.59512 15.542 0.005
2680.62219 15.530 0.007
2682.64410 15.492 0.005
2682.67330 15.502 0.007
2686.63864 15.561 0.006
2687.54583 15.598 0.008
2695.62102 15.620 0.005
2696.53896 15.578 0.007
2700.57515 15.439 0.005
2701.52111 15.642 0.007
2706.59396 15.433 0.005
2707.51852 15.646 0.007
2713.55904 15.659 0.006
2714.51745 15.503 0.008
2840.90657 15.642 0.007
2840.93682 15.644 0.006
2868.87654 15.431 0.005
2885.84151 15.493 0.005
2888.91302 15.496 0.007
2892.87107 15.561 0.006
2894.84807 15.466 0.007
2897.84039 15.448 0.005
2899.84965 15.608 0.007
2903.88620 15.449 0.005
2905.83865 15.580 0.007
2906.88933 15.431 0.005
2908.89970 15.593 0.007
2911.76914 15.551 0.005
2911.79798 15.553 0.007
2916.81318 15.648 0.005
2916.84818 15.650 0.007
2922.80307 15.647 0.006
2922.83204 15.641 0.007
2925.89160 15.642 0.007
2926.75945 15.484 0.007
2930.80421 15.538 0.005
2930.83318 15.528 0.007
2933.84857 15.522 0.005
2933.87759 15.518 0.007
2939.85686 15.560 0.005
2940.71514 15.579 0.007
2942.80646 15.607 0.005
2944.85089 15.446 0.005
2946.85280 15.604 0.006
2947.72904 15.429 0.007
2949.76744 15.559 0.006
2949.81919 15.588 0.007
2952.84332 15.578 0.005
2953.68594 15.451 0.007
2956.68254 15.486 0.005
2956.71174 15.466 0.007
2958.70925 15.521 0.005
2958.73804 15.531 0.007
2962.72012 15.476 0.005
2962.74989 15.469 0.007
2965.73920 15.495 0.005
2965.76931 15.476 0.007
2967.83876 15.529 0.005
2968.71288 15.529 0.007
2970.80410 15.509 0.005
2973.85293 15.509 0.007
2974.74194 15.557 0.005
2975.84208 15.632 0.007
2976.77661 15.471 0.005
2976.83737 15.494 0.007
2978.75671 15.636 0.006
2978.85698 15.636 0.007
2980.69677 15.620 0.005
2982.65616 15.436 0.005
2982.68907 15.433 0.007
2984.70675 15.599 0.005
2984.73662 15.607 0.007
2986.79003 15.604 0.006
2986.81922 15.586 0.007
2988.75408 15.438 0.005
2988.78381 15.433 0.007
2989.80697 15.616 0.007
2990.62624 15.545 0.005
2991.64013 15.444 0.007
2992.77684 15.627 0.005
2993.62755 15.539 0.007
2994.62311 15.460 0.005
2995.63267 15.654 0.005
2995.72784 15.649 0.007
2997.64165 15.460 0.005
2997.70612 15.438 0.007
2999.72874 15.550 0.007
2999.76136 15.563 0.005
3001.73316 15.656 0.005
3001.76499 15.640 0.007
3003.70670 15.469 0.005
3003.73565 15.444 0.007
3005.64092 15.497 0.007
3005.69746 15.517 0.005
3007.67400 15.657 0.007
3007.71188 15.652 0.005
3009.70994 15.509 0.005
3009.74028 15.476 0.007
3011.67926 15.501 0.005
3011.71598 15.505 0.007
3013.68248 15.645 0.005
3013.72044 15.640 0.007
3017.69291 15.482 0.005
3017.72191 15.475 0.007
3019.62047 15.621 0.005
3019.64987 15.612 0.007
3021.73963 15.580 0.005
3021.76865 15.540 0.007
3023.60160 15.440 0.005
3023.63044 15.435 0.007
3024.80263 15.549 0.005
3024.83157 15.528 0.007
3026.79893 15.471 0.005
3026.82826 15.479 0.007
3028.81091 15.616 0.005
3029.63259 15.432 0.007
3031.67288 15.584 0.005
3031.70257 15.590 0.007
3033.73681 15.638 0.005
3033.76606 15.608 0.007
3035.74317 15.432 0.005
3035.77311 15.441 0.007
3038.72155 15.423 0.005
3038.75060 15.435 0.007
3040.72125 15.558 0.007
3041.58973 15.483 0.006
3043.62513 15.526 0.005
3044.59906 15.488 0.007
3045.65881 15.654 0.006
3045.68806 15.641 0.007
3047.61289 15.518 0.005
3047.64177 15.503 0.007
3049.61850 15.494 0.005
3049.64749 15.508 0.007
3051.58578 15.641 0.005
3051.61569 15.631 0.007
3053.58090 15.575 0.005
3055.58005 15.464 0.005
3055.60914 15.476 0.007
3057.60487 15.629 0.005
3057.63462 15.632 0.007
3059.57848 15.589 0.007
3060.62738 15.627 0.005
3061.57152 15.456 0.007
3064.63170 15.461 0.005
3067.68869 15.453 0.005
3068.51288 15.646 0.007
3070.53704 15.434 0.005
3070.56855 15.425 0.007
3073.56925 15.452 0.007
3073.60455 15.456 0.006
3075.65295 15.584 0.005
3075.68223 15.591 0.007
3078.57307 15.557 0.006
3078.61422 15.547 0.007
3082.56244 15.465 0.005
3082.59175 15.454 0.007
3084.63936 15.552 0.005
3084.66878 15.562 0.007
3087.60102 15.541 0.005
3087.63148 15.540 0.007
3090.56480 15.510 0.005
3090.59487 15.507 0.007
3099.58291 15.468 0.007
3102.53126 15.469 0.005
3102.56167 15.459 0.007
3105.56506 15.452 0.005
3105.59440 15.465 0.007
3108.54352 15.434 0.005
3108.57235 15.445 0.007
3112.51488 15.644 0.006
3112.54964 15.648 0.007
3116.50217 15.558 0.005
3116.53102 15.556 0.007
3126.50789 15.474 0.005
3127.49841 15.639 0.007
3140.48705 15.454 0.007
3146.47041 15.445 0.005
3223.88727 15.476 0.007
3241.87350 15.441 0.007
3241.89543 15.428 0.005
3248.83692 15.648 0.007
3256.90680 15.483 0.005
3257.86477 15.632 0.007
3263.88165 15.631 0.005
3263.91076 15.637 0.007
3268.89723 15.560 0.005
3270.85373 15.442 0.007
3273.87249 15.464 0.005
3273.90175 15.465 0.007
3277.83778 15.640 0.007
3277.86169 15.636 0.005
3281.85180 15.585 0.005
3281.88153 15.587 0.007
3287.71335 15.529 0.005
3287.74260 15.540 0.006
3289.86552 15.659 0.005
3294.86098 15.457 0.005
3295.69485 15.623 0.006
3296.86873 15.528 0.005
3297.69338 15.578 0.006
3299.75787 15.480 0.005
3301.71972 15.615 0.005
3301.75536 15.634 0.007
3304.78236 15.631 0.005
3304.81127 15.630 0.007
3306.86337 15.521 0.005
3307.68612 15.582 0.007
3309.72150 15.626 0.007
3311.69048 15.430 0.005
3311.71936 15.435 0.006
3320.73326 15.426 0.005
3320.76215 15.430 0.006
3323.69696 15.445 0.006
3327.70228 15.662 0.005
3327.73371 15.641 0.007
3329.85289 15.430 0.005
3330.69256 15.652 0.007
3334.75886 15.515 0.005
3334.79180 15.539 0.007
3338.80898 15.465 0.005
3338.83828 15.452 0.006
3340.85336 15.533 0.007
3350.64080 15.643 0.005
3354.64096 15.602 0.006
3354.71821 15.585 0.007
3358.69444 15.431 0.005
3358.79979 15.440 0.006
3361.79990 15.455 0.005
3361.83197 15.448 0.006
3363.74966 15.590 0.005
3365.73437 15.643 0.007
3367.70345 15.452 0.005
3372.72188 15.553 0.005
3372.75069 15.553 0.006
3378.63462 15.499 0.005
3378.66340 15.488 0.006
3387.62096 15.464 0.005
3387.64997 15.452 0.007
3391.70218 15.568 0.005
3391.73111 15.545 0.007
3394.74267 15.547 0.007
3395.69360 15.615 0.005
3396.62266 15.421 0.006
3399.66970 15.446 0.005
3399.69990 15.428 0.007
3402.68655 15.455 0.005
3403.68717 15.630 0.007
3404.61712 15.556 0.005
3408.56773 15.481 0.005
3408.59659 15.433 0.006
3412.61316 15.672 0.005
3412.64180 15.642 0.007
3416.59656 15.518 0.005
3417.56923 15.517 0.007
3424.59964 15.655 0.005
3425.57748 15.457 0.007
3431.53918 15.413 0.006
3437.51229 15.440 0.005
3437.54096 15.413 0.006
3445.51702 15.561 0.005
3445.56090 15.549 0.007
3453.53876 15.675 0.005
3460.49461 15.476 0.007
3462.51404 15.662 0.005
3477.48933 15.592 0.007
3583.93144 15.637 0.007
3589.92743 15.634 0.005
3593.92968 15.479 0.007
3601.86664 15.578 0.007
3618.90071 15.649 0.007
3629.85249 15.517 0.005
3629.88196 15.490 0.006
3634.81785 15.468 0.005
3634.84854 15.492 0.006
3639.84187 15.624 0.006
3639.87075 15.620 0.005
3641.86165 15.605 0.005
3644.79665 15.630 0.007
3650.85697 15.628 0.005
3650.88549 15.644 0.007
3653.88483 15.634 0.005
3654.78641 15.552 0.006
3657.83807 15.564 0.005
3657.86697 15.586 0.007
3660.80143 15.531 0.007
3661.82193 15.446 0.005
3664.83652 15.454 0.006
3668.79446 15.665 0.007
3671.85100 15.647 0.005
3672.78267 15.492 0.006
3675.83358 15.490 0.005
3675.86234 15.519 0.006
3683.85468 15.629 0.005
3684.77048 15.439 0.006
3687.74740 15.434 0.005
3687.77612 15.429 0.006
3689.84788 15.610 0.005
3690.69598 15.442 0.007
3692.77174 15.572 0.005
3693.72995 15.428 0.006
3694.78665 15.648 0.005
3695.75148 15.577 0.007
3696.72911 15.432 0.005
3698.74425 15.552 0.007
3699.73167 15.444 0.005
3700.77308 15.643 0.007
3701.78467 15.548 0.005
3702.86072 15.426 0.006
3704.69173 15.513 0.005
3705.76750 15.467 0.006
3706.82053 15.657 0.005
3708.72607 15.495 0.007
3711.69418 15.545 0.005
3712.71295 15.652 0.007
3713.70793 15.480 0.005
3714.72330 15.560 0.007
3716.80707 15.498 0.005
3717.63939 15.615 0.007
3719.78797 15.488 0.005
3719.81657 15.508 0.007
3725.77965 15.455 0.005
3725.81046 15.496 0.007
3727.78288 15.623 0.007
3730.64976 15.571 0.005
3730.67829 15.584 0.006
3732.67426 15.638 0.005
3732.70303 15.657 0.007
3734.77223 15.426 0.005
3734.80107 15.455 0.006
3736.78863 15.593 0.005
3736.81733 15.613 0.007
3737.67718 15.440 0.005
3737.70570 15.430 0.006
3739.77619 15.577 0.005
3739.80479 15.587 0.006
3742.59918 15.508 0.005
3742.69068 15.545 0.007
3745.71066 15.537 0.005
3745.76633 15.574 0.007
3747.74024 15.667 0.006
3747.76899 15.664 0.007
3749.62305 15.523 0.006
3749.66076 15.510 0.007
3750.74573 15.663 0.007
3751.72719 15.515 0.005
3752.75643 15.464 0.007
3753.59883 15.634 0.005
3754.77416 15.531 0.007
3755.63638 15.559 0.005
3756.59767 15.632 0.007
3757.66982 15.467 0.005
3758.77055 15.498 0.007
3759.73347 15.644 0.005
3761.78296 15.497 0.006
3762.72180 15.639 0.005
3764.73741 15.560 0.007
3765.74033 15.625 0.005
3767.59723 15.652 0.007
3770.58185 15.651 0.005
3770.61494 15.639 0.006
3773.58921 15.640 0.005
3773.61777 15.649 0.007
3776.58825 15.643 0.005
3776.61720 15.645 0.007
3779.57829 15.652 0.005
3779.60676 15.652 0.007
3782.62802 15.648 0.005
3782.65747 15.656 0.007
3787.55289 15.515 0.005
3787.58245 15.500 0.007
3791.60009 15.643 0.005
3792.53421 15.488 0.007
3799.52460 15.603 0.006
3809.52346 15.588 0.007
3821.50264 15.527 0.005
3822.50926 15.463 0.007
3945.92731 15.555 0.005
3946.90560 15.450 0.007
3963.92344 15.507 0.005
3964.86237 15.581 0.006
3969.85388 15.452 0.005
3969.88648 15.454 0.006
3975.90392 15.444 0.005
3981.83314 15.435 0.005
3981.86125 15.432 0.007
3989.88827 15.553 0.007
3995.88353 15.527 0.005
4001.83662 15.494 0.005
4001.86497 15.500 0.006
4005.81447 15.571 0.005
4005.84259 15.545 0.006
4007.81852 15.468 0.005
4007.84679 15.487 0.006
4011.81867 15.607 0.005
4011.84705 15.591 0.007
4018.81020 15.589 0.005
4018.83862 15.601 0.006
4023.84229 15.654 0.005
4023.87075 15.638 0.007
4026.74864 15.641 0.005
4026.77922 15.652 0.006
4029.72048 15.656 0.007
4031.80082 15.446 0.006
4038.70991 15.648 0.007
4040.84855 15.478 0.005
4041.67106 15.622 0.007
4042.86429 15.516 0.005
4043.67543 15.594 0.007
4046.73927 15.581 0.005
4046.76752 15.558 0.007
4048.82882 15.489 0.005
4048.85704 15.498 0.007
4052.67097 15.638 0.005
4052.69997 15.637 0.007
4054.68692 15.424 0.006
4056.71550 15.589 0.005
4056.74396 15.599 0.007
4058.65356 15.647 0.005
4058.77708 15.617 0.006
4063.64759 15.443 0.005
4063.67583 15.439 0.006
4066.64538 15.454 0.005
4066.73310 15.434 0.006
4068.82062 15.579 0.006
4069.71101 15.447 0.005
4070.66307 15.644 0.007
4071.63962 15.510 0.005
4073.82244 15.666 0.007
4076.71188 15.653 0.005
4076.79057 15.645 0.007
4079.72459 15.657 0.005
4079.75295 15.647 0.007
4083.64150 15.458 0.005
4083.66974 15.477 0.007
4085.70678 15.634 0.005
4085.73526 15.643 0.007
4092.82410 15.496 0.005
4092.85371 15.500 0.006
4102.83024 15.591 0.007
4104.87092 15.468 0.006
4105.68915 15.651 0.007
4109.76230 15.575 0.006
4112.69561 15.551 0.005
4113.71803 15.431 0.006
4117.68446 15.653 0.005
4120.74843 15.655 0.007
4121.66051 15.504 0.005
4122.70488 15.476 0.006
4124.74335 15.517 0.005
4125.75611 15.467 0.006
4129.75593 15.649 0.005
4131.60945 15.605 0.006
4142.61494 15.430 0.005
4142.64609 15.447 0.007
4150.60341 15.551 0.005
4155.51674 15.634 0.005
4156.53278 15.501 0.007
4166.54560 15.569 0.006
4166.57400 15.558 0.007
4196.49509 15.647 0.006
4196.52349 15.656 0.008
4340.88883 15.595 0.007
4341.87111 15.604 0.006
4341.89938 15.625 0.007
4343.81836 15.638 0.007
4344.87322 15.602 0.007
4345.91179 15.462 0.007
4346.84073 15.645 0.008
4347.82102 15.590 0.006
4347.84928 15.591 0.007
4348.84243 15.433 0.007
4349.84267 15.641 0.007
4350.92002 15.610 0.008
4351.86695 15.430 0.005
4353.90325 15.590 0.007
4354.88699 15.424 0.007
4357.87887 15.428 0.005
4357.89321 15.436 0.007
4358.89322 15.654 0.007
4361.85470 15.650 0.008
4362.80921 15.531 0.007
4363.80351 15.486 0.005
4363.87230 15.464 0.007
4366.83629 15.500 0.007
4366.85409 15.479 0.005
4367.77387 15.644 0.008
4368.88753 15.545 0.008
4369.80950 15.531 0.008
4369.89463 15.478 0.005
4370.81063 15.641 0.007
4371.85578 15.508 0.007
4372.79756 15.548 0.005
4373.78127 15.629 0.007
4376.88794 15.644 0.006
4377.79163 15.460 0.007
4379.89436 15.640 0.006
4380.80812 15.459 0.007
4386.75550 15.428 0.005
4386.78375 15.438 0.007
4390.74574 15.637 0.007
4393.76644 15.651 0.005
4393.85983 15.639 0.007
4398.84267 15.433 0.005
4398.87111 15.432 0.007
4403.84909 15.558 0.006
4403.87805 15.575 0.009
4411.77803 15.654 0.005
4411.83973 15.650 0.006
4411.86956 15.665 0.008
4418.72885 15.466 0.005
4418.79071 15.497 0.007
4422.82544 15.556 0.005
4422.85678 15.541 0.007
4426.73512 15.615 0.007
4429.75668 15.592 0.006
4429.84110 15.636 0.008
4432.69361 15.565 0.005
4432.72195 15.585 0.007
4436.73301 15.433 0.005
4436.76134 15.440 0.007
4439.79870 15.424 0.006
4439.82691 15.431 0.007
4440.86315 15.634 0.010
4441.65288 15.525 0.007
4442.67487 15.462 0.007
4443.65039 15.664 0.008
4443.66839 15.644 0.006
4444.82951 15.584 0.007
4448.69507 15.494 0.007
4448.82239 15.434 0.005
4449.74257 15.651 0.007
4450.70540 15.517 0.007
4451.64044 15.541 0.007
4451.66260 15.536 0.005
4451.78230 15.465 0.007
4452.85345 15.646 0.007
4453.62932 15.468 0.007
4454.65323 15.559 0.007
4454.81614 15.457 0.007
4455.63979 15.633 0.007
4455.66139 15.633 0.006
4455.77685 15.655 0.007
4456.72045 15.486 0.007
4456.81069 15.517 0.007
4456.85814 15.532 0.007
4457.69528 15.544 0.007
4457.71692 15.545 0.006
4457.84503 15.472 0.007
4458.61771 15.617 0.007
4459.60194 15.440 0.007
4459.74640 15.491 0.007
4459.80854 15.515 0.007
4460.74699 15.551 0.006
4461.57252 15.594 0.007
4462.63270 15.450 0.007
4462.78237 15.486 0.007
4463.62613 15.633 0.007
4464.62379 15.580 0.007
4464.70967 15.618 0.005
4464.76580 15.623 0.007
4465.64302 15.434 0.007
4466.63614 15.617 0.007
4466.73635 15.591 0.007
4467.60362 15.590 0.007
4467.67235 15.597 0.007
4467.70218 15.612 0.005
4468.63641 15.423 0.006
4469.62083 15.639 0.007
4470.60860 15.568 0.007
4470.79863 15.615 0.007
4471.59865 15.423 0.006
4471.70390 15.430 0.005
4471.76477 15.456 0.007
4472.59938 15.650 0.007
4472.77208 15.593 0.007
4473.68604 15.585 0.007
4476.67094 15.569 0.005
4477.74419 15.427 0.007
4480.67072 15.438 0.005
4481.68174 15.653 0.007
4484.74976 15.654 0.006
4485.72982 15.571 0.007
4488.67228 15.527 0.005
4489.71331 15.461 0.007
4493.67441 15.650 0.006
4493.70314 15.654 0.007
4498.65269 15.540 0.005
4498.67964 15.545 0.007
4501.64573 15.568 0.005
4501.67697 15.562 0.007
4506.58384 15.446 0.005
4506.61091 15.454 0.007
4508.59383 15.596 0.005
4508.62813 15.611 0.007
4510.67312 15.612 0.005
4510.70133 15.593 0.007
4516.62286 15.660 0.006
4519.69439 15.637 0.006
4521.53803 15.468 0.005
4521.61145 15.457 0.007
4523.62728 15.559 0.007
4525.54669 15.639 0.007
4530.60267 15.476 0.005
4531.56873 15.643 0.007
4532.63096 15.526 0.005
4533.57108 15.507 0.007
4537.59260 15.644 0.005
4537.62112 15.653 0.007
4539.54008 15.594 0.007
4540.64377 15.638 0.006
4541.59235 15.493 0.007
