 726.79564 16.118 0.008
 728.85894 16.011 0.007
 729.84182 15.944 0.008
 739.82649 15.994 0.008
 742.83879 16.046 0.008
 744.81166 16.030 0.008
 745.82120 15.939 0.007
 746.85928 15.861 0.007
 747.67866 16.070 0.008
 748.65601 16.088 0.009
 750.73632 15.948 0.008
 751.76683 15.881 0.008
 752.82817 15.902 0.007
 754.83649 16.073 0.009
 755.73375 16.010 0.009
 759.73696 16.078 0.007
 760.79142 16.065 0.008
 762.81215 15.943 0.008
 769.82454 15.993 0.008
 773.81197 15.984 0.008
 776.83800 16.133 0.008
 779.77889 15.937 0.008
 781.79543 16.114 0.008
 783.80385 16.067 0.007
 788.80633 16.087 0.007
 790.82110 15.916 0.007
 816.82875 16.101 0.008
 817.77125 16.034 0.008
 824.71862 15.962 0.008
 826.69089 16.136 0.008
 827.66136 16.090 0.008
 828.72081 16.026 0.007
 829.68187 15.944 0.008
 830.60237 16.060 0.008
 831.61040 16.131 0.008
 832.73324 16.124 0.008
 833.66601 16.046 0.007
 833.75774 16.065 0.007
 834.71910 15.954 0.007
 835.68622 15.888 0.007
 836.65511 16.054 0.008
 837.63660 16.115 0.007
 838.76428 16.082 0.010
 839.63527 15.985 0.008
 840.75567 15.896 0.007
 842.66776 16.054 0.008
 844.61550 16.027 0.008
 845.64060 15.923 0.007
 850.71161 16.007 0.008
 854.74909 16.070 0.009
 856.64103 15.952 0.008
 857.69931 15.931 0.008
 858.65314 15.981 0.011
 859.72908 16.051 0.008
 860.60761 16.051 0.009
 860.67028 16.067 0.008
 865.53797 16.070 0.009
 867.59337 15.985 0.008
 874.70491 15.941 0.006
 876.57410 16.128 0.007
 876.67424 16.113 0.007
 878.71094 16.061 0.009
 880.59774 16.003 0.008
 885.60443 15.891 0.010
 887.64275 16.084 0.009
 890.66633 15.922 0.008
 892.55988 16.059 0.008
 895.60322 15.935 0.007
 898.58092 16.079 0.006
 918.59617 15.983 0.009
 922.50046 16.039 0.008
 928.56238 16.002 0.010
 933.52465 16.061 0.007
 951.48257 15.881 0.007
1041.89672 16.064 0.007
1072.84504 15.998 0.007
1078.79718 16.061 0.007
1080.83206 16.039 0.007
1081.80877 15.948 0.007
1083.87701 16.000 0.007
1084.79064 16.094 0.008
1086.81095 16.003 0.007
1089.77400 16.097 0.008
1090.79580 16.115 0.008
1091.85394 16.086 0.009
1092.85225 16.006 0.007
1093.87908 15.937 0.007
1102.85796 16.084 0.007
1107.84094 16.093 0.008
1109.79063 15.903 0.008
1113.85409 16.077 0.008
1116.79832 15.892 0.006
1126.70007 15.877 0.007
1129.79883 16.100 0.007
1131.80348 15.993 0.008
1132.79535 15.931 0.007
1134.80840 16.095 0.007
1142.74570 15.999 0.007
1151.84038 16.091 0.008
1153.71199 15.975 0.007
1155.66769 15.999 0.008
1157.72827 16.096 0.009
1159.70528 15.910 0.009
1159.73322 15.933 0.008
1161.79832 15.940 0.007
1163.79498 16.081 0.008
1165.79516 15.925 0.007
1167.72986 16.070 0.008
1168.74084 16.102 0.008
1171.70874 15.871 0.006
1174.83654 16.115 0.007
1178.75453 16.061 0.007
1181.72010 15.989 0.008
1183.75363 15.971 0.007
1185.80255 16.139 0.008
1187.75578 15.972 0.007
1189.74419 16.054 0.007
1191.80905 16.110 0.007
1192.83984 16.058 0.007
1194.65935 16.002 0.007
1196.67619 16.114 0.009
1202.68156 16.079 0.008
1204.66174 15.877 0.008
1207.67450 16.100 0.009
1211.70090 15.962 0.008
1214.73947 16.027 0.008
1216.63366 15.917 0.008
1217.70130 16.048 0.008
1219.63848 16.042 0.008
1221.60921 15.888 0.008
1224.57898 16.058 0.009
1232.68386 15.925 0.008
1235.58507 16.100 0.009
1237.56900 15.931 0.010
1238.67099 15.887 0.013
1241.57124 16.079 0.008
1245.55690 16.133 0.009
1247.69127 16.072 0.008
1254.56744 15.869 0.008
1255.60045 15.900 0.008
1268.53144 16.092 0.009
1275.54886 16.010 0.008
1278.53146 16.091 0.009
1281.53952 15.981 0.009
1290.50925 16.123 0.009
1296.60013 16.112 0.009
1305.52465 15.890 0.009
1315.51481 15.924 0.009
1318.49753 16.110 0.014
1320.53970 15.990 0.015
1331.50214 15.995 0.010
1431.84544 16.092 0.008
1437.88262 16.094 0.009
1443.81739 16.097 0.012
1448.87739 16.120 0.009
1461.74951 15.971 0.012
1471.75994 16.071 0.008
1475.85434 16.016 0.008
1478.77908 15.958 0.008
1484.84561 15.956 0.007
1487.83842 16.107 0.008
1491.77713 15.995 0.009
1495.76251 15.944 0.008
1500.82418 16.022 0.008
1503.71446 16.110 0.010
1505.82132 16.068 0.009
1508.83397 15.952 0.007
1509.69551 16.104 0.012
1511.74361 16.002 0.008
1512.77765 15.896 0.008
1516.83794 16.055 0.008
1518.70979 15.866 0.007
1520.73512 16.095 0.008
1523.73596 15.919 0.009
1525.71188 16.049 0.008
1531.72056 16.074 0.009
1538.67769 16.039 0.007
1541.63354 16.026 0.007
1542.78785 16.081 0.008
1552.65597 15.998 0.007
1555.68274 16.061 0.008
1568.64443 15.880 0.010
1578.70880 15.982 0.008
1580.71962 15.940 0.007
1599.67123 16.088 0.008
1601.63124 15.937 0.008
1602.69770 15.917 0.008
1604.62928 16.109 0.008
1606.58629 15.951 0.008
1609.54252 16.105 0.009
1610.55745 16.075 0.009
1611.61751 16.011 0.008
1613.59790 15.894 0.007
1614.66895 15.999 0.009
1616.52661 16.034 0.008
1618.67580 15.885 0.008
1619.56584 15.984 0.008
1621.56201 16.057 0.009
1623.65916 15.948 0.008
1625.64019 16.011 0.008
1627.61048 16.047 0.009
1631.51985 16.064 0.008
1633.63528 16.046 0.008
1635.51823 15.930 0.008
1653.51270 16.112 0.009
1655.55662 16.072 0.009
1657.56609 15.899 0.009
1659.58070 16.077 0.009
1662.54827 15.909 0.008
1664.57135 16.016 0.008
1669.54128 15.937 0.009
1672.51399 15.985 0.009
1687.51161 16.093 0.012
1695.49694 15.994 0.008
1766.88965 16.059 0.010
1773.93359 16.116 0.010
1804.86850 15.931 0.008
1811.88905 16.075 0.013
1829.89619 16.097 0.015
1858.78955 16.034 0.009
1866.75573 16.036 0.007
1868.73685 16.108 0.008
1870.85787 15.972 0.009
2166.89599 16.080 0.008
2166.89956 16.068 0.006
2173.81641 15.914 0.007
2189.88779 16.001 0.008
2189.89136 16.000 0.006
2192.79042 16.110 0.007
2192.79375 16.110 0.006
2201.80321 15.875 0.006
2201.80654 15.890 0.005
2212.83488 15.931 0.007
2212.83820 15.932 0.006
2217.81969 15.980 0.008
2223.83950 15.945 0.007
2223.84281 15.946 0.006
2226.81951 16.138 0.008
2228.85650 16.005 0.007
2228.85981 16.008 0.006
2230.77004 15.987 0.007
2230.77333 15.995 0.006
2232.78980 16.102 0.008
2232.79308 16.109 0.006
2234.78398 15.914 0.007
2234.78727 15.927 0.006
2238.74766 16.064 0.007
2238.75098 16.064 0.006
2243.68943 16.076 0.008
2248.75732 16.106 0.007
2251.71927 15.872 0.007
2251.72256 15.876 0.005
2253.80337 16.060 0.007
2253.80666 16.055 0.006
2255.67832 16.002 0.008
2261.69858 15.977 0.007
2261.70187 16.006 0.006
2264.77964 16.067 0.007
2264.78294 16.076 0.006
2269.81304 15.930 0.007
2271.76044 16.112 0.007
2273.84552 15.970 0.007
2274.63016 15.993 0.008
2276.73728 16.122 0.008
2278.63580 15.943 0.007
2280.63400 16.059 0.008
2282.64257 16.098 0.008
2289.77622 15.998 0.007
2291.78431 15.876 0.007
2293.75006 16.094 0.009
2295.77197 15.965 0.007
2297.76528 15.956 0.007
2299.80585 16.112 0.009
2301.69995 15.913 0.008
2303.69614 16.075 0.009
2321.64656 16.102 0.008
2327.52508 16.031 0.008
2332.55796 16.095 0.010
2333.52201 15.985 0.009
2339.51019 15.933 0.008
2347.50489 16.079 0.009
2402.49883 15.953 0.009
2524.89464 16.059 0.008
2537.89458 15.915 0.008
2537.89815 15.938 0.007
2542.85715 15.946 0.007
2552.80423 16.017 0.008
2556.79747 16.083 0.008
2556.80103 16.085 0.006
2559.84565 15.903 0.007
2559.84920 15.898 0.006
2563.89091 16.049 0.009
2563.89447 16.062 0.009
2564.81361 15.931 0.007
2573.81546 16.105 0.009
2578.73963 16.108 0.009
2583.77512 16.086 0.008
2583.77842 16.079 0.007
2589.81785 16.116 0.008
2589.82139 16.100 0.006
2596.70611 16.059 0.009
2596.70963 16.063 0.007
2605.70737 16.025 0.008
2609.69811 15.875 0.008
2609.70163 15.884 0.006
2614.63292 15.883 0.007
2618.69058 16.028 0.008
2620.81853 15.968 0.007
2623.78941 16.098 0.008
2627.65416 16.031 0.009
2629.67768 16.071 0.008
2629.68099 16.083 0.007
2634.72577 16.125 0.008
2635.59788 16.046 0.007
2637.80023 15.919 0.007
2639.62284 16.115 0.007
2641.68833 16.036 0.008
2643.69711 15.895 0.007
2643.70058 15.901 0.006
2645.68652 16.112 0.007
2647.64424 15.977 0.008
2647.64754 15.985 0.007
2650.85967 15.938 0.007
2650.86314 15.936 0.006
2651.60211 16.078 0.007
2653.62582 15.908 0.008
2653.62912 15.921 0.006
2655.73911 15.926 0.007
2657.59178 16.027 0.008
2659.60678 15.856 0.007
2661.82478 15.965 0.008
2663.83883 16.086 0.010
2665.84374 15.970 0.008
2668.59373 16.041 0.009
2670.59888 15.913 0.008
2672.58545 16.063 0.008
2674.60683 16.038 0.008
2676.59330 15.928 0.007
2678.66224 16.103 0.008
2678.66608 16.118 0.008
2680.59179 16.020 0.007
2682.64062 15.953 0.008
2682.64410 15.963 0.006
2686.63517 16.019 0.008
2686.63864 16.019 0.007
2695.61752 16.106 0.008
2700.57163 16.077 0.008
2700.57515 16.078 0.007
2706.59047 16.064 0.009
2713.55552 16.008 0.009
2840.93324 15.922 0.008
2840.93682 15.929 0.007
2868.87300 15.867 0.007
2868.87654 15.873 0.007
2885.83797 15.948 0.007
2892.86754 16.107 0.009
2897.83688 16.094 0.008
2903.88267 16.126 0.007
2903.88620 16.113 0.006
2906.88582 15.957 0.007
2911.76562 15.960 0.007
2916.80970 16.025 0.007
2922.79958 15.945 0.008
2925.88810 16.024 0.009
2930.80074 15.998 0.008
2930.80421 16.002 0.006
2933.84509 16.005 0.007
2939.85337 16.007 0.008
2942.80300 16.110 0.008
2942.80646 16.104 0.006
2944.84740 16.061 0.008
2946.84931 15.932 0.007
2948.86575 16.139 0.008
2949.76744 16.075 0.007
2952.83984 15.941 0.007
2956.67909 15.931 0.008
2956.68254 15.941 0.006
2958.70580 16.107 0.008
2962.71666 15.870 0.007
2965.73576 16.092 0.007
2967.83530 15.960 0.007
2970.80067 16.075 0.007
2974.73847 15.899 0.007
2976.77317 16.086 0.008
2978.73700 15.945 0.008
2978.75326 15.955 0.008
2980.69331 16.023 0.007
2982.65272 16.043 0.008
2984.70328 15.915 0.007
2986.78138 16.053 0.008
2988.75065 16.074 0.008
2990.62281 15.916 0.007
2992.77338 16.111 0.008
2994.61962 15.999 0.008
2995.62923 15.929 0.007
2997.63820 16.105 0.007
2999.75792 16.102 0.008
3001.72973 15.916 0.007
3003.70325 16.112 0.008
3005.69401 16.037 0.008
3007.70843 15.870 0.007
3009.70649 16.120 0.008
3011.67580 15.991 0.008
3013.67904 15.909 0.007
3017.68944 15.938 0.008
3019.61701 16.052 0.008
3019.62047 16.043 0.006
3021.73616 16.081 0.007
3023.59814 15.858 0.007
3024.79918 15.902 0.007
3024.80263 15.901 0.005
3026.79549 16.103 0.007
3026.79893 16.100 0.006
3028.80746 16.023 0.007
3031.66940 16.099 0.007
3033.73335 16.046 0.007
3035.73969 15.914 0.007
3038.71808 16.095 0.008
3041.58627 16.046 0.009
3043.62165 16.108 0.008
3045.65533 15.971 0.008
3047.60940 16.096 0.008
3049.61502 16.079 0.007
3051.58229 15.898 0.007
3053.57742 16.137 0.008
3055.57656 16.034 0.008
3057.60141 15.873 0.007
3060.62389 16.076 0.008
3064.62822 16.063 0.008
3067.68520 15.968 0.007
3070.53355 16.100 0.009
3073.60023 15.906 0.008
3075.64945 16.045 0.008
3078.56956 15.958 0.008
3082.55893 16.101 0.008
3084.63584 15.967 0.007
3087.59750 16.125 0.008
3090.56129 15.904 0.008
3099.49610 16.057 0.008
3102.52290 15.980 0.008
3102.53126 15.983 0.006
3105.56152 16.035 0.009
3108.53999 16.028 0.007
3112.51134 15.853 0.007
3116.49862 16.012 0.008
3126.50434 16.102 0.008
3146.46686 15.895 0.007
3241.89188 16.037 0.007
3247.92472 16.006 0.008
3256.90326 16.124 0.008
3263.87815 16.081 0.007
3268.89372 16.122 0.007
3273.86898 16.136 0.008
3277.85820 15.933 0.007
3281.84830 15.914 0.006
3287.70986 15.856 0.006
3287.71335 15.879 0.005
3289.86205 16.088 0.007
3294.85751 16.016 0.006
3296.86526 16.099 0.007
3301.71622 16.091 0.008
3304.77888 15.912 0.007
3306.85991 16.113 0.007
3308.87668 16.071 0.009
3311.68702 16.129 0.007
3320.72981 15.884 0.006
3327.69884 16.036 0.007
3327.70228 16.024 0.006
3329.84946 16.091 0.007
3334.75540 16.103 0.008
3338.80552 15.920 0.006
3350.63179 16.104 0.007
3350.64080 16.116 0.005
3354.63752 15.950 0.007
3358.69099 16.004 0.007
3361.79126 16.049 0.007
3363.74620 16.084 0.007
3367.70002 16.124 0.008
3372.71844 16.034 0.007
3378.63118 16.092 0.008
3382.60937 15.926 0.007
3387.61749 15.879 0.007
3391.69874 16.043 0.007
3395.69015 16.119 0.008
3399.66622 15.965 0.007
3402.68308 16.074 0.007
3404.61366 15.920 0.007
3408.56428 15.990 0.007
3412.60970 16.131 0.007
3416.59310 16.032 0.007
3424.59620 16.033 0.008
3430.57060 15.996 0.007
3437.50882 15.875 0.006
3445.51352 16.111 0.008
3453.53527 15.955 0.007
3462.51053 16.121 0.008
3582.91714 16.077 0.007
3589.92391 15.917 0.006
3589.92743 15.922 0.005
3617.90935 15.979 0.007
3629.84900 15.928 0.007
3629.85249 15.923 0.006
3634.81437 15.890 0.006
3634.81785 15.892 0.005
3639.86729 15.942 0.006
3639.87075 15.920 0.005
3641.85818 15.976 0.007
3641.86165 15.968 0.006
3650.85351 15.942 0.006
3650.85697 15.963 0.005
3653.88138 16.067 0.007
3653.88483 16.058 0.006
3657.83462 15.927 0.006
3657.83807 15.944 0.005
3661.81848 15.996 0.007
3661.82193 15.988 0.006
3666.81470 16.045 0.007
3671.84757 16.107 0.007
3675.83014 16.116 0.007
3683.85126 16.002 0.007
3687.74397 16.084 0.007
3689.84444 15.964 0.007
3692.76833 16.076 0.007
3692.77174 16.068 0.006
3694.78323 15.980 0.007
3696.72570 15.892 0.006
3696.72911 15.900 0.005
3699.72826 16.000 0.006
3699.73167 16.012 0.005
3701.77935 15.904 0.006
3704.68831 16.037 0.007
3706.81709 15.980 0.007
3711.69077 15.974 0.007
3711.69418 15.978 0.006
3713.70448 16.037 0.007
3713.70793 16.028 0.006
3716.80364 16.083 0.007
3719.78457 16.051 0.008
3719.78797 16.057 0.007
3725.77623 16.103 0.008
3725.77965 16.081 0.006
3727.75101 16.073 0.007
3730.64632 16.090 0.006
3732.67083 16.081 0.007
3734.76881 15.896 0.006
3736.78519 15.989 0.007
3737.67376 16.098 0.007
3739.77278 15.957 0.006
3739.77619 15.963 0.005
3742.59574 16.092 0.008
3745.70724 15.901 0.006
3747.73680 16.030 0.009
3749.61964 16.002 0.008
3751.72376 15.927 0.007
3753.59539 16.084 0.007
3755.63292 16.012 0.008
3755.63638 15.980 0.006
3757.66639 15.924 0.007
3759.73001 16.102 0.007
3762.71833 15.958 0.007
3765.73690 16.136 0.006
3770.57841 16.119 0.007
3773.58578 15.943 0.007
3776.58481 16.122 0.007
3779.57482 15.898 0.007
3782.62457 16.082 0.007
3787.54942 16.101 0.007
3791.59664 15.967 0.007
3791.60009 15.970 0.005
3799.52113 16.006 0.008
3821.49913 16.086 0.007
3945.92378 16.120 0.007
3963.91997 16.041 0.007
3963.92344 16.028 0.006
3969.85043 15.988 0.007
3975.90048 15.997 0.007
3975.90392 15.995 0.005
3981.82968 15.954 0.007
3981.83314 15.943 0.006
3995.88010 16.131 0.007
3995.88353 16.119 0.006
4001.83320 16.086 0.007
4001.83662 16.097 0.006
4005.81104 16.029 0.006
4007.81512 16.068 0.007
4007.81852 16.070 0.006
4011.81525 16.080 0.007
4011.81867 16.092 0.006
4018.80678 16.085 0.007
4018.81020 16.094 0.006
4023.83887 16.129 0.007
4023.84229 16.125 0.006
4026.74525 15.902 0.006
4026.74864 15.916 0.005
4028.88141 16.106 0.007
4031.76915 15.945 0.007
4037.87825 15.913 0.007
4040.84518 16.105 0.007
4040.84855 16.103 0.006
4042.86089 15.972 0.007
4042.86429 15.971 0.005
4046.73590 16.063 0.007
4046.73927 16.082 0.006
4048.82544 15.908 0.007
4048.82882 15.911 0.005
4052.66760 15.989 0.006
4052.67097 15.996 0.005
4053.86523 15.997 0.007
4056.71213 16.103 0.007
4056.71550 16.122 0.006
4058.65019 15.938 0.006
4058.65356 15.949 0.005
4063.64422 15.996 0.006
4066.64202 16.085 0.007
4066.64538 16.058 0.006
4069.70764 16.000 0.006
4069.71101 16.013 0.005
4071.63625 16.000 0.007
4071.63962 16.000 0.006
4076.70850 15.901 0.006
4079.72118 16.120 0.008
4079.72459 16.127 0.006
4083.63811 16.133 0.008
4085.70340 16.091 0.007
4092.82072 15.984 0.006
4092.82410 15.996 0.005
4104.86755 15.933 0.008
4112.69221 16.109 0.006
4112.69561 16.111 0.006
4117.68108 16.107 0.007
4117.68446 16.121 0.006
4121.65711 15.923 0.007
4121.66051 15.921 0.005
4124.73996 16.114 0.007
4129.75252 16.138 0.007
4129.75593 16.140 0.006
4142.61154 15.908 0.008
4142.61494 15.928 0.006
4150.59997 16.089 0.008
4150.60341 16.086 0.006
4155.51331 16.078 0.008
4166.54214 16.056 0.009
4166.54560 16.047 0.007
4196.49164 16.042 0.008
4341.86766 16.076 0.008
4347.81760 16.115 0.008
4351.86353 15.878 0.008
4357.87887 15.906 0.006
4363.80010 16.034 0.008
4363.80351 16.011 0.007
4366.85066 16.001 0.008
4366.85409 16.001 0.007
4369.89119 16.036 0.008
4369.89463 16.016 0.006
4372.79414 15.939 0.007
4372.79756 15.955 0.006
4376.88451 16.111 0.009
4376.88794 16.088 0.007
4379.89095 15.917 0.008
4379.89436 15.937 0.007
4386.75208 16.107 0.007
4388.88998 16.067 0.012
4393.76303 16.062 0.007
4393.76644 16.084 0.006
4398.83929 16.116 0.008
4398.84267 16.115 0.006
4403.84570 16.081 0.009
4403.84909 16.093 0.007
4411.77465 15.936 0.007
4411.77803 15.947 0.006
4411.83632 15.977 0.008
4411.83973 15.984 0.006
4418.72549 15.915 0.007
4418.72885 15.927 0.006
4422.82207 16.007 0.007
4422.82544 16.004 0.006
4429.75329 15.951 0.010
4429.75668 15.933 0.007
4432.69022 16.046 0.008
4432.69361 16.057 0.006
4436.72963 16.114 0.008
4436.73301 16.111 0.007
4439.79532 15.994 0.009
4439.79870 15.994 0.007
4443.66502 16.077 0.008
4443.66839 16.076 0.007
4448.81901 16.107 0.008
4448.82239 16.103 0.006
4451.65924 15.850 0.007
4451.66260 15.908 0.006
4455.65801 15.968 0.008
4455.66139 15.975 0.006
4457.71355 15.871 0.007
4457.71692 15.900 0.006
4460.74363 16.042 0.008
4460.74699 16.053 0.007
4464.70630 16.074 0.007
4464.70967 16.078 0.006
4467.69881 15.907 0.007
4467.70218 15.923 0.006
4471.70053 16.036 0.007
4476.66756 16.078 0.007
4480.66735 16.074 0.007
4484.74637 15.955 0.008
4484.74976 15.958 0.006
4488.66889 16.059 0.008
4488.67228 16.058 0.006
4493.67102 16.104 0.009
4493.67441 16.093 0.007
4498.64941 16.119 0.007
4498.65269 16.103 0.006
4501.64245 15.860 0.007
4501.64573 15.871 0.006
4506.58054 15.873 0.008
4506.58384 15.879 0.006
4508.59055 16.061 0.008
4508.59383 16.068 0.006
4510.66970 16.036 0.008
4510.67312 16.033 0.006
4516.61943 16.009 0.009
4516.62286 16.011 0.007
4519.68586 16.019 0.009
4521.53463 16.002 0.008
4521.53803 16.015 0.006
4524.51980 16.017 0.009
4530.59925 16.056 0.008
4530.60267 16.050 0.006
4532.62750 16.097 0.008
4532.63096 16.093 0.006
4537.58916 16.120 0.008
4537.59260 16.123 0.006
4540.64034 15.886 0.008
4540.64377 15.918 0.006
