2188.81152 16.506 0.013
2211.80045 16.533 0.011
2221.83254 16.576 0.011
2225.83845 16.206 0.012
2227.86640 16.392 0.011
2229.86743 16.489 0.013
2233.82629 16.518 0.009
2237.74975 16.217 0.009
2240.71660 16.386 0.011
2242.72773 16.530 0.011
2244.77833 16.539 0.011
2250.71326 16.375 0.009
2252.81028 16.529 0.010
2258.73719 16.228 0.008
2262.70635 16.460 0.009
2265.74439 16.527 0.010
2266.84606 16.244 0.009
2270.84692 16.406 0.009
2272.85294 16.509 0.010
2275.85189 16.471 0.010
2278.87111 16.213 0.011
2280.84320 16.372 0.009
2282.85111 16.493 0.010
2288.63556 16.502 0.009
2290.64337 16.207 0.009
2292.65500 16.330 0.013
2294.65760 16.452 0.009
2296.63189 16.528 0.011
2297.84479 16.307 0.009
2299.63189 16.412 0.009
2301.62929 16.223 0.010
2302.85792 16.408 0.011
2303.62987 16.336 0.009
2324.62503 16.340 0.009
2330.55122 16.537 0.012
2342.55164 16.429 0.010
2346.53805 16.346 0.010
2365.50937 16.209 0.012
2392.54059 16.526 0.014
2541.89851 16.316 0.009
2545.88734 16.553 0.011
2550.87672 16.261 0.010
2554.83322 16.407 0.010
2558.85304 16.545 0.010
2562.86925 16.270 0.010
2565.88716 16.466 0.060
2571.80005 16.308 0.010
2576.87380 16.481 0.010
2580.76746 16.547 0.011
2588.80399 16.496 0.014
2593.79313 16.234 0.009
2599.84404 16.551 0.010
2613.65523 16.511 0.012
2618.84403 16.450 0.010
2621.78807 16.510 0.012
2624.77487 16.340 0.009
2630.82254 16.568 0.012
2634.85222 16.207 0.009
2635.85909 16.302 0.009
2639.85920 16.499 0.010
2642.85914 16.483 0.010
2643.85499 16.452 0.009
2646.83792 16.326 0.009
2649.76551 16.437 0.009
2651.86398 16.495 0.011
2653.85934 16.471 0.010
2656.84990 16.207 0.009
2659.85248 16.410 0.012
2663.60883 16.483 0.010
2666.85331 16.269 0.009
2669.64304 16.339 0.009
2674.77297 16.528 0.010
2677.83791 16.291 0.009
2680.82141 16.443 0.009
2685.56664 16.456 0.010
2689.64291 16.246 0.009
2694.61646 16.502 0.009
2698.58114 16.470 0.009
2704.56276 16.372 0.009
2711.51900 16.355 0.009
2730.49626 16.486 0.011
2868.92051 16.450 0.010
2877.92464 16.334 0.011
2893.90630 16.529 0.011
2915.73855 16.549 0.012
2921.76832 16.396 0.009
2924.84762 16.511 0.010
2927.87694 16.176 0.009
2932.82484 16.468 0.009
2935.86551 16.479 0.010
2941.80065 16.295 0.009
2944.83182 16.484 0.010
2948.79495 16.447 0.010
2951.86375 16.390 0.009
2955.73938 16.465 0.011
2958.78920 16.370 0.009
2963.84880 16.396 0.009
2965.86236 16.556 0.011
2967.76095 16.483 0.010
2971.70012 16.257 0.009
2975.75229 16.439 0.009
2978.62161 16.440 0.010
2980.83499 16.236 0.009
2982.85340 16.280 0.009
2984.81435 16.450 0.009
2987.70059 16.514 0.010
2990.85589 16.246 0.009
2994.68346 16.257 0.009
2999.84914 16.386 0.009
3002.85487 16.240 0.009
3003.84299 16.378 0.009
3005.81434 16.392 0.009
3006.85802 16.519 0.010
3008.85425 16.506 0.013
3009.86961 16.493 0.012
3010.86826 16.299 0.009
3016.87443 16.450 0.012
3019.83793 16.503 0.009
3021.72139 16.477 0.009
3024.65096 16.221 0.009
3026.61987 16.328 0.009
3028.62556 16.396 0.009
3030.66076 16.469 0.009
3032.73840 16.367 0.009
3034.81400 16.292 0.009
3036.84026 16.413 0.009
3040.74717 16.539 0.011
3041.81087 16.436 0.011
3045.79112 16.293 0.014
3046.78419 16.319 0.010
3047.77024 16.396 0.009
3049.72873 16.463 0.009
3051.72674 16.533 0.010
3053.70692 16.437 0.009
3055.71953 16.221 0.009
3056.74549 16.320 0.009
3060.73428 16.493 0.009
3067.63090 16.292 0.011
3069.70021 16.395 0.009
3071.65883 16.513 0.014
3074.68140 16.441 0.010
3077.58216 16.204 0.009
3081.57347 16.431 0.009
3083.69396 16.499 0.009
3086.64882 16.320 0.009
3089.62812 16.323 0.009
3092.64063 16.496 0.011
3097.64031 16.260 0.009
3101.60097 16.410 0.014
3104.63248 16.527 0.010
3108.62952 16.221 0.008
3111.60235 16.376 0.011
3116.59145 16.499 0.010
3123.56964 16.430 0.012
3129.51676 16.389 0.010
3134.53603 16.442 0.010
3146.52652 16.520 0.011
3216.92920 16.566 0.013
3245.89447 16.407 0.009
3251.89152 16.271 0.009
3253.90780 16.254 0.009
3261.88151 16.389 0.009
3272.85735 16.316 0.009
3275.85179 16.277 0.010
3280.78584 16.546 0.009
3283.80014 16.370 0.008
3288.85830 16.481 0.009
3296.73572 16.159 0.007
3296.73959 16.197 0.007
3298.74864 16.342 0.008
3300.80502 16.515 0.009
3303.71290 16.518 0.013
3306.70990 16.206 0.009
3308.73046 16.281 0.009
3310.76334 16.456 0.009
3315.75175 16.411 0.009
3321.84465 16.545 0.009
3324.73069 16.559 0.010
3329.71291 16.298 0.008
3335.78663 16.513 0.011
3340.80385 16.388 0.009
3351.67637 16.334 0.008
3356.83215 16.430 0.009
3359.85084 16.300 0.010
3363.86053 16.532 0.010
3375.86596 16.553 0.012
3379.67379 16.403 0.009
3385.81750 16.540 0.009
3390.81038 16.185 0.008
3394.85959 16.495 0.010
3398.83751 16.436 0.009
3402.82550 16.319 0.009
3404.70302 16.375 0.009
3410.68616 16.463 0.009
3414.64149 16.276 0.009
3420.57753 16.556 0.009
3428.54568 16.440 0.009
3433.60347 16.297 0.009
3440.56558 16.536 0.009
3450.50227 16.429 0.010
3460.52067 16.422 0.009
3628.86596 16.525 0.010
3640.85856 16.359 0.009
3644.87450 16.367 0.009
3652.88321 16.221 0.008
3659.87655 16.520 0.009
3663.87842 16.237 0.010
3665.87168 16.399 0.009
3668.87441 16.527 0.011
3672.86732 16.232 0.012
3676.75004 16.308 0.009
3688.82151 16.443 0.009
3692.85798 16.417 0.009
3694.76797 16.271 0.008
3699.86129 16.501 0.010
3704.85469 16.276 0.008
3708.86127 16.435 0.011
3711.86061 16.552 0.011
3715.86000 16.232 0.010
3720.86219 16.516 0.017
3724.84450 16.343 0.009
3726.86652 16.285 0.010
3733.84672 16.524 0.009
3736.84344 16.244 0.008
3738.85707 16.323 0.009
3742.85642 16.527 0.011
3745.87295 16.328 0.010
3750.82377 16.387 0.010
3752.83622 16.499 0.010
3757.85097 16.233 0.008
3759.84040 16.324 0.010
3764.78986 16.505 0.009
3768.68466 16.349 0.009
3772.78335 16.447 0.009
3774.76846 16.515 0.009
3777.75890 16.392 0.009
3780.58052 16.307 0.009
3784.65947 16.453 0.009
3789.62656 16.426 0.008
3796.56521 16.457 0.009
3803.55903 16.239 0.011
3816.50379 16.373 0.009
3967.92200 16.235 0.008
3975.88529 16.443 0.010
3994.76160 16.553 0.010
4003.88653 16.498 0.009
4004.89650 16.500 0.009
4008.89082 16.282 0.008
4016.86520 16.563 0.010
4021.78764 16.307 0.009
4025.82453 16.548 0.009
4028.73430 16.569 0.009
4030.80584 16.335 0.008
4036.86495 16.555 0.010
4040.70085 16.326 0.009
4042.71696 16.244 0.009
4045.81653 16.483 0.010
4048.67660 16.560 0.013
4050.75299 16.459 0.009
4053.72155 16.294 0.009
4055.67219 16.402 0.011
4058.82717 16.581 0.009
4064.83957 16.348 0.008
4067.70637 16.514 0.009
4069.84160 16.557 0.009
4073.84731 16.271 0.009
4076.86048 16.434 0.009
4084.61896 16.236 0.009
4100.67136 16.588 0.009
4104.67100 16.226 0.009
4106.79703 16.317 0.008
4109.87237 16.481 0.009
4122.82872 16.490 0.009
4124.82218 16.363 0.008
4132.77907 16.498 0.009
4141.79431 16.586 0.010
4160.56749 16.270 0.010
4174.53792 16.404 0.010
4344.91563 16.263 0.009
4346.91889 16.394 0.015
4349.91482 16.520 0.011
4353.91732 16.306 0.013
4355.90411 16.280 0.009
4363.87573 16.320 0.010
4366.90398 16.309 0.010
4370.87827 16.543 0.011
4378.88829 16.453 0.009
4382.87236 16.543 0.010
4387.84674 16.308 0.009
4391.85236 16.498 0.009
4397.72408 16.226 0.009
4402.80249 16.506 0.011
4409.75864 16.330 0.009
4415.75633 16.553 0.011
4424.80336 16.511 0.010
4428.78958 16.290 0.010
4431.68575 16.316 0.010
4434.74372 16.529 0.009
4438.81896 16.203 0.009
4441.66735 16.232 0.009
4444.84755 16.517 0.012
4450.85736 16.321 0.011
4454.86156 16.549 0.013
4456.85396 16.545 0.009
4459.85233 16.234 0.009
4462.85824 16.433 0.009
4470.84600 16.245 0.009
4477.83329 16.511 0.011
4478.83259 16.469 0.009
4480.87277 16.252 0.010
4485.85627 16.490 0.010
4492.84004 16.294 0.009
4494.77086 16.387 0.009
4498.77796 16.552 0.009
4501.77506 16.231 0.009
4506.73986 16.461 0.011
4508.78658 16.544 0.011
4509.77508 16.567 0.009
4511.79483 16.307 0.009
4525.67183 16.298 0.009
4531.70582 16.540 0.009
4535.70150 16.252 0.009
4539.70144 16.497 0.009
