 726.79403 15.684 0.006
 728.85733 15.716 0.006
 729.84021 15.811 0.006
 739.82488 15.686 0.007
 742.83718 15.817 0.006
 744.81005 15.825 0.006
 745.81959 15.633 0.006
 746.85767 15.856 0.006
 747.67705 15.650 0.006
 748.65440 15.836 0.007
 750.73471 15.849 0.006
 751.76522 15.627 0.006
 752.82656 15.880 0.006
 754.83488 15.885 0.007
 755.73214 15.654 0.007
 759.73535 15.659 0.006
 760.78981 15.863 0.006
 762.81054 15.834 0.006
 769.82293 15.759 0.006
 773.81036 15.795 0.006
 776.83639 15.639 0.006
 779.77728 15.830 0.006
 781.79382 15.850 0.006
 783.80224 15.865 0.006
 788.80472 15.636 0.006
 790.81949 15.669 0.006
 795.77624 15.850 0.006
 798.77148 15.696 0.006
 805.83306 15.698 0.007
 816.82714 15.845 0.006
 817.76964 15.636 0.006
 824.71701 15.865 0.006
 826.68928 15.861 0.006
 827.65975 15.649 0.006
 828.71920 15.869 0.006
 829.68026 15.668 0.006
 830.60076 15.864 0.006
 831.60879 15.650 0.006
 832.73163 15.850 0.006
 833.66440 15.689 0.006
 833.75613 15.712 0.006
 834.71749 15.820 0.006
 835.68461 15.710 0.006
 836.65350 15.819 0.006
 837.63499 15.698 0.006
 838.76267 15.751 0.007
 839.63366 15.722 0.006
 840.75406 15.720 0.006
 842.66615 15.738 0.006
 844.61389 15.738 0.006
 845.63899 15.769 0.006
 850.71000 15.636 0.006
 854.74748 15.618 0.006
 855.73208 15.855 0.007
 856.63942 15.635 0.006
 857.69770 15.850 0.006
 858.65153 15.647 0.006
 859.72747 15.865 0.006
 860.60600 15.631 0.006
 860.66867 15.639 0.006
 865.53636 15.857 0.007
 867.59176 15.867 0.006
 874.70330 15.747 0.005
 876.57249 15.745 0.006
 876.67263 15.745 0.006
 878.70933 15.796 0.006
 880.59613 15.770 0.006
 885.60282 15.640 0.008
 887.64114 15.628 0.006
 890.66472 15.849 0.007
 892.55827 15.836 0.006
 895.60161 15.628 0.006
 898.57931 15.873 0.006
 918.59456 15.693 0.006
 922.49885 15.669 0.006
 928.56077 15.651 0.007
 933.52304 15.865 0.006
 951.48096 15.744 0.006
1041.89511 15.781 0.006
1072.84343 15.729 0.006
1078.79557 15.751 0.006
1080.83045 15.802 0.006
1081.80716 15.673 0.006
1083.87540 15.635 0.006
1084.78903 15.817 0.006
1086.80934 15.846 0.006
1089.77239 15.632 0.006
1090.79419 15.852 0.006
1091.85233 15.622 0.006
1092.85064 15.857 0.006
1093.87747 15.650 0.006
1102.85635 15.834 0.006
1107.83933 15.750 0.006
1109.78902 15.747 0.006
1113.85248 15.798 0.006
1116.79671 15.658 0.006
1126.69846 15.635 0.006
1129.79722 15.856 0.006
1131.80187 15.880 0.007
1132.79374 15.677 0.006
1134.80679 15.684 0.006
1142.74409 15.733 0.006
1151.83877 15.645 0.006
1153.71038 15.661 0.006
1155.66608 15.679 0.006
1157.72666 15.633 0.006
1159.70367 15.645 0.006
1159.73161 15.639 0.006
1161.79671 15.633 0.006
1163.79337 15.637 0.006
1165.79355 15.647 0.006
1167.72825 15.639 0.006
1168.73923 15.871 0.006
1171.70713 15.659 0.006
1174.83493 15.783 0.006
1178.75292 15.781 0.006
1181.71849 15.757 0.006
1183.75202 15.776 0.006
1185.80094 15.798 0.006
1187.75417 15.801 0.006
1189.74258 15.830 0.006
1191.80744 15.842 0.006
1192.83823 15.618 0.006
1194.65774 15.627 0.006
1196.67458 15.633 0.006
1202.67995 15.634 0.006
1204.66013 15.646 0.006
1207.67289 15.855 0.007
1211.69929 15.798 0.006
1214.73786 15.749 0.006
1215.56399 15.804 0.006
1216.63205 15.747 0.006
1217.69969 15.706 0.006
1219.63687 15.730 0.006
1221.60760 15.716 0.006
1223.69774 15.646 0.006
1224.57737 15.784 0.007
1226.58563 15.802 0.006
1227.59268 15.652 0.006
1232.68225 15.858 0.006
1235.58346 15.634 0.006
1237.56739 15.635 0.007
1238.66938 15.840 0.011
1241.56963 15.651 0.006
1242.64298 15.869 0.006
1243.61058 15.681 0.006
1245.55529 15.678 0.006
1247.68966 15.723 0.006
1248.65745 15.796 0.006
1251.61196 15.741 0.006
1254.56583 15.763 0.007
1255.59884 15.767 0.007
1258.59615 15.676 0.006
1260.62328 15.645 0.006
1266.60873 15.626 0.006
1268.52983 15.619 0.006
1275.54725 15.851 0.007
1278.52985 15.659 0.006
1281.53791 15.855 0.007
1290.50764 15.745 0.007
1296.59852 15.815 0.007
1300.54467 15.820 0.007
1305.52304 15.629 0.006
1308.55405 15.864 0.007
1315.51320 15.666 0.007
1318.49592 15.830 0.007
1320.53809 15.791 0.007
1331.50053 15.809 0.007
1431.84383 15.627 0.006
1433.84039 15.633 0.006
1435.88827 15.655 0.006
1437.88101 15.673 0.006
1441.85712 15.694 0.006
1443.81578 15.695 0.007
1447.78508 15.730 0.007
1448.87578 15.742 0.006
1455.79401 15.792 0.008
1458.77991 15.655 0.006
1461.74790 15.816 0.006
1462.86708 15.625 0.006
1471.75833 15.865 0.006
1475.85273 15.835 0.006
1478.77747 15.693 0.006
1481.83970 15.773 0.006
1484.84400 15.749 0.006
1487.83681 15.694 0.006
1491.77552 15.669 0.006
1493.71743 15.658 0.006
1495.76090 15.634 0.006
1498.68203 15.817 0.006
1500.82257 15.857 0.006
1503.71285 15.622 0.006
1505.81971 15.640 0.006
1507.71575 15.640 0.006
1508.83236 15.856 0.006
1509.69390 15.655 0.006
1510.65939 15.866 0.006
1511.74200 15.668 0.006
1512.77604 15.851 0.006
1514.79053 15.814 0.006
1516.83633 15.778 0.006
1518.70818 15.803 0.006
1520.73351 15.779 0.006
1522.73419 15.731 0.006
1523.73435 15.773 0.007
1525.71027 15.773 0.006
1527.77564 15.798 0.006
1528.70158 15.660 0.006
1529.82699 15.830 0.006
1531.71895 15.824 0.006
1538.67608 15.620 0.006
1541.63193 15.851 0.006
1542.78624 15.658 0.006
1544.68865 15.656 0.006
1546.71328 15.675 0.007
1547.71493 15.859 0.006
1548.69204 15.675 0.006
1551.72144 15.809 0.006
1552.65436 15.694 0.006
1553.67805 15.812 0.006
1554.65662 15.727 0.006
1555.68113 15.780 0.006
1556.65526 15.720 0.006
1560.64699 15.758 0.007
1564.56610 15.770 0.006
1568.64282 15.810 0.006
1571.65250 15.613 0.006
1575.66686 15.627 0.006
1578.70719 15.865 0.007
1580.71801 15.859 0.006
1582.65247 15.858 0.006
1585.64325 15.692 0.006
1588.64654 15.812 0.006
1591.61040 15.731 0.007
1595.60362 15.765 0.006
1599.66962 15.797 0.006
1600.63648 15.655 0.006
1601.62963 15.788 0.007
1602.69609 15.639 0.006
1604.62767 15.616 0.006
1606.58468 15.619 0.006
1609.54091 15.833 0.007
1610.55584 15.609 0.006
1611.61590 15.858 0.006
1613.59629 15.855 0.006
1614.66734 15.672 0.006
1616.52500 15.638 0.006
1618.67419 15.691 0.006
1619.56423 15.856 0.007
1621.56040 15.858 0.007
1623.65755 15.797 0.006
1625.63858 15.789 0.006
1627.60887 15.768 0.006
1628.54881 15.736 0.006
1630.52042 15.747 0.007
1631.51824 15.745 0.006
1633.63367 15.658 0.006
1635.51662 15.706 0.006
1645.52576 15.616 0.008
1653.51109 15.640 0.006
1655.55501 15.676 0.006
1657.56448 15.701 0.006
1659.57909 15.719 0.006
1662.54666 15.775 0.006
1664.56974 15.725 0.006
1669.53967 15.773 0.007
1672.51238 15.668 0.006
1687.51000 15.855 0.009
1695.49533 15.818 0.006
1766.88804 15.820 0.007
1768.87367 15.829 0.006
1773.93198 15.644 0.006
1782.86323 15.842 0.007
1788.87167 15.769 0.006
1804.86689 15.624 0.006
1811.88744 15.868 0.006
1815.86362 15.846 0.006
1822.74530 15.705 0.006
1829.89458 15.654 0.009
1844.80251 15.864 0.006
1850.78383 15.864 0.006
1854.84084 15.814 0.006
1858.78794 15.782 0.007
1860.83032 15.724 0.006
1863.80343 15.768 0.006
1866.75412 15.675 0.006
1868.73524 15.683 0.006
1870.85626 15.632 0.006
1874.77707 15.623 0.006
2167.84210 15.712 0.007
2173.84945 15.642 0.006
2190.78721 15.850 0.006
2192.82172 15.844 0.007
2214.78907 15.624 0.006
2224.74585 15.640 0.006
2226.84999 15.691 0.007
2229.66192 15.853 0.007
2230.80065 15.700 0.006
2232.82048 15.728 0.006
2234.81490 15.744 0.006
2239.59986 15.792 0.007
2241.66140 15.738 0.007
2243.71999 15.673 0.006
2248.79660 15.854 0.006
2250.84628 15.871 0.006
2252.65163 15.831 0.006
2254.64255 15.837 0.007
2257.64643 15.615 0.006
2261.76077 15.652 0.006
2264.75109 15.818 0.006
2266.64408 15.840 0.007
2270.64019 15.805 0.006
2271.79100 15.770 0.006
2273.72748 15.759 0.006
2275.82790 15.798 0.007
2277.64954 15.775 0.006
2279.82189 15.831 0.007
2281.80872 15.851 0.006
2283.84294 15.856 0.006
2288.74907 15.641 0.006
2290.78746 15.638 0.006
2292.76398 15.647 0.006
2294.73902 15.664 0.007
2296.74943 15.687 0.007
2298.76883 15.699 0.006
2300.72186 15.721 0.007
2302.69966 15.716 0.007
2304.74400 15.737 0.008
2321.67232 15.614 0.007
2327.55888 15.615 0.006
2333.56807 15.650 0.007
2339.54453 15.694 0.008
2395.51674 15.625 0.007
2526.90888 15.867 0.007
2542.88757 15.679 0.006
2552.83892 15.621 0.006
2556.83044 15.624 0.006
2559.88101 15.867 0.007
2564.84693 15.669 0.007
2573.84610 15.744 0.007
2578.77042 15.758 0.007
2583.82488 15.643 0.007
2589.85777 15.617 0.006
2596.74113 15.873 0.008
2605.74414 15.694 0.006
2609.74038 15.734 0.008
2614.70651 15.726 0.007
2618.73078 15.646 0.006
2621.64019 15.795 0.006
2623.82197 15.852 0.007
2627.68528 15.846 0.008
2629.70831 15.863 0.008
2634.76299 15.670 0.006
2635.68212 15.856 0.007
2638.65320 15.670 0.006
2639.65332 15.870 0.006
2641.72112 15.828 0.007
2643.72981 15.799 0.007
2645.71734 15.775 0.006
2647.67514 15.757 0.006
2650.83682 15.815 0.007
2652.73791 15.792 0.007
2654.67274 15.795 0.007
2656.64568 15.800 0.007
2658.60869 15.798 0.008
2660.62612 15.829 0.007
2662.60897 15.841 0.007
2664.61653 15.853 0.007
2666.67473 15.870 0.006
2668.66349 15.864 0.008
2670.62961 15.863 0.007
2672.73889 15.842 0.007
2674.63727 15.859 0.007
2676.62384 15.854 0.007
2678.71152 15.791 0.007
2680.62219 15.806 0.007
2682.67330 15.750 0.007
2687.54583 15.742 0.008
2696.53896 15.634 0.007
2701.52111 15.827 0.007
2707.51852 15.864 0.008
2714.51745 15.691 0.008
2840.90657 15.711 0.007
2867.91898 15.665 0.007
2888.91302 15.630 0.006
2894.84807 15.620 0.006
2899.84965 15.861 0.007
2905.83865 15.856 0.008
2908.89970 15.706 0.007
2911.79798 15.825 0.007
2916.84818 15.754 0.006
2922.83204 15.791 0.007
2926.75945 15.820 0.007
2930.83318 15.849 0.007
2933.87759 15.647 0.007
2940.71514 15.875 0.007
2947.72904 15.702 0.007
2949.81919 15.742 0.007
2953.68594 15.738 0.007
2956.71174 15.713 0.007
2958.73804 15.682 0.007
2962.74989 15.620 0.006
2965.76931 15.848 0.006
2968.71288 15.626 0.006
2973.85293 15.870 0.007
2975.84208 15.851 0.007
2976.83737 15.691 0.007
2978.85698 15.715 0.007
2982.68907 15.701 0.007
2984.73662 15.745 0.007
2986.81922 15.763 0.007
2988.78381 15.767 0.006
2989.80697 15.689 0.007
2991.64013 15.735 0.007
2993.62755 15.707 0.006
2995.72784 15.640 0.006
2997.70612 15.634 0.006
2999.72874 15.627 0.006
3001.76499 15.634 0.006
3003.73565 15.627 0.006
3005.64092 15.633 0.006
3007.67400 15.630 0.007
3009.74028 15.674 0.007
3011.71598 15.677 0.007
3013.72044 15.691 0.006
3017.72191 15.701 0.006
3019.64987 15.706 0.007
3021.76865 15.766 0.006
3023.63044 15.747 0.006
3024.83157 15.668 0.006
3026.82826 15.652 0.006
3029.63259 15.784 0.006
3031.70257 15.816 0.006
3033.76606 15.841 0.006
3035.77311 15.871 0.007
3038.75060 15.656 0.007
3040.72125 15.632 0.007
3044.59906 15.637 0.006
3045.68806 15.853 0.007
3047.64177 15.868 0.007
3049.64749 15.859 0.006
3051.61569 15.846 0.007
3055.60914 15.802 0.007
3057.63462 15.765 0.006
3059.57848 15.752 0.006
3061.57152 15.750 0.007
3068.51288 15.798 0.007
3070.56855 15.813 0.007
3073.56925 15.638 0.007
3075.68223 15.655 0.007
3078.61422 15.866 0.007
3082.59175 15.872 0.007
3084.66878 15.849 0.006
3087.63148 15.715 0.007
3090.59487 15.790 0.007
3099.58291 15.797 0.007
3102.56167 15.654 0.007
3105.59440 15.825 0.007
3108.57235 15.634 0.006
3112.54964 15.632 0.006
3116.53102 15.655 0.007
3127.49841 15.809 0.006
3140.48705 15.820 0.007
3223.88727 15.799 0.007
3241.87350 15.871 0.008
3248.83692 15.711 0.007
3257.86477 15.706 0.006
3263.91076 15.629 0.006
3270.85373 15.860 0.007
3273.90175 15.655 0.007
3277.83778 15.668 0.006
3281.88153 15.695 0.006
3287.74260 15.724 0.006
3295.69485 15.752 0.006
3297.69338 15.786 0.006
3299.75787 15.814 0.006
3301.75536 15.830 0.007
3304.81127 15.632 0.006
3307.68612 15.829 0.008
3309.72150 15.855 0.006
3311.71936 15.874 0.006
3320.76215 15.720 0.006
3323.69696 15.817 0.006
3327.73371 15.743 0.006
3330.69256 15.788 0.007
3334.79180 15.833 0.008
3338.83828 15.856 0.006
3340.85336 15.864 0.007
3354.71821 15.843 0.006
3358.79979 15.750 0.006
3361.83197 15.787 0.006
3365.73437 15.794 0.006
3372.75069 15.637 0.006
3378.66340 15.626 0.006
3387.64997 15.859 0.007
3391.73111 15.785 0.006
3394.74267 15.756 0.006
3396.62266 15.742 0.006
3399.69990 15.714 0.006
3403.68717 15.658 0.006
3408.59659 15.833 0.006
3412.64180 15.865 0.007
3417.56923 15.648 0.006
3425.57748 15.695 0.007
3431.53918 15.737 0.006
3437.54096 15.792 0.006
3445.56090 15.837 0.006
3460.49461 15.670 0.006
3477.48933 15.652 0.006
3583.93144 15.858 0.007
3593.92968 15.712 0.006
3601.86664 15.656 0.006
3618.90071 15.838 0.006
3629.88196 15.777 0.006
3634.84854 15.654 0.006
3639.84187 15.827 0.006
3644.79665 15.615 0.006
3650.88549 15.668 0.006
3654.78641 15.668 0.006
3657.86697 15.796 0.006
3660.80143 15.721 0.006
3664.83652 15.766 0.006
3668.79446 15.785 0.006
3672.78267 15.804 0.006
3675.86234 15.635 0.006
3684.77048 15.859 0.006
3687.77612 15.682 0.006
3690.69598 15.868 0.007
3693.72995 15.688 0.006
3695.75148 15.731 0.006
3698.74425 15.728 0.006
3700.77308 15.715 0.006
3702.86072 15.663 0.006
3705.76750 15.802 0.006
3708.72607 15.635 0.006
3712.71295 15.626 0.006
3714.72330 15.624 0.006
3717.63939 15.853 0.006
3719.81657 15.860 0.007
3725.81046 15.803 0.007
3727.78288 15.794 0.006
3730.67829 15.710 0.006
3732.70303 15.724 0.006
3734.80107 15.768 0.006
3736.81733 15.796 0.006
3737.70570 15.695 0.006
3739.80479 15.627 0.006
3742.69068 15.805 0.007
3745.76633 15.611 0.006
3747.76899 15.639 0.007
3749.66076 15.630 0.006
3750.74573 15.859 0.006
3752.75643 15.874 0.007
3754.77416 15.866 0.006
3756.59767 15.858 0.006
3758.77055 15.842 0.007
3761.78296 15.716 0.006
3764.73741 15.773 0.006
3767.59723 15.719 0.006
3770.61494 15.764 0.006
3773.61777 15.767 0.006
3776.61720 15.686 0.006
3779.60676 15.813 0.007
3782.65747 15.623 0.006
3787.58245 15.860 0.006
3792.53421 15.641 0.006
3809.52346 15.748 0.007
3822.50926 15.848 0.007
3946.90560 15.869 0.007
3964.86237 15.776 0.006
3969.88648 15.781 0.006
3981.86125 15.859 0.007
3989.88827 15.869 0.006
4001.86497 15.723 0.006
4005.84259 15.668 0.006
4007.84679 15.664 0.006
4011.84705 15.631 0.006
4018.83862 15.860 0.006
4023.87075 15.681 0.006
4026.77922 15.854 0.006
4029.72048 15.673 0.007
4031.80082 15.720 0.006
4038.70991 15.762 0.006
4041.67106 15.765 0.006
4043.67543 15.789 0.007
4046.76752 15.631 0.006
4048.85704 15.619 0.006
4052.69997 15.622 0.006
4054.68692 15.624 0.006
4056.74396 15.646 0.006
4058.77708 15.654 0.006
4063.67583 15.855 0.006
4066.73310 15.710 0.006
4068.82062 15.755 0.006
4070.66307 15.718 0.006
4073.82244 15.687 0.006
4076.79057 15.793 0.007
4079.75295 15.648 0.006
4083.66974 15.618 0.006
4085.73526 15.631 0.006
4092.85371 15.842 0.006
4102.83024 15.739 0.006
4105.68915 15.740 0.006
4109.76230 15.781 0.006
4113.71803 15.810 0.006
4120.74843 15.627 0.006
4122.70488 15.620 0.006
4125.75611 15.867 0.006
4131.60945 15.852 0.006
4142.64609 15.740 0.007
4156.53278 15.824 0.007
4166.57400 15.856 0.008
4196.52349 15.634 0.007
4340.88883 15.774 0.007
4341.89938 15.680 0.007
4343.81836 15.688 0.007
4344.87322 15.799 0.007
4345.91179 15.643 0.007
4346.84073 15.815 0.008
4347.84928 15.627 0.006
4348.84243 15.823 0.007
4349.84267 15.625 0.007
4350.92002 15.854 0.009
4353.90325 15.625 0.006
4354.88699 15.863 0.008
4357.89321 15.659 0.007
4358.89322 15.871 0.007
4361.85470 15.666 0.008
4362.80921 15.869 0.008
4363.87230 15.694 0.007
4366.83629 15.839 0.008
4367.77387 15.705 0.007
4368.88753 15.784 0.008
4369.80950 15.725 0.008
4370.81063 15.794 0.007
4371.85578 15.744 0.006
4373.78127 15.740 0.006
4377.79163 15.779 0.007
4380.80812 15.659 0.006
4386.78375 15.636 0.007
4390.74574 15.638 0.006
4393.85983 15.859 0.007
4398.87111 15.694 0.007
4403.87805 15.781 0.010
4411.86956 15.667 0.007
4418.79071 15.817 0.006
4422.85678 15.864 0.007
4426.73512 15.856 0.008
4429.84110 15.670 0.007
4432.72195 15.853 0.007
4436.76134 15.843 0.007
4439.82691 15.728 0.007
4440.86315 15.756 0.011
4441.65288 15.718 0.007
4442.67487 15.794 0.007
4443.65039 15.731 0.007
4444.82951 15.687 0.007
4448.69507 15.699 0.007
4449.74257 15.798 0.007
4450.70540 15.672 0.007
4451.64044 15.785 0.007
4451.78230 15.823 0.007
4452.85345 15.629 0.006
4453.62932 15.806 0.007
4454.65323 15.654 0.007
4454.81614 15.625 0.006
4455.63979 15.815 0.007
4455.77685 15.844 0.007
4456.72045 15.621 0.006
4456.81069 15.634 0.006
4456.85814 15.626 0.006
4457.69528 15.840 0.007
4457.84503 15.848 0.007
4458.61771 15.636 0.006
4459.60194 15.829 0.007
4459.74640 15.847 0.007
4459.80854 15.868 0.007
4461.57252 15.831 0.007
4462.63270 15.635 0.007
4462.78237 15.643 0.006
4463.62613 15.856 0.007
4464.62379 15.637 0.006
4464.76580 15.662 0.006
4465.64302 15.853 0.006
4466.63614 15.632 0.006
4466.73635 15.649 0.006
4467.60362 15.867 0.008
4467.67235 15.862 0.006
4468.63641 15.655 0.006
4469.62083 15.860 0.007
4470.60860 15.670 0.006
4470.79863 15.702 0.006
4471.59865 15.859 0.006
4471.76477 15.808 0.007
4472.59938 15.666 0.006
4472.77208 15.719 0.006
4473.68604 15.828 0.006
4477.74419 15.745 0.006
4481.68174 15.723 0.006
4485.72982 15.651 0.006
4489.71331 15.633 0.007
4493.70314 15.629 0.007
4498.67964 15.869 0.007
4501.67697 15.656 0.006
4506.61091 15.856 0.007
4508.62813 15.833 0.007
4510.70133 15.772 0.006
4521.61145 15.782 0.007
4523.62728 15.797 0.007
4525.54669 15.812 0.007
4531.56873 15.864 0.007
4533.57108 15.843 0.007
4537.62112 15.870 0.007
4539.54008 15.867 0.008
4541.59235 15.851 0.008
