2161.87394 16.458 0.011
2173.88712 16.564 0.009
2192.85590 16.530 0.010
2201.84234 16.515 0.009
2214.82385 16.383 0.010
2221.76674 16.502 0.010
2224.77945 16.497 0.010
2227.68205 16.491 0.010
2229.69552 16.402 0.010
2230.83968 16.363 0.009
2232.85930 16.502 0.011
2234.85404 16.480 0.009
2237.77449 16.515 0.010
2241.69975 16.501 0.010
2243.75356 16.315 0.009
2247.83544 16.417 0.009
2248.83804 16.492 0.009
2250.82616 16.519 0.010
2252.68514 16.527 0.010
2254.67621 16.514 0.010
2257.68288 16.517 0.009
2260.68958 16.388 0.009
2264.69497 16.421 0.009
2266.68109 16.445 0.009
2270.68879 16.555 0.009
2271.82913 16.458 0.008
2272.83705 16.468 0.010
2274.67876 16.471 0.010
2276.78470 16.376 0.010
2277.83803 16.349 0.009
2279.85562 16.478 0.009
2280.82914 16.439 0.009
2282.72604 16.487 0.009
2288.78738 16.509 0.013
2290.82466 16.305 0.009
2292.79771 16.340 0.010
2294.77404 16.395 0.011
2296.79386 16.461 0.013
2298.75031 16.529 0.010
2300.75690 16.501 0.011
2302.73357 16.505 0.011
2304.77776 16.503 0.013
2323.61052 16.478 0.010
2327.59600 16.356 0.010
2333.60599 16.521 0.013
2345.54347 16.427 0.010
2351.52411 16.508 0.010
2369.52017 16.490 0.010
2385.50496 16.508 0.013
2529.85043 16.395 0.010
2539.85288 16.419 0.010
2545.82155 16.377 0.010
2552.87604 16.507 0.011
2556.86739 16.430 0.009
2560.77649 16.365 0.010
2564.88403 16.480 0.013
2573.87989 16.269 0.011
2578.80425 16.457 0.010
2583.85864 16.517 0.011
2590.76566 16.376 0.010
2596.77830 16.465 0.010
2605.81147 16.341 0.009
2609.77763 16.434 0.011
2614.73580 16.506 0.013
2618.79068 16.480 0.010
2621.71581 16.375 0.009
2624.62178 16.299 0.010
2627.71965 16.434 0.011
2629.74263 16.510 0.010
2632.66855 16.545 0.010
2635.71580 16.524 0.010
2638.68676 16.395 0.009
2640.78367 16.412 0.010
2642.74054 16.420 0.013
2644.74328 16.541 0.010
2646.69681 16.497 0.010
2650.75305 16.518 0.011
2652.81454 16.356 0.009
2654.77520 16.304 0.010
2656.68061 16.390 0.011
2658.64239 16.359 0.010
2660.66069 16.501 0.010
2662.67166 16.504 0.010
2664.65175 16.515 0.010
2668.70122 16.407 0.010
2670.66944 16.302 0.011
2672.80212 16.452 0.010
2674.70288 16.432 0.010
2676.69277 16.499 0.010
2678.74527 16.549 0.011
2680.65602 16.507 0.010
2682.70277 16.507 0.011
2687.58256 16.330 0.010
2693.54181 16.433 0.009
2696.57856 16.500 0.010
2701.56928 16.484 0.011
2707.56692 16.433 0.010
2714.55415 16.545 0.011
2839.93084 16.397 0.010
2867.90179 16.531 0.010
2885.87944 16.386 0.010
2892.90793 16.512 0.013
2897.87682 16.521 0.010
2907.79703 16.360 0.008
2911.83438 16.526 0.009
2916.88480 16.420 0.009
2922.86844 16.379 0.010
2926.80013 16.478 0.010
2930.86985 16.572 0.010
2934.77188 16.446 0.010
2940.75260 16.457 0.010
2943.75687 16.538 0.010
2947.76554 16.542 0.010
2949.85548 16.424 0.009
2956.74797 16.452 0.010
2958.77430 16.521 0.011
2965.80982 16.430 0.009
2968.67714 16.431 0.010
2973.80062 16.474 0.009
2976.81831 16.543 0.010
2978.72075 16.557 0.011
2980.73316 16.543 0.010
2982.72586 16.376 0.009
2984.77297 16.347 0.009
2986.85564 16.458 0.013
2988.82600 16.486 0.010
2989.78134 16.483 0.010
2991.67644 16.513 0.009
2993.69689 16.569 0.011
2995.77001 16.524 0.010
2997.74241 16.423 0.010
2999.70658 16.432 0.009
3001.80146 16.404 0.010
3003.77212 16.424 0.009
3005.73397 16.483 0.010
3007.65540 16.495 0.010
3009.65873 16.561 0.010
3011.75280 16.536 0.011
3017.75828 16.378 0.009
3019.68637 16.382 0.009
3021.80496 16.535 0.010
3023.66669 16.501 0.009
3025.63855 16.543 0.009
3027.68400 16.537 0.010
3029.66903 16.447 0.009
3031.73895 16.321 0.009
3033.80259 16.438 0.009
3035.80943 16.456 0.009
3038.78704 16.513 0.011
3041.62760 16.533 0.013
3043.66164 16.559 0.013
3045.72458 16.421 0.010
3047.67831 16.292 0.010
3048.60708 16.338 0.008
3050.62660 16.359 0.009
3052.62783 16.439 0.009
3054.63236 16.485 0.010
3056.62051 16.557 0.010
3060.66403 16.486 0.010
3068.55002 16.405 0.011
3070.62220 16.463 0.013
3073.64214 16.539 0.013
3076.56605 16.509 0.011
3078.65116 16.418 0.010
3082.62897 16.345 0.009
3085.53105 16.404 0.010
3087.67261 16.562 0.011
3090.63533 16.539 0.010
3096.55038 16.408 0.011
3099.62015 16.431 0.014
3102.59877 16.511 0.011
3104.58546 16.519 0.011
3107.56918 16.533 0.011
3110.56725 16.412 0.011
3113.54519 16.295 0.010
3128.51770 16.426 0.011
3140.52473 16.567 0.011
3216.88894 16.402 0.011
3241.93177 16.564 0.011
3248.87399 16.422 0.010
3257.90229 16.558 0.009
3264.82361 16.414 0.009
3270.89039 16.518 0.010
3274.77599 16.563 0.011
3277.89804 16.460 0.010
3287.77964 16.460 0.008
3291.71657 16.551 0.008
3295.73800 16.560 0.009
3297.73004 16.388 0.008
3299.79431 16.326 0.007
3301.79156 16.461 0.010
3304.85193 16.553 0.010
3307.72541 16.543 0.011
3309.75767 16.526 0.010
3311.75559 16.516 0.010
3320.79859 16.545 0.009
3327.77055 16.433 0.009
3330.72916 16.360 0.010
3334.82807 16.480 0.011
3339.77586 16.575 0.010
3354.79180 16.603 0.010
3358.84048 16.368 0.008
3365.77052 16.423 0.009
3372.78693 16.526 0.010
3378.69963 16.318 0.008
3387.69212 16.519 0.013
3391.76735 16.418 0.010
3399.73615 16.510 0.011
3403.72355 16.515 0.010
3406.69306 16.485 0.009
3410.64591 16.369 0.008
3415.64312 16.470 0.009
3427.60691 16.358 0.009
3433.62952 16.540 0.009
3438.55877 16.526 0.009
3446.51594 16.412 0.009
3461.53338 16.424 0.010
3473.49276 16.461 0.011
3601.90672 16.497 0.010
3619.84511 16.548 0.010
3633.88355 16.494 0.010
3639.79602 16.511 0.009
3644.83262 16.362 0.008
3651.77578 16.530 0.009
3654.82329 16.536 0.009
3658.78729 16.380 0.009
3661.85796 16.371 0.010
3668.83073 16.552 0.010
3672.81900 16.511 0.009
3676.77578 16.321 0.009
3684.83769 16.555 0.009
3687.81212 16.548 0.009
3690.73199 16.432 0.010
3693.76597 16.394 0.009
3695.79876 16.427 0.009
3698.78050 16.508 0.010
3700.80910 16.553 0.009
3703.73995 16.549 0.009
3705.80712 16.405 0.008
3708.79505 16.357 0.009
3712.75264 16.448 0.009
3714.82292 16.517 0.009
3717.68536 16.538 0.010
3719.85792 16.462 0.011
3721.81882 16.400 0.009
3726.71466 16.366 0.009
3730.74693 16.485 0.009
3732.73902 16.543 0.009
3735.63840 16.565 0.009
3737.77082 16.433 0.008
3739.84073 16.338 0.009
3741.85369 16.430 0.009
3743.75086 16.444 0.009
3746.79336 16.515 0.011
3748.74654 16.521 0.011
3749.75219 16.505 0.011
3751.76352 16.506 0.010
3753.71501 16.470 0.009
3755.71603 16.326 0.009
3757.70588 16.379 0.009
3759.77067 16.473 0.009
3762.79222 16.566 0.010
3765.77928 16.544 0.009
3770.65180 16.408 0.009
3773.71789 16.336 0.009
3776.68823 16.457 0.010
3779.64275 16.541 0.011
3782.75641 16.514 0.010
3787.61969 16.361 0.009
3792.57041 16.399 0.009
3800.55234 16.517 0.009
3810.50998 16.490 0.011
3823.51981 16.393 0.010
3950.90365 16.513 0.010
3964.89826 16.494 0.009
3981.89681 16.546 0.010
3998.88908 16.540 0.009
3999.85159 16.570 0.009
4001.90059 16.462 0.009
4004.86457 16.317 0.008
4005.87850 16.403 0.008
4008.74476 16.382 0.008
4013.78149 16.525 0.010
4018.87440 16.439 0.009
4024.74182 16.396 0.008
4026.81488 16.423 0.008
4029.76410 16.476 0.009
4032.78977 16.514 0.011
4038.74543 16.285 0.008
4041.70671 16.389 0.009
4043.71159 16.480 0.009
4046.80323 16.567 0.011
4049.67418 16.533 0.009
4052.73556 16.433 0.009
4054.72242 16.318 0.009
4056.78041 16.410 0.008
4058.81278 16.485 0.009
4063.71133 16.519 0.009
4066.76870 16.448 0.009
4068.67501 16.498 0.009
4070.69863 16.331 0.009
4074.76626 16.495 0.010
4077.81480 16.557 0.010
4079.85968 16.482 0.011
4083.70523 16.479 0.010
4085.77094 16.309 0.009
4093.75551 16.545 0.009
4102.86800 16.449 0.010
4105.82803 16.507 0.010
4109.79792 16.560 0.009
4113.75381 16.473 0.008
4120.78401 16.453 0.009
4122.74048 16.466 0.009
4132.68253 16.351 0.009
4142.73366 16.521 0.011
4156.56872 16.487 0.010
4168.52339 16.384 0.010
4197.50275 16.470 0.010
4347.88665 16.470 0.011
4353.81996 16.345 0.009
4364.88265 16.435 0.011
4371.77242 16.391 0.010
4377.82875 16.549 0.011
4380.84366 16.419 0.009
4386.81935 16.425 0.011
4390.78128 16.494 0.010
4394.73738 16.529 0.010
4399.75537 16.327 0.010
4407.71837 16.517 0.011
4412.73379 16.468 0.011
4418.82717 16.406 0.009
4426.77087 16.542 0.011
4430.69825 16.434 0.011
4432.75745 16.390 0.009
4436.79735 16.500 0.011
4440.71220 16.528 0.010
4443.75050 16.498 0.011
4449.71337 16.357 0.009
4451.72307 16.452 0.011
4455.72222 16.536 0.011
4457.75263 16.532 0.011
4460.82432 16.441 0.011
4463.74261 16.378 0.009
4466.73160 16.404 0.009
4470.67906 16.510 0.011
4473.72179 16.546 0.011
4477.78027 16.315 0.009
4482.78409 16.473 0.011
4486.76191 16.547 0.011
4492.65708 16.549 0.010
4494.68087 16.378 0.011
4498.71309 16.443 0.010
4501.71040 16.500 0.010
4506.64449 16.523 0.010
4508.67131 16.545 0.010
4510.73763 16.388 0.009
4517.68446 16.507 0.013
4521.65237 16.538 0.010
4524.61515 16.541 0.010
4530.64116 16.408 0.009
4532.66686 16.463 0.010
4536.63912 16.566 0.011
4539.52110 16.550 0.010
4541.63029 16.425 0.010
