  2450739.86873   15.034    0.008
  2450744.77703   15.044    0.010
  2450745.86168   15.087    0.010
  2450746.84753   14.722    0.013
  2450747.74298   14.821    0.015
  2450750.80791   15.052    0.011
  2450751.80875   14.750    0.011
  2450752.86656   14.856    0.010
  2450755.79078   15.000    0.007
  2450759.71662   15.099    0.017
  2450766.84757   14.780    0.010
  2450773.80316   15.019    0.008
  2450776.82837   14.828    0.013
  2450780.78875   14.725    0.007
  2450782.81737   14.929    0.008
  2450788.84488   15.091    0.014
  2450792.75493   14.941    0.011
  2450795.84025   14.761    0.010
  2450817.76290   15.067    0.015
  2450819.83961   14.724    0.015
  2450824.71027   14.717    0.010
  2450827.69976   15.080    0.011
  2450828.75938   14.959    0.008
  2450829.70700   14.738    0.010
  2450830.76510   14.853    0.008
  2450831.60237   14.945    0.007
  2450832.77197   15.107    0.011
  2450833.59155   14.998    0.008
  2450835.81333   14.872    0.013
  2450837.67522   15.116    0.015
  2450841.76268   15.000    0.011
  2450842.75260   15.139    0.010
  2450846.77948   15.013    0.010
  2450850.77034   14.918    0.011
  2450855.71727   14.904    0.011
  2450856.67928   15.039    0.008
  2450857.73795   15.088    0.013
  2450858.70109   14.731    0.017
  2450859.76784   14.848    0.013
  2450860.66082   14.935    0.008
  2450874.69693   14.881    0.011
  2450876.61298   15.117    0.013
  2450876.71548   15.128    0.011
  2450878.70299   14.794    0.010
  2450887.68157   14.722    0.011
  2450892.55195   14.734    0.011
  2450893.71820   14.828    0.008
  2450896.51994   15.119    0.013
  2450900.57342   15.071    0.013
  2450919.57529   14.991    0.011
  2450931.58630   14.726    0.008
  2450934.53513   15.065    0.008
  2450950.52829   14.891    0.015
  2451079.81918   14.973    0.015
  2451080.82282   15.123    0.010
  2451083.83336   14.881    0.017
  2451086.85680   14.803    0.014
  2451092.83485   14.787    0.013
  2451093.84694   14.916    0.015
  2451108.79683   14.952    0.013
  2451126.77389   14.789    0.010
  2451129.83820   15.142    0.011
  2451131.84415   14.800    0.007
  2451132.83377   14.919    0.010
  2451137.81595   14.944    0.010
  2451138.85726   15.053    0.013
  2451142.78395   14.936    0.013
  2451152.74160   14.965    0.011
  2451155.71340   14.761    0.015
  2451157.76728   14.990    0.008
  2451159.77301   14.835    0.014
  2451163.83890   15.156    0.015
  2451166.77128   14.913    0.011
  2451167.79753   15.022    0.017
  2451171.74906   14.911    0.010
  2451175.74646   14.813    0.011
  2451179.79591   14.734    0.014
  2451181.75938   14.940    0.015
  2451183.84432   14.934    0.014
  2451185.84167   14.864    0.010
  2451187.79700   15.117    0.011
  2451189.73346   14.755    0.015
  2451192.83094   15.141    0.010
  2451193.82290   14.825    0.008
  2451194.69854   14.763    0.008
  2451201.78704   15.032    0.007
  2451202.79626   15.141    0.014
  2451204.70284   14.804    0.011
  2451206.80296   15.051    0.010
  2451207.71322   15.136    0.011
  2451211.77115   15.067    0.008
  2451214.68528   14.819    0.008
  2451215.59009   14.924    0.008
  2451216.66651   15.064    0.015
  2451217.74820   15.009    0.013
  2451219.66189   14.854    0.015
  2451220.76986   14.973    0.008
  2451221.63575   15.099    0.011
  2451223.72435   14.771    0.011
  2451226.61398   15.087    0.008
  2451227.61879   14.927    0.007
  2451233.57961   14.749    0.013
  2451235.71740   15.001    0.010
  2451240.71568   15.015    0.013
  2451242.53361   14.772    0.008
  2451244.67013   14.903    0.014
  2451247.52795   14.739    0.008
  2451248.62813   14.807    0.013
  2451254.59717   14.939    0.014
  2451256.63441   15.011    0.007
  2451258.62159   14.838    0.014
  2451261.52743   15.014    0.010
  2451264.53842   14.950    0.010
  2451267.55997   14.776    0.008
  2451272.54025   14.755    0.007
  2451274.57208   15.013    0.013
  2451276.57056   14.802    0.015
  2451278.57412   14.904    0.014
  2451279.55690   15.021    0.013
  2451301.58912   14.753    0.007
  2451315.53847   14.752    0.008
  2451318.52102   15.016    0.014
  2451330.52392   14.722    0.007
  2451335.51707   14.743    0.007
  2451431.87637   14.941    0.011
  2451433.87129   14.857    0.007
  2451436.78476   14.926    0.010
  2451441.88176   14.804    0.010
  2451443.90341   14.901    0.008
  2451447.83441   14.804    0.006
  2451449.87624   15.033    0.007
  2451471.83226   14.763    0.015
  2451478.80227   15.008    0.010
  2451488.85445   15.048    0.011
  2451491.80106   14.814    0.007
  2451493.74307   15.047    0.015
  2451496.63997   14.813    0.014
  2451498.70703   15.059    0.017
  2451500.84729   14.737    0.010
  2451503.68260   15.070    0.007
  2451505.78990   14.752    0.008
  2451507.74086   14.960    0.007
  2451508.69357   15.103    0.014
  2451509.71886   14.933    0.010
  2451511.71211   14.861    0.011
  2451512.81684   15.001    0.011
  2451514.76049   14.847    0.007
  2451517.72561   14.995    0.014
  2451519.67919   14.815    0.011
  2451522.75936   15.033    0.008
  2451523.70430   15.137    0.008
  2451525.68080   14.825    0.007
  2451527.80027   15.057    0.008
  2451528.80865   15.130    0.014
  2451529.85185   14.735    0.017
  2451531.83000   14.927    0.011
  2451538.78639   14.978    0.015
  2451544.75287   14.755    0.015
  2451548.83498   14.825    0.017
  2451552.72146   15.130    0.014
  2451553.79650   14.779    0.011
  2451554.81172   14.785    0.011
  2451555.80009   14.899    0.014
  2451555.85317   14.922    0.013
  2451561.59309   15.011    0.008
  2451562.79788   15.116    0.014
  2451566.64584   15.026    0.010
  2451568.66875   14.727    0.010
  2451571.73199   15.074    0.015
  2451575.69477   14.942    0.014
  2451577.76188   14.956    0.010
  2451579.73179   14.861    0.008
  2451581.67975   15.123    0.011
  2451584.65583   14.856    0.013
  2451589.76185   14.903    0.011
  2451592.63856   14.809    0.013
  2451593.55597   14.781    0.011
  2451596.74193   15.145    0.010
  2451599.73380   14.924    0.008
  2451600.66163   15.048    0.010
  2451601.73977   15.110    0.008
  2451602.72115   14.717    0.011
  2451606.68774   15.118    0.011
  2451609.70122   14.940    0.014
  2451610.71881   15.077    0.017
  2451611.69607   15.004    0.010
  2451613.68679   14.851    0.011
  2451615.69682   15.119    0.013
  2451616.63376   14.983    0.013
  2451617.67695   14.756    0.017
  2451618.51826   14.838    0.013
  2451620.54181   15.090    0.013
  2451620.69167   15.125    0.011
  2451622.68611   14.795    0.011
  2451624.68418   14.974    0.008
  2451625.66382   15.136    0.015
  2451627.68036   14.782    0.017
  2451629.65532   15.026    0.015
  2451630.67231   15.140    0.010
  2451633.50978   14.883    0.014
  2451634.62910   15.031    0.010
  2451635.64263   15.133    0.010
  2451644.56914   15.061    0.017
  2451653.53615   14.946    0.010
  2451654.58759   15.083    0.014
  2451656.60433   14.774    0.007
  2451662.51694   14.856    0.013
  2451665.55225   14.804    0.008
  2451670.51159   14.780    0.011
  2451782.91131   14.754    0.008
  2451783.90244   14.853    0.014
  2451813.82356   14.940    0.015
  2451818.87596   14.943    0.008
  2451826.87553   14.757    0.007
  2451843.81156   15.037    0.008
  2451844.82670   15.131    0.014
  2451845.71768   14.736    0.017
  2451850.72903   14.715    0.006
  2451855.80328   14.755    0.007
  2451860.77699   14.748    0.010
  2451864.76323   14.914    0.014
  2451866.80173   14.869    0.010
  2451868.75981   15.136    0.008
  2451869.79420   14.828    0.011
