5260.62701 17.999 0.019
5261.54182 18.087 0.019
5262.60856 18.001 0.018
5264.57225 18.099 0.018
5265.50605 18.096 0.024
5266.57097 18.135 0.026
5267.55231 18.082 0.021
5268.62687 18.077 0.023
5269.53622 18.052 0.019
5271.54501 18.038 0.018
5272.56217 18.025 0.023
5273.53414 17.968 0.018
5274.56531 17.998 0.018
5276.54436 18.018 0.017
5279.53250 18.010 0.025
5281.50793 18.043 0.020
5282.52663 18.017 0.017
5283.54274 18.077 0.031
5284.54607 18.028 0.020
5285.54764 18.035 0.031
5287.54090 18.071 0.026
5292.55783 18.111 0.025
5294.54062 18.075 0.020
5297.50879 17.977 0.020
5299.50626 17.965 0.021
5307.49584 18.045 0.023
5310.48657 18.072 0.030
5312.51433 18.043 0.031
5315.48522 18.122 0.028
5323.47101 17.961 0.021
5325.46468 17.914 0.028
5327.46455 17.955 0.021
5335.45920 18.080 0.026
5342.47356 18.127 0.041
5343.48314 18.057 0.039
5430.88672 18.077 0.026
5439.89617 17.978 0.019
5444.87827 18.067 0.020
5449.88299 18.072 0.018
5451.89205 18.096 0.025
5454.87776 18.136 0.016
5456.90346 18.097 0.016
5457.88580 18.065 0.014
5461.89809 18.034 0.017
5463.86313 17.975 0.018
5467.83712 18.042 0.019
5468.81111 18.040 0.019
5470.78354 18.094 0.017
5471.83381 18.090 0.018
5476.78950 18.090 0.015
5478.77825 18.027 0.014
5480.79194 17.996 0.017
5482.76816 17.949 0.018
5483.76614 17.965 0.023
5484.87562 18.072 0.015
5486.77466 17.983 0.020
5487.85363 17.962 0.014
5488.84753 17.957 0.013
5490.71378 18.112 0.024
5491.73409 18.118 0.020
5492.76762 18.041 0.019
5493.78992 18.029 0.020
5494.83464 18.049 0.020
5495.79181 18.075 0.018
5496.78961 18.045 0.025
5497.81980 18.093 0.023
5499.72681 18.098 0.019
5502.79695 18.064 0.014
5503.75221 18.042 0.016
5505.72187 17.959 0.018
5506.73935 17.978 0.015
5507.75747 17.977 0.013
5509.66587 18.027 0.017
5510.72180 18.032 0.016
5511.69798 18.030 0.017
5512.74104 18.025 0.015
5513.71132 18.063 0.018
5514.74387 18.020 0.015
5515.66114 18.150 0.023
5516.74668 18.029 0.015
5517.65979 18.107 0.020
5517.86072 17.977 0.020
5518.75620 18.050 0.028
5521.69947 18.153 0.026
5522.72460 18.160 0.026
5523.68930 18.085 0.020
5524.69775 18.060 0.017
5525.73082 18.100 0.015
5526.68287 17.961 0.014
5527.76361 18.098 0.015
5528.70463 18.009 0.018
5529.68497 17.931 0.016
5530.69217 17.948 0.015
5531.77536 18.047 0.014
5532.68346 17.963 0.014
5533.70681 17.972 0.016
5534.73836 17.955 0.015
5535.71514 18.018 0.016
5536.71782 18.004 0.015
5539.72807 18.034 0.015
5540.81220 17.948 0.015
5541.67839 18.116 0.023
5542.73678 18.030 0.015
5543.76830 18.000 0.021
5544.75581 18.035 0.015
5545.74507 18.074 0.017
5546.69475 18.107 0.019
5547.75453 18.108 0.019
5548.71451 18.103 0.020
5549.68063 18.094 0.021
5550.73447 18.120 0.019
5551.68497 18.032 0.019
5553.73804 18.095 0.019
5554.67135 17.950 0.018
5556.68597 17.965 0.014
5557.66711 17.934 0.015
5558.66803 18.008 0.015
5559.65821 18.037 0.026
5560.64989 18.039 0.016
5561.68346 18.030 0.020
5562.70303 18.031 0.016
5563.63700 18.040 0.018
5565.66829 18.085 0.019
5566.69557 18.010 0.016
5568.71587 18.045 0.021
5569.71042 18.085 0.018
5570.74916 18.036 0.017
5571.68099 18.137 0.017
5572.79742 18.040 0.018
5575.70246 18.160 0.019
5576.67668 18.047 0.014
5577.67821 18.060 0.019
5578.68499 18.040 0.018
5579.73535 18.118 0.026
5580.67903 17.962 0.015
5581.68149 17.987 0.019
5582.68928 17.915 0.017
5584.68209 18.002 0.016
5585.68193 17.991 0.016
5586.64570 18.011 0.018
5587.62781 17.988 0.016
5588.73179 18.006 0.019
5589.63783 18.042 0.015
5591.67516 18.017 0.014
5592.65741 18.085 0.015
5593.64037 18.121 0.016
5594.65657 18.134 0.018
5595.63524 18.115 0.017
5596.69838 18.075 0.015
5597.61583 18.085 0.019
5598.67997 18.131 0.016
5599.64575 18.060 0.019
5600.67850 18.107 0.016
5601.65813 18.070 0.014
5602.65684 18.040 0.015
5603.66559 18.066 0.020
5604.66274 18.038 0.020
5605.66783 17.992 0.013
5606.67918 17.987 0.016
5607.69060 18.040 0.021
5608.67747 17.975 0.024
5609.70919 18.045 0.024
5611.63975 18.073 0.026
5612.69227 17.947 0.024
5613.65474 18.013 0.020
5614.64739 18.033 0.018
5615.64118 18.032 0.017
5616.64993 18.058 0.018
5619.64041 18.147 0.016
5620.62640 18.047 0.023
5622.63507 18.132 0.021
5623.59795 18.073 0.019
5624.53905 17.972 0.019
5625.63070 18.086 0.018
5626.59180 17.988 0.019
5627.55650 17.993 0.015
5629.59675 17.953 0.015
5630.60817 17.962 0.019
5632.55628 18.019 0.020
5633.60527 18.020 0.017
5634.56569 18.063 0.023
5635.57000 18.040 0.021
5638.57460 18.041 0.027
5639.58486 18.036 0.027
5640.52385 18.165 0.029
5641.55150 18.104 0.020
5642.49975 18.079 0.016
5643.49752 18.043 0.019
5644.50027 18.020 0.017
5645.49900 18.023 0.023
5646.51199 18.048 0.019
5647.51395 17.990 0.016
5648.51384 17.984 0.018
5649.52937 17.980 0.019
5650.50980 17.935 0.014
5651.51573 17.969 0.014
5652.51067 18.026 0.016
5653.54076 17.954 0.016
5654.54929 17.948 0.018
5655.54044 18.005 0.017
5656.54935 17.998 0.016
5657.50929 18.054 0.019
5659.50858 18.075 0.018
5660.55397 17.998 0.018
5664.48817 18.106 0.030
5665.50340 18.125 0.027
5666.50020 18.141 0.028
5667.48238 18.106 0.024
5668.48792 18.068 0.024
5669.48193 18.014 0.019
5670.53340 18.055 0.025
5671.48378 18.050 0.031
5672.47824 17.941 0.019
5674.48675 18.008 0.020
5675.47962 17.964 0.021
5676.53451 17.990 0.010
5677.47634 18.033 0.017
5678.51054 17.939 0.017
5679.47820 18.018 0.020
5680.52626 17.974 0.020
5681.48929 17.984 0.020
5682.49038 18.053 0.026
5683.49496 18.039 0.023
5684.49897 18.084 0.021
5685.47151 18.135 0.026
5686.47240 18.098 0.017
5687.47315 18.084 0.025
5691.46609 18.092 0.027
5692.51454 18.074 0.033
5694.48270 18.014 0.025
5695.46712 18.082 0.023
5696.47554 18.059 0.029
5697.46544 17.996 0.023
5699.47498 17.961 0.031
5700.46657 17.967 0.027
5702.46345 18.001 0.025
5706.46316 17.982 0.025
5709.45026 18.026 0.038
5784.92370 18.078 0.019
5795.92971 18.037 0.020
5803.87503 18.110 0.018
5805.83952 18.038 0.018
5806.89051 18.077 0.017
5809.85177 17.955 0.012
5810.85488 17.962 0.019
5812.84768 17.940 0.014
5814.86450 17.999 0.019
5815.87614 17.964 0.016
5816.85027 18.013 0.026
5817.85088 18.075 0.018
5818.87997 18.045 0.020
5819.83395 18.021 0.017
5820.90139 18.031 0.015
5822.82161 18.091 0.018
5823.89647 18.050 0.018
5825.80671 18.105 0.016
5826.85519 18.118 0.017
5827.84916 18.097 0.015
5828.87537 18.091 0.014
5829.84877 18.076 0.013
5830.84034 18.061 0.015
5831.83201 18.029 0.013
5832.82143 18.011 0.013
5833.80579 17.955 0.015
5834.80672 17.934 0.013
5835.86663 17.984 0.015
5836.77315 18.017 0.014
5837.85248 17.948 0.014
5839.83412 18.036 0.016
5840.81709 18.028 0.015
5841.81411 17.990 0.017
5842.83227 18.042 0.023
5843.84776 18.023 0.016
5845.86277 18.009 0.027
5846.82324 18.093 0.032
5850.78710 18.057 0.016
5851.79616 18.113 0.018
5852.77989 18.058 0.024
5853.84963 18.097 0.024
5854.75494 17.986 0.015
5855.82465 18.110 0.014
5856.79623 18.021 0.021
5857.78056 17.991 0.021
5858.83042 18.015 0.024
5859.79898 17.978 0.014
5860.78404 17.968 0.015
5861.79303 17.991 0.017
5863.79496 18.003 0.014
5864.70352 18.068 0.014
5865.77310 18.028 0.017
5866.79723 18.046 0.015
5867.73612 18.074 0.015
5868.83759 18.012 0.013
5869.80310 18.003 0.014
5870.74291 18.117 0.016
5871.72900 18.086 0.015
5872.73836 18.102 0.015
5873.73358 18.099 0.018
5874.76714 18.089 0.020
5875.70307 18.006 0.019
5878.75284 18.090 0.032
5879.68810 18.025 0.025
5880.73955 17.976 0.016
5881.72615 17.935 0.015
5882.75693 17.982 0.015
5883.76090 17.952 0.019
5885.69217 18.045 0.025
5886.72823 18.033 0.024
5887.80060 17.976 0.013
5888.78925 17.944 0.016
5889.83144 17.943 0.016
5890.76500 18.002 0.015
5891.72365 18.016 0.017
5892.74142 18.090 0.017
5893.75952 18.027 0.014
5894.78295 18.020 0.015
5895.80007 18.046 0.017
5896.78311 18.061 0.016
5897.72993 18.114 0.016
5898.71211 18.118 0.017
5899.77129 18.130 0.017
5900.72091 18.066 0.016
5901.77022 18.126 0.019
5902.72147 18.031 0.021
5903.77666 18.094 0.019
5904.75124 18.036 0.016
5905.72530 17.987 0.017
5906.73718 17.960 0.018
5907.71528 17.976 0.017
5908.74053 17.985 0.017
5909.78507 17.976 0.017
5910.69785 18.041 0.016
5911.72970 17.980 0.014
5912.75018 17.952 0.014
5913.72212 18.034 0.013
5914.74474 18.055 0.014
5915.70179 18.026 0.013
5916.75564 18.020 0.013
5917.71928 18.044 0.015
5922.73631 18.090 0.013
5923.71255 18.102 0.013
5924.69386 18.081 0.015
5925.70790 18.066 0.018
5926.71969 18.095 0.016
5927.71869 18.029 0.016
5929.69283 18.046 0.016
5930.83802 18.116 0.017
5931.65842 17.939 0.017
5932.65660 17.990 0.016
5933.70702 18.000 0.019
5934.70305 17.952 0.015
5935.65409 18.089 0.028
5936.64817 18.035 0.025
5937.67792 17.998 0.015
5938.67869 18.027 0.016
5939.72245 18.044 0.017
5940.75840 17.959 0.019
5941.75833 17.928 0.018
5942.78268 17.950 0.015
5943.74018 17.996 0.016
5944.73342 18.011 0.013
5945.71372 18.106 0.014
5946.65356 18.083 0.014
5946.76991 18.041 0.018
5947.72051 18.093 0.019
5948.70931 18.120 0.017
5949.72550 18.130 0.020
5950.64650 18.031 0.014
5951.67186 18.049 0.018
5952.69645 18.062 0.014
5953.69440 18.052 0.017
5954.69193 18.031 0.012
5955.71456 18.057 0.016
5956.71460 17.989 0.014
5958.73178 18.002 0.015
5959.70376 17.945 0.014
5960.70581 17.979 0.014
5961.63754 18.070 0.015
5962.63844 18.026 0.021
5963.60515 18.114 0.026
5964.61713 18.033 0.021
5965.61606 18.080 0.018
5967.63818 18.078 0.024
5968.63830 18.088 0.018
5969.61431 18.157 0.015
5970.59181 18.060 0.014
5971.68469 18.104 0.015
5972.67107 18.110 0.015
5973.65411 18.111 0.013
5974.60917 18.027 0.018
5976.64332 18.076 0.018
5977.67687 18.000 0.016
5978.65329 18.008 0.014
5979.60349 17.964 0.016
5980.61913 17.928 0.016
5981.64261 17.953 0.017
5982.64849 17.936 0.018
5983.69116 18.003 0.013
5984.63018 17.968 0.014
5985.66252 17.946 0.017
5986.59228 18.031 0.015
5987.66774 18.006 0.017
5988.63423 17.975 0.017
5989.59817 18.067 0.016
5990.59167 18.117 0.025
5991.66669 18.023 0.025
5992.62693 18.088 0.020
5993.58383 18.084 0.019
5994.58248 18.140 0.021
5995.63020 18.159 0.026
5996.60027 18.101 0.026
5997.60244 18.106 0.025
5998.60079 18.051 0.017
5998.66122 18.125 0.020
5999.63949 18.070 0.016
6000.61688 18.067 0.017
6002.58060 17.930 0.015
6003.54672 18.040 0.021
6004.60713 18.007 0.018
6005.57477 17.943 0.017
6006.57412 17.991 0.015
6007.57244 17.988 0.014
6008.58028 17.986 0.015
6009.54807 18.047 0.021
6010.60011 18.054 0.023
6011.56239 18.037 0.017
6012.56146 17.988 0.020
6013.54320 18.095 0.017
6014.56215 18.059 0.017
6015.55752 18.069 0.016
6016.59815 18.077 0.015
6017.56132 18.083 0.018
6018.51670 18.055 0.020
6019.56331 18.061 0.020
6020.58692 18.100 0.019
6021.57500 18.135 0.025
6022.58650 18.093 0.029
6023.56054 18.059 0.018
6024.58339 18.065 0.024
6025.58339 18.023 0.028
6026.52968 17.922 0.020
6028.56642 17.958 0.021
6031.51178 18.017 0.026
6032.50432 17.975 0.025
6033.49187 17.968 0.023
6034.49748 18.093 0.020
6035.52287 18.016 0.018
6036.49969 18.078 0.020
6037.49939 18.104 0.027
6038.49111 18.063 0.026
6039.49778 18.050 0.026
6040.50008 18.107 0.020
6042.49770 18.147 0.031
6047.47476 18.015 0.023
6048.47347 17.937 0.019
6049.49678 17.992 0.017
6050.47237 17.976 0.021
6052.48801 17.983 0.019
6053.48508 17.985 0.021
6055.49368 17.972 0.020
6056.48066 18.035 0.020
6057.47654 17.971 0.017
6058.47703 18.037 0.017
6059.47787 18.062 0.020
6060.48062 18.095 0.020
6061.47175 17.985 0.024
6123.91514 18.093 0.016
6137.91309 18.036 0.021
6149.93671 18.063 0.029
6164.92720 17.938 0.025
6165.91301 17.957 0.018
6171.87882 18.032 0.016
6174.90465 18.093 0.027
6179.90484 18.079 0.024
6180.85737 18.026 0.020
6181.87158 18.075 0.017
6182.87614 18.077 0.014
6183.87783 18.017 0.012
6184.90438 18.065 0.013
6185.85410 17.954 0.013
6186.85558 17.937 0.015
6191.88116 17.990 0.012
6193.86844 18.025 0.014
6194.88543 18.043 0.013
6196.89463 18.017 0.015
6198.85265 18.057 0.027
6198.89483 18.011 0.020
6199.80766 18.135 0.025
6199.87810 18.073 0.026
6200.82781 18.179 0.024
6200.88391 18.106 0.028
6202.74219 17.995 0.024
6202.81301 18.111 0.027
6202.88197 18.028 0.019
6202.90056 18.075 0.033
6203.74151 17.952 0.021
6203.81141 18.086 0.021
6203.86403 18.106 0.017
6203.89980 18.131 0.036
6204.72554 17.922 0.021
6204.72843 17.954 0.019
6204.78946 18.023 0.019
6204.84794 18.076 0.015
6204.89696 18.109 0.028
6205.71446 17.968 0.027
6206.78333 17.964 0.024
6207.87530 18.078 0.020
6208.77068 17.998 0.015
6210.85807 17.987 0.017
6210.87401 18.053 0.018
6212.82675 17.969 0.016
6214.87796 17.899 0.020
6216.82463 18.021 0.015
6219.80963 18.016 0.017
6221.82291 18.118 0.020
6222.82381 18.104 0.021
6222.86636 18.020 0.020
6222.86921 18.046 0.021
6223.78089 18.089 0.015
6223.85349 18.054 0.015
6223.87511 18.032 0.015
6224.83243 18.088 0.015
6224.87001 18.007 0.015
6225.64502 17.990 0.020
6225.69041 17.930 0.017
6225.72848 18.027 0.019
6225.82355 18.120 0.019
6226.68346 17.990 0.023
6226.74084 17.997 0.018
6226.79546 18.053 0.016
6226.87271 18.115 0.021
6227.81290 18.064 0.031
6228.62401 18.067 0.021
6228.68148 17.955 0.021
6229.62664 18.053 0.028
6229.69570 18.018 0.021
6229.77242 18.052 0.020
6229.86498 18.084 0.018
6230.64934 18.018 0.024
6230.71435 17.998 0.025
6230.72726 17.978 0.025
6230.86806 18.111 0.026
6231.75208 17.948 0.019
6231.86140 18.153 0.024
6232.81803 18.059 0.016
6232.87190 18.121 0.023
6233.82457 18.008 0.014
6234.82843 18.025 0.013
6235.77582 17.913 0.013
6236.79340 17.944 0.014
6237.86942 17.961 0.017
6238.82716 17.976 0.015
6239.80117 17.957 0.014
6240.84444 17.971 0.017
6241.79809 18.025 0.015
6242.84103 17.960 0.012
6243.80940 18.046 0.014
6244.74284 18.090 0.014
6245.76670 18.058 0.014
6248.78340 18.080 0.014
6251.77401 18.090 0.013
6252.75321 18.051 0.016
6252.83372 18.103 0.019
6252.85770 18.051 0.019
6254.78390 18.059 0.013
6257.81172 18.041 0.020
6262.73601 18.023 0.014
6265.80802 17.975 0.013
6270.82399 17.994 0.013
6274.81560 18.041 0.015
6277.52819 18.022 0.024
6277.53043 18.059 0.023
6277.53267 18.069 0.021
6277.53524 18.004 0.018
6277.67123 17.998 0.013
6277.75599 18.078 0.012
6278.76268 18.066 0.016
6282.78551 18.063 0.017
6286.71877 17.982 0.015
6289.78809 17.946 0.017
6294.80812 18.027 0.018
6299.76652 18.117 0.019
6300.59093 17.907 0.014
6300.67895 18.084 0.015
6300.75468 18.154 0.017
6301.54984 18.002 0.018
6301.57127 18.040 0.017
6301.59310 18.019 0.014
6301.61524 17.974 0.013
6301.63511 18.018 0.019
6301.65735 18.000 0.015
6301.67972 18.035 0.017
6301.69561 18.054 0.017
6301.72208 18.061 0.017
6301.74234 18.067 0.018
6301.76291 18.092 0.017
6301.78297 18.154 0.019
6301.80621 18.071 0.025
6301.82555 18.036 0.021
6302.56536 18.027 0.014
6302.67071 17.948 0.012
6302.76890 18.113 0.015
6303.54191 18.027 0.015
6303.74010 18.047 0.015
6304.54790 18.053 0.014
6305.69024 17.947 0.019
6306.63288 17.979 0.014
6307.62210 18.023 0.013
6308.68125 18.021 0.014
6311.69781 18.003 0.013
6312.68104 18.054 0.015
6317.69217 18.031 0.017
6323.66541 18.125 0.015
6329.62460 18.011 0.019
6333.61499 18.084 0.017
6340.62758 18.049 0.014
6343.57138 18.084 0.017
6347.59765 18.106 0.018
6356.61510 17.992 0.015
6363.53251 18.146 0.021
6371.55721 18.047 0.017
6372.51917 17.984 0.015
6372.58204 18.055 0.017
6373.53275 18.002 0.014
6373.56419 18.051 0.016
6373.59887 18.126 0.017
6374.52452 17.995 0.017
6374.54740 17.957 0.016
6374.56690 17.973 0.016
6374.58786 18.057 0.019
6374.60602 18.101 0.021
6375.51570 17.918 0.014
6375.55750 17.968 0.014
6375.59847 18.042 0.015
6376.52055 17.977 0.020
6376.59120 17.955 0.029
6377.53769 17.970 0.013
6378.54030 17.892 0.017
6387.53040 18.083 0.017
6396.53627 18.012 0.017
6404.52144 17.939 0.021
6416.49748 18.135 0.020
6508.93702 18.065 0.028
6520.88964 18.041 0.014
6531.90078 18.084 0.016
6547.86625 18.103 0.018
6561.83433 17.950 0.016
6568.90006 18.014 0.030
6569.66468 17.996 0.013
6569.71274 18.039 0.013
6569.75777 18.099 0.013
6569.85213 18.020 0.012
6569.89132 18.003 0.013
6571.84109 18.059 0.013
6577.88166 18.135 0.014
6580.79188 17.913 0.019
6583.78784 17.921 0.016
6592.73784 18.116 0.020
6592.75027 18.095 0.019
6592.77858 18.034 0.017
6593.63576 18.006 0.023
6593.66056 18.048 0.019
6593.70263 18.112 0.028
6593.74911 18.099 0.021
6593.76941 18.115 0.023
6593.79110 18.043 0.019
6593.81892 18.011 0.025
6593.84030 18.017 0.023
6593.85420 17.970 0.018
6593.86829 18.040 0.023
6594.71017 18.029 0.023
6594.78159 18.008 0.026
6594.83089 18.070 0.021
6595.70974 18.093 0.016
6595.76252 18.081 0.014
6595.81111 18.059 0.014
6595.85963 18.040 0.016
6596.77333 18.070 0.017
6608.82809 18.058 0.013
6612.76429 18.000 0.014
6616.72615 18.088 0.016
6622.78011 18.093 0.017
6628.80774 18.108 0.016
6638.73311 18.032 0.013
6645.73102 18.092 0.017
6649.73796 18.115 0.016
6654.75807 18.067 0.013
6658.77471 18.003 0.011
6662.73654 17.930 0.015
6667.79669 17.953 0.017
6672.77141 18.069 0.025
6680.76565 18.069 0.016
6690.64827 18.136 0.015
6697.70893 18.096 0.014
6705.67216 17.955 0.019
6712.64150 17.999 0.015
6720.68092 18.083 0.018
6736.61145 18.031 0.025
6871.92099 18.108 0.020
6887.91891 17.979 0.015
6896.88970 18.060 0.020
6907.87185 18.041 0.018
6926.80156 18.054 0.016
6932.81022 17.981 0.017
6938.79567 17.998 0.019
6942.79315 18.035 0.015
6950.84395 18.099 0.014
6956.76766 17.952 0.019
6956.84679 18.029 0.016
6961.84138 17.985 0.017
6967.71280 18.152 0.032
6973.71826 18.100 0.018
6980.75521 17.964 0.014
6987.78616 17.969 0.017
6992.75833 18.045 0.015
6997.76408 18.119 0.021
7002.70789 18.004 0.016
7007.71921 17.947 0.017
7013.67258 18.026 0.017
7016.77825 18.039 0.016
7020.78032 17.991 0.017
7024.75815 18.147 0.019
7028.71132 18.046 0.019
7033.76538 18.007 0.018
7037.73892 17.964 0.014
7042.73649 18.007 0.014
7046.73769 18.110 0.017
7051.72823 18.054 0.016
7056.66864 17.941 0.018
7062.66034 17.984 0.017
7069.65649 18.095 0.019
7074.66764 18.122 0.023
7080.58394 17.975 0.016
7083.61068 18.021 0.017
7086.61881 18.004 0.019
7091.59964 18.111 0.020
7103.56763 17.949 0.013
7112.57999 18.003 0.024
7115.57454 18.137 0.026
7119.53461 18.027 0.025
7126.52357 17.977 0.015
7131.52813 18.008 0.021
7134.49841 18.094 0.024
7137.52831 18.102 0.020
7143.49298 17.999 0.029
7277.90020 18.131 0.021
7287.90032 17.967 0.020
7292.83291 18.037 0.026
7294.79589 18.138 0.019
7297.79481 18.101 0.023
7304.87369 18.118 0.018
7312.79166 18.031 0.017
7319.77027 18.142 0.030
7322.74301 18.048 0.026
7327.84694 18.038 0.020
7339.75707 17.983 0.013
7345.71557 18.089 0.018
7354.79240 18.045 0.018
7361.81525 17.975 0.016
7366.68782 18.130 0.017
7373.84112 17.967 0.016
7377.81301 18.095 0.018
7382.71124 17.941 0.017
7385.72467 17.980 0.016
7390.74648 18.052 0.015
7399.75108 18.104 0.027
7404.74067 18.091 0.017
7408.71377 17.925 0.016
7410.71515 17.971 0.020
7413.67791 18.015 0.023
7416.68479 18.004 0.015
7424.62716 17.989 0.014
7427.66273 17.971 0.016
7431.65292 17.958 0.014
7435.64650 18.020 0.016
7439.65268 18.007 0.017
7443.62429 18.183 0.016
7449.63001 18.080 0.019
7453.60446 17.956 0.013
7462.61893 18.058 0.014
7466.56660 18.122 0.024
7472.57338 17.997 0.021
7476.52907 17.986 0.015
7488.48287 18.118 0.019
7499.50603 17.994 0.020
7507.47825 18.113 0.020
