5260.62911 15.205 0.005
5261.54391 14.752 0.005
5262.61065 14.865 0.005
5264.57435 15.130 0.005
5265.50814 15.041 0.005
5266.57305 14.799 0.005
5267.55438 14.923 0.005
5268.62892 15.063 0.005
5269.53830 15.202 0.005
5271.54709 14.858 0.005
5272.56424 14.999 0.005
5273.53622 15.135 0.005
5274.56738 14.942 0.005
5276.54642 14.935 0.005
5279.53457 14.747 0.005
5281.50998 14.998 0.005
5282.52867 15.154 0.005
5283.54479 14.920 0.005
5284.54811 14.809 0.005
5285.54968 14.949 0.005
5287.54295 15.191 0.005
5289.53598 14.886 0.005
5292.55986 14.845 0.005
5294.54265 14.958 0.005
5297.51081 14.772 0.005
5299.50827 15.017 0.005
5305.47079 15.165 0.005
5307.49786 14.899 0.005
5310.48857 14.803 0.005
5312.51633 14.978 0.005
5315.48724 14.787 0.005
5323.47300 15.065 0.005
5325.46665 14.917 0.005
5327.46653 15.203 0.005
5335.46118 15.061 0.005
5338.46769 14.865 0.005
5342.47553 14.816 0.005
5343.48515 14.942 0.005
5430.88877 14.816 0.005
5439.89823 14.771 0.005
5444.88035 14.785 0.005
5449.88508 14.854 0.005
5451.89413 15.123 0.005
5454.87987 14.918 0.005
5456.90557 15.213 0.005
5457.88790 14.753 0.005
5461.90021 14.952 0.005
5463.86526 14.927 0.005
5467.83926 14.866 0.005
5468.81324 14.994 0.005
5470.78566 14.980 0.005
5471.83596 14.809 0.005
5476.79163 14.876 0.005
5478.78039 15.142 0.005
5480.79410 14.810 0.005
5482.77032 15.064 0.005
5484.87776 14.770 0.005
5486.77683 15.013 0.005
5487.85581 15.170 0.005
5488.84971 14.837 0.005
5490.71593 14.941 0.005
5491.73624 15.074 0.005
5492.75042 15.155 0.005
5493.74259 14.760 0.005
5495.72277 15.015 0.005
5497.72958 14.861 0.005
5503.82647 14.901 0.005
5506.86623 14.762 0.005
5509.79097 15.107 0.005
5511.72996 14.773 0.005
5513.74348 15.035 0.005
5515.69336 14.787 0.005
5517.69139 14.972 0.005
5521.73163 14.909 0.005
5523.79365 15.199 0.005
5525.80228 14.855 0.005
5527.69210 15.112 0.005
5528.82781 14.951 0.005
5529.75068 14.799 0.005
5530.78055 14.928 0.005
5532.77242 15.200 0.005
5533.83932 14.748 0.005
5534.70016 14.867 0.005
5535.79110 15.003 0.005
5539.82989 14.946 0.005
5541.79978 15.201 0.005
5543.82093 14.889 0.005
5545.82555 15.166 0.005
5547.73455 14.815 0.005
5549.74806 15.087 0.005
5551.75904 14.756 0.005
5553.77166 15.017 0.005
5554.79706 15.186 0.005
5556.75790 14.832 0.005
5557.77034 14.960 0.005
5558.76561 15.094 0.005
5560.79291 14.777 0.005
5561.75042 14.893 0.005
5563.75590 15.191 0.005
5565.78239 14.838 0.005
5568.78392 15.088 0.005
5570.83871 14.919 0.005
5573.81500 14.750 0.005
5576.71458 15.112 0.005
5577.74750 15.058 0.005
5578.74980 14.790 0.005
5579.80090 14.922 0.005
5581.73064 15.199 0.005
5582.77734 14.743 0.005
5583.74659 14.860 0.005
5584.76108 14.997 0.005
5585.76782 15.137 0.005
5589.70479 15.051 0.005
5590.69972 15.200 0.005
5591.71031 14.740 0.005
5593.69332 14.994 0.005
5595.67458 14.985 0.005
5596.73032 14.803 0.005
5597.70433 14.929 0.005
5598.73136 15.077 0.005
5599.72624 15.198 0.005
5600.74449 14.751 0.005
5604.73344 14.900 0.005
5606.71102 14.942 0.005
5608.66008 15.203 0.005
5611.66951 15.019 0.005
5613.63658 14.917 0.005
5615.67077 14.946 0.005
5624.62315 14.950 0.005
5627.60953 14.760 0.005
5630.59111 15.167 0.005
5632.58810 14.845 0.005
5634.54845 15.087 0.005
5639.54527 15.186 0.005
5641.58494 14.837 0.005
5643.54892 15.100 0.005
5645.55175 14.771 0.005
5647.58079 15.037 0.005
5649.51230 14.787 0.005
5654.53044 14.786 0.005
5655.51236 14.901 0.005
5657.55648 15.199 0.005
5665.53562 15.047 0.005
5667.51536 14.750 0.005
5671.51738 14.976 0.005
5675.51325 15.202 0.005
5677.51316 14.874 0.005
5680.50797 14.936 0.005
5681.47208 14.801 0.005
5786.91189 15.194 0.005
5802.86579 14.933 0.005
5804.88879 15.208 0.005
5807.88799 15.001 0.005
5809.91850 14.901 0.005
5813.82305 15.200 0.005
5815.90799 14.888 0.005
5818.86300 14.883 0.005
5820.85208 14.946 0.005
5823.84456 14.755 0.005
5826.80512 15.165 0.005
5828.86036 14.833 0.005
5831.79950 15.174 0.005
5833.77345 14.884 0.005
5834.89702 15.025 0.005
5836.80629 14.823 0.005
5839.78059 15.093 0.005
5841.86215 14.785 0.005
5844.88573 15.187 0.005
5850.86993 14.784 0.005
5851.84459 14.910 0.005
5854.84031 14.749 0.005
5856.84714 14.991 0.005
5858.79817 15.031 0.005
5861.77589 15.040 0.005
5862.78896 15.206 0.005
5864.75214 14.854 0.005
5865.80575 14.994 0.005
5867.85410 14.934 0.005
5868.87023 14.810 0.005
5869.83499 14.942 0.005
5870.71126 15.051 0.005
5872.72145 14.747 0.005
5873.76599 14.864 0.005
5878.83589 14.940 0.005
5880.72115 15.199 0.005
5882.73908 14.873 0.005
5885.78717 14.871 0.005
5888.75648 15.078 0.005
5890.81352 14.769 0.005
5891.86118 14.903 0.005
5893.71187 15.150 0.005
5895.75280 14.823 0.005
5896.76596 14.958 0.005
5899.70833 14.759 0.005
5901.81976 15.037 0.005
5902.75367 15.189 0.005
5903.80851 14.757 0.005
5904.73413 14.836 0.005
5905.70808 14.963 0.005
5906.72018 15.102 0.005
5907.75701 15.124 0.005
5908.77314 14.777 0.005
5909.76607 14.910 0.005
5910.76662 15.044 0.005
5911.79312 15.199 0.005
5912.78212 14.753 0.005
5913.78747 14.851 0.005
5915.76754 15.114 0.005
5916.79003 15.026 0.005
5917.76841 14.787 0.005
5922.82158 14.866 0.005
5924.76981 15.123 0.005
5925.77362 14.987 0.005
5927.76950 14.931 0.005
5929.77582 15.210 0.005
5931.75376 14.862 0.005
5932.76313 14.999 0.005
5933.77148 15.161 0.005
5934.79184 14.935 0.005
5936.71395 14.947 0.005
5937.73628 15.068 0.005
5938.71191 15.205 0.005
5939.70521 14.752 0.005
5940.69929 14.863 0.005
5941.72645 15.010 0.005
5942.72272 15.147 0.005
5943.72330 14.914 0.005
5944.68654 14.812 0.005
5945.69623 14.953 0.005
5946.73751 15.084 0.005
5947.70308 15.206 0.005
5949.70865 14.885 0.005
5950.70958 15.027 0.005
5953.74211 14.840 0.005
5955.67858 15.082 0.005
5958.71098 14.890 0.005
5960.66760 15.177 0.005
5963.67386 14.966 0.005
5964.71525 15.117 0.005
5965.64968 15.170 0.005
5967.62062 14.896 0.005
5968.70904 15.028 0.005
5969.71348 15.189 0.005
5973.61928 15.103 0.005
5976.67603 14.905 0.005
5977.65972 15.035 0.005
5979.67828 14.748 0.005
5981.60889 14.976 0.005
5983.67410 15.054 0.005
5985.62833 14.919 0.005
5987.65033 15.210 0.005
5988.58034 14.773 0.005
5990.53484 14.969 0.005
5991.63465 15.111 0.005
5993.65380 14.789 0.005
5995.61314 15.058 0.005
5996.63216 15.215 0.005
6000.59991 15.143 0.005
6005.58971 15.208 0.005
6010.56459 14.955 0.005
6018.54977 15.148 0.005
6023.52802 15.196 0.005
6024.56615 14.758 0.005
6028.54891 14.852 0.005
6033.52584 14.767 0.005
6036.53134 15.177 0.005
6037.53383 14.822 0.005
6039.52947 14.960 0.005
6042.52944 14.760 0.005
6047.50624 14.831 0.005
6048.50530 14.971 0.005
6055.47572 14.772 0.005
6058.47901 15.117 0.005
6141.91550 14.935 0.005
6159.93003 14.963 0.005
6181.90321 14.914 0.005
6195.89576 15.003 0.005
6198.87910 14.800 0.005
6200.83887 15.048 0.005
6203.82566 14.863 0.005
6208.83141 14.928 0.005
6211.86915 14.749 0.005
6215.82131 14.911 0.005
6218.87799 15.079 0.005
6219.87457 15.181 0.005
6220.87129 14.761 0.005
6221.87125 14.888 0.005
6223.86843 15.165 0.005
6226.77314 14.951 0.005
6230.84522 14.891 0.005
6232.85000 15.181 0.005
6235.85047 14.972 0.005
6241.82384 15.196 0.005
6244.82991 14.981 0.005
6248.76622 14.907 0.005
6250.80411 15.191 0.005
6251.75680 14.769 0.005
6254.73616 15.107 0.005
6257.77876 14.911 0.005
6260.82822 14.736 0.005
6265.77534 14.806 0.005
6271.80186 15.010 0.005
6276.77561 15.062 0.005
6286.75059 15.197 0.005
6290.75634 15.189 0.005
6295.78899 15.142 0.005
6300.72864 14.821 0.005
6307.73950 15.035 0.005
6314.68721 14.786 0.005
6319.62382 14.851 0.005
6338.61088 14.991 0.005
6339.63335 15.128 0.005
6348.62180 15.158 0.005
6353.64519 15.185 0.005
6357.60973 15.159 0.005
6361.55455 15.075 0.005
6368.57041 14.831 0.005
6375.55053 15.169 0.005
6385.50936 14.781 0.005
6391.51365 14.906 0.005
6400.49606 14.916 0.005
6407.48278 15.011 0.005
6511.90816 14.902 0.005
6521.89020 15.043 0.005
6530.92305 15.041 0.005
6547.89966 14.941 0.005
6561.86725 15.016 0.005
6571.87339 15.185 0.005
6577.85730 14.766 0.005
6583.77091 14.964 0.005
6593.74026 15.109 0.005
6603.82043 14.965 0.005
6611.80489 15.141 0.005
6616.70908 15.204 0.005
6623.73469 14.939 0.005
6629.73422 15.170 0.005
6641.73318 14.968 0.005
6647.74442 15.194 0.005
6658.78541 14.864 0.005
6661.81727 14.962 0.005
6668.77739 15.001 0.005
6675.76285 14.746 0.005
6690.73007 14.953 0.005
6695.68108 15.021 0.005
6699.64183 14.950 0.005
6704.69708 15.030 0.005
6709.64793 15.098 0.005
6713.62080 15.021 0.005
6721.62124 14.917 0.005
6742.56158 14.747 0.005
6744.56742 15.004 0.005
6745.53474 15.123 0.005
6746.53785 14.988 0.005
6749.50467 15.061 0.005
6881.93114 14.872 0.005
6889.88984 14.758 0.005
6906.88718 15.153 0.005
6922.80960 14.974 0.005
6927.80166 15.037 0.005
6932.79281 15.118 0.005
6938.76124 14.744 0.005
6942.77612 14.996 0.005
6949.81241 15.000 0.005
6955.76852 15.204 0.005
6963.73880 15.069 0.005
6968.78697 15.174 0.005
6975.69371 14.888 0.005
6979.72106 14.835 0.005
6983.73339 14.766 0.005
6989.75321 14.977 0.005
6994.79749 15.044 0.005
6999.75994 15.113 0.005
7003.83683 15.059 0.005
7008.78976 15.140 0.005
7013.78020 15.194 0.005
7017.79476 15.160 0.005
7021.77681 15.080 0.005
7025.73653 15.012 0.005
7030.76069 15.087 0.005
7034.73233 15.023 0.005
7039.74147 15.106 0.005
7044.71763 15.189 0.005
7049.71285 15.087 0.005
7055.69391 14.837 0.005
7060.68932 14.919 0.005
7065.67075 14.979 0.005
7072.64722 14.736 0.005
7078.62642 14.926 0.005
7082.56052 14.852 0.005
7085.63310 14.915 0.005
7089.60799 15.195 0.005
7093.57836 15.151 0.005
7102.55911 15.152 0.005
7111.56741 15.177 0.005
7114.54418 14.964 0.005
7118.54363 14.894 0.005
7124.51767 15.102 0.005
7130.50372 14.767 0.005
7133.49229 15.114 0.005
7136.47522 14.908 0.005
7140.48932 14.848 0.005
7144.48742 14.794 0.005
7270.91828 14.997 0.005
7283.81485 14.923 0.005
7291.82753 14.805 0.005
7294.77801 15.206 0.005
7298.87475 15.187 0.005
7303.83137 15.170 0.005
7311.78081 15.090 0.005
7319.74357 14.953 0.005
7327.82989 14.845 0.005
7339.73994 15.025 0.005
7344.76635 14.740 0.005
7353.84757 14.756 0.005
7355.82129 15.009 0.005
7363.74605 14.882 0.005
7367.80415 14.822 0.005
7373.74090 15.020 0.005
7378.80018 15.111 0.005
7383.70992 15.175 0.005
7387.72597 15.103 0.005
7396.75867 15.126 0.005
7401.74905 15.203 0.005
7405.72007 15.130 0.005
7409.66875 15.039 0.005
7413.65990 14.991 0.005
7425.68842 14.814 0.005
7428.66302 15.192 0.005
7435.67864 14.955 0.005
7440.63739 15.022 0.005
7445.61705 15.092 0.005
7448.61524 14.892 0.005
7452.62860 14.836 0.005
7461.60043 14.839 0.005
7466.54964 14.911 0.005
7472.54139 15.113 0.005
7476.51190 15.049 0.005
7494.49771 15.064 0.005
