5260.62701 12.961 0.005
5261.54182 12.992 0.005
5262.60856 12.971 0.005
5264.57225 12.840 0.005
5265.50605 12.819 0.005
5266.57097 12.804 0.005
5267.55231 12.809 0.005
5268.62687 12.879 0.005
5269.53622 12.901 0.005
5271.54501 12.977 0.005
5272.56217 12.981 0.005
5273.53414 12.955 0.005
5274.56531 12.882 0.005
5276.54436 12.830 0.005
5279.53250 12.881 0.005
5281.50793 12.958 0.005
5282.52663 12.997 0.005
5283.54274 12.962 0.005
5284.54607 12.928 0.005
5285.54764 12.804 0.005
5287.54090 12.782 0.005
5292.55783 12.957 0.005
5294.54062 12.956 0.005
5297.50879 12.802 0.005
5299.50626 12.841 0.005
5307.49584 12.819 0.005
5310.48657 12.869 0.005
5312.51433 12.939 0.005
5315.48522 12.955 0.005
5323.47101 12.915 0.005
5325.46468 12.960 0.005
5327.46455 12.824 0.005
5335.45920 12.999 0.005
5338.46572 12.812 0.005
5342.47356 12.912 0.005
5343.48314 12.912 0.005
5430.88672 12.937 0.005
5439.89617 12.991 0.005
5444.87827 12.787 0.005
5449.88299 12.987 0.005
5451.89205 12.920 0.005
5454.87776 12.824 0.005
5456.90346 12.929 0.005
5457.88580 12.924 0.005
5461.89809 12.972 0.005
5463.86313 12.829 0.005
5467.83712 12.897 0.005
5468.81111 12.919 0.005
5470.78354 12.994 0.005
5471.83381 12.992 0.005
5476.78950 12.874 0.005
5478.77825 12.935 0.005
5480.79194 12.968 0.005
5482.76816 12.956 0.005
5483.76614 12.876 0.005
5484.87562 12.860 0.005
5486.77466 12.780 0.005
5487.85363 12.904 0.005
5488.84753 12.935 0.005
5490.71378 12.950 0.005
5491.73409 13.004 0.005
5492.76762 13.007 0.005
5493.78992 12.928 0.005
5494.83464 12.842 0.005
5495.79181 12.840 0.005
5496.78961 12.794 0.005
5497.81980 12.801 0.005
5499.72681 12.894 0.005
5502.79695 13.005 0.005
5503.75221 12.978 0.005
5505.72187 12.822 0.005
5506.73935 12.849 0.005
5507.75747 12.863 0.005
5509.66587 12.896 0.005
5510.72180 12.921 0.005
5511.69798 12.950 0.005
5512.74104 12.996 0.005
5513.71132 12.984 0.005
5514.74387 12.955 0.005
5515.66114 12.836 0.005
5516.74668 12.878 0.005
5517.65979 12.799 0.005
5517.86072 12.790 0.005
5518.75620 12.804 0.005
5519.67972 12.866 0.005
5521.69947 12.925 0.005
5522.72460 12.977 0.005
5523.68930 12.992 0.005
5524.69775 12.993 0.005
5525.73082 12.935 0.005
5526.68287 12.886 0.005
5527.76361 12.854 0.005
5528.70463 12.798 0.005
5529.68497 12.854 0.005
5530.69217 12.894 0.005
5531.77536 12.935 0.005
5532.68346 12.972 0.005
5533.70681 12.981 0.005
5534.73836 12.984 0.005
5535.71514 12.927 0.005
5536.71782 12.834 0.005
5539.72807 12.837 0.005
5540.81220 12.889 0.005
5541.67839 12.899 0.005
5542.73678 12.948 0.005
5543.76830 12.977 0.005
5544.75581 12.995 0.005
5545.74507 12.960 0.005
5546.69475 12.869 0.005
5547.75453 12.818 0.005
5548.71451 12.815 0.005
5549.68063 12.787 0.005
5550.73447 12.866 0.005
5551.68497 12.896 0.005
5553.73804 12.961 0.005
5554.67135 12.986 0.005
5556.68597 12.935 0.005
5557.66711 12.836 0.005
5558.66803 12.825 0.005
5559.65821 12.789 0.005
5560.64989 12.815 0.005
5561.68346 12.876 0.005
5562.70303 12.914 0.005
5563.63700 12.938 0.005
5565.66829 12.988 0.005
5566.69557 12.971 0.005
5568.71587 12.812 0.005
5569.71042 12.805 0.005
5570.74916 12.783 0.005
5571.68099 12.857 0.005
5572.79742 12.887 0.005
5575.70246 12.990 0.005
5576.67668 12.994 0.005
5577.67821 12.917 0.005
5578.68499 12.824 0.005
5579.73535 12.817 0.005
5580.67903 12.816 0.005
5581.68149 12.829 0.005
5582.68928 12.885 0.005
5583.69606 12.914 0.005
5584.68209 12.931 0.005
5585.68193 12.978 0.005
5586.64570 12.985 0.005
5587.62781 12.931 0.005
5588.73179 12.814 0.005
5589.63783 12.808 0.005
5591.67516 12.798 0.005
5592.65741 12.868 0.005
5593.64037 12.891 0.005
5594.65657 12.924 0.005
5595.63524 12.951 0.005
5596.69838 12.993 0.005
5597.61583 12.972 0.005
5598.67997 12.906 0.005
5599.64575 12.814 0.005
5600.67850 12.824 0.005
5601.65813 12.795 0.005
5602.65684 12.810 0.005
5603.66559 12.868 0.005
5604.66274 12.897 0.005
5605.66783 12.961 0.005
5606.67918 12.972 0.005
5607.69060 12.980 0.005
5608.67747 12.934 0.005
5609.70919 12.838 0.005
5611.63975 12.798 0.005
5612.69227 12.781 0.005
5613.65474 12.855 0.005
5614.64739 12.888 0.005
5615.64118 12.921 0.005
5616.64993 12.955 0.005
5619.64041 12.906 0.005
5620.62640 12.807 0.005
5622.63507 12.779 0.005
5623.59795 12.812 0.005
5624.53905 12.882 0.005
5625.63070 12.908 0.005
5626.59180 12.954 0.005
5627.55650 12.983 0.005
5629.59675 12.951 0.005
5630.60817 12.842 0.005
5632.55628 12.803 0.005
5633.60527 12.797 0.005
5634.56569 12.854 0.005
5635.57000 12.887 0.005
5638.57460 12.985 0.005
5639.58486 12.976 0.005
5640.52385 12.916 0.005
5641.55150 12.824 0.005
5642.49975 12.838 0.005
5643.49752 12.787 0.005
5644.50027 12.825 0.005
5645.49900 12.884 0.005
5646.51199 12.911 0.005
5647.51395 12.950 0.005
5648.51384 12.980 0.005
5649.52937 12.984 0.005
5650.50980 12.959 0.005
5651.51573 12.865 0.005
5652.51067 12.829 0.005
5653.54076 12.815 0.005
5654.54929 12.809 0.005
5655.54044 12.869 0.005
5656.54935 12.898 0.005
5657.50929 12.925 0.005
5659.50858 12.984 0.005
5660.55397 12.966 0.005
5664.48817 12.784 0.005
5665.50340 12.821 0.005
5666.50020 12.896 0.005
5667.48238 12.910 0.005
5668.48792 12.940 0.005
5669.48193 12.984 0.005
5670.53340 12.971 0.005
5671.48378 12.949 0.005
5672.47824 12.852 0.005
5674.48675 12.798 0.005
5675.47962 12.786 0.005
5676.53451 12.835 0.005
5677.47634 12.900 0.005
5678.51054 12.920 0.005
5679.47820 12.963 0.005
5680.52626 12.981 0.005
5681.48929 12.980 0.005
5682.49038 12.899 0.005
5683.49496 12.820 0.005
5684.49897 12.820 0.005
5685.47151 12.789 0.005
5686.47240 12.842 0.005
5687.47315 12.877 0.005
5691.46609 12.985 0.005
5692.51454 12.940 0.005
5694.48270 12.827 0.005
5695.46712 12.808 0.005
5696.47554 12.801 0.005
5697.46544 12.873 0.005
5699.47498 12.922 0.005
5700.46657 12.970 0.005
5702.46345 12.964 0.005
5706.46316 12.778 0.005
5709.45026 12.863 0.005
5784.92370 12.984 0.005
5795.92971 12.980 0.005
5803.87503 12.911 0.005
5805.83952 12.983 0.005
5806.89051 12.978 0.005
5809.85177 12.847 0.005
5810.85488 12.787 0.005
5812.84768 12.882 0.005
5814.86450 12.929 0.005
5815.87614 12.980 0.005
5816.85027 12.984 0.005
5817.85088 12.956 0.005
5818.87997 12.861 0.005
5819.83395 12.828 0.005
5820.90139 12.814 0.005
5822.82161 12.850 0.005
5823.89647 12.881 0.005
5824.81845 12.918 0.005
5825.80671 12.958 0.005
5826.85519 12.984 0.005
5827.84916 12.973 0.005
5828.87537 12.928 0.005
5829.84877 12.852 0.005
5830.84034 12.825 0.005
5831.83201 12.815 0.005
5832.82143 12.814 0.005
5833.80579 12.872 0.005
5834.80672 12.923 0.005
5835.86663 12.934 0.005
5836.77315 12.977 0.005
5837.85248 12.989 0.005
5839.83412 12.859 0.005
5840.81709 12.833 0.005
5841.81411 12.809 0.005
5842.83227 12.779 0.005
5843.84776 12.869 0.005
5845.86277 12.912 0.005
5846.82324 12.955 0.005
5850.78710 12.834 0.005
5851.79616 12.816 0.005
5852.77989 12.779 0.005
5853.84963 12.813 0.005
5854.75494 12.889 0.005
5855.82465 12.939 0.005
5856.79623 12.931 0.005
5857.78056 12.973 0.005
5858.83042 12.986 0.005
5859.79898 12.950 0.005
5860.78404 12.854 0.005
5861.79303 12.811 0.005
5863.79496 12.798 0.005
5864.70352 12.878 0.005
5865.77310 12.881 0.005
5866.79723 12.927 0.005
5867.73612 12.960 0.005
5868.83759 13.007 0.005
5869.80310 12.989 0.005
5870.74291 12.921 0.005
5871.72900 12.834 0.005
5872.73836 12.844 0.005
5873.73358 12.792 0.005
5874.76714 12.816 0.005
5875.70307 12.876 0.005
5878.75284 12.972 0.005
5879.68810 12.975 0.005
5880.73955 12.939 0.005
5880.79057 12.926 0.005
5881.72615 12.863 0.005
5882.75693 12.826 0.005
5883.76090 12.793 0.005
5885.69217 12.847 0.005
5886.72823 12.878 0.005
5887.80060 12.947 0.005
5888.78925 12.956 0.005
5889.83144 12.983 0.005
5890.76500 12.972 0.005
5891.72365 12.906 0.005
5892.74142 12.819 0.005
5893.75952 12.824 0.005
5894.78295 12.791 0.005
5895.80007 12.827 0.005
5896.78311 12.887 0.005
5897.72993 12.909 0.005
5898.71211 12.942 0.005
5899.77129 12.977 0.005
5900.72091 12.985 0.005
5901.77022 12.934 0.005
5902.72147 12.837 0.005
5903.77666 12.815 0.005
5904.75124 12.812 0.005
5905.72530 12.796 0.005
5906.73718 12.868 0.005
5907.71528 12.894 0.005
5908.74053 12.926 0.005
5909.78507 12.966 0.005
5910.69785 12.989 0.005
5911.72970 12.975 0.005
5912.75018 12.906 0.005
5913.72212 12.832 0.005
5914.74474 12.830 0.005
5915.70179 12.792 0.005
5916.75564 12.839 0.005
5917.71928 12.883 0.005
5922.73631 12.943 0.005
5923.71255 12.869 0.005
5924.69386 12.831 0.005
5925.70790 12.792 0.005
5926.71969 12.795 0.005
5927.71869 12.860 0.005
5929.69283 12.923 0.005
5930.83802 12.959 0.005
5931.65842 12.988 0.005
5932.65660 12.970 0.005
5933.70702 12.896 0.005
5934.70305 12.834 0.005
5935.65409 12.808 0.005
5936.64817 12.773 0.005
5937.67792 12.851 0.005
5938.67869 12.881 0.005
5939.72245 12.919 0.005
5940.75840 12.935 0.005
5941.75833 12.972 0.005
5942.78268 12.974 0.005
5943.74018 12.933 0.005
5944.73342 12.841 0.005
5945.71372 12.833 0.005
5946.65356 12.802 0.005
5946.76991 12.786 0.005
5947.72051 12.795 0.005
5948.70931 12.874 0.005
5949.72550 12.890 0.005
5950.64650 12.932 0.005
5951.67186 12.962 0.005
5952.69645 12.982 0.005
5953.69440 12.951 0.005
5954.69193 12.897 0.005
5955.71456 12.819 0.005
5956.71460 12.812 0.005
5958.73178 12.835 0.005
5959.70376 12.886 0.005
5960.70581 12.913 0.005
5961.63754 12.947 0.005
5962.63844 12.975 0.005
5963.60515 12.966 0.005
5964.61713 12.928 0.005
5965.61606 12.845 0.005
5967.63818 12.782 0.005
5968.63830 12.789 0.005
5969.61431 12.874 0.005
5970.59181 12.898 0.005
5971.68469 12.938 0.005
5972.67107 12.968 0.005
5973.65411 12.990 0.005
5976.64332 12.803 0.005
5977.67687 12.813 0.005
5978.65329 12.799 0.005
5979.60349 12.819 0.005
5980.61913 12.879 0.005
5981.64261 12.916 0.005
5982.64849 12.944 0.005
5983.69116 12.985 0.005
5984.63018 12.985 0.005
5985.66252 12.916 0.005
5986.59228 12.832 0.005
5987.66774 12.816 0.005
5988.63423 12.783 0.005
5989.59817 12.800 0.005
5990.59167 12.852 0.005
5991.66669 12.868 0.005
5992.62693 12.921 0.005
5993.58383 12.959 0.005
5994.58248 12.976 0.005
5995.63020 12.954 0.005
5996.60027 12.869 0.005
5997.60244 12.802 0.005
5998.60079 12.819 0.005
5998.66122 12.807 0.005
5999.63949 12.789 0.005
6000.61688 12.841 0.005
6002.58060 12.913 0.005
6003.54672 12.945 0.005
6004.60713 12.978 0.005
6005.57477 12.980 0.005
6006.57412 12.931 0.005
6007.57244 12.832 0.005
6009.54807 12.793 0.005
6010.60011 12.797 0.005
6011.56239 12.879 0.005
6012.56146 12.885 0.005
6013.54320 12.937 0.005
6014.56215 12.969 0.005
6015.55752 12.987 0.005
6016.59815 12.961 0.005
6017.56132 12.869 0.005
6019.56331 12.810 0.005
6020.58692 12.775 0.005
6021.57500 12.841 0.005
6022.58650 12.867 0.005
6023.56054 12.924 0.005
6024.58339 12.956 0.005
6025.58339 12.973 0.005
6026.52968 12.969 0.005
6028.56642 12.809 0.005
6031.51178 12.786 0.005
6032.50432 12.864 0.005
6033.49187 12.888 0.005
6034.49748 12.930 0.005
6035.52287 12.968 0.005
6036.49969 12.982 0.005
6037.49939 12.957 0.005
6038.49111 12.866 0.005
6039.49778 12.802 0.005
6040.50008 12.814 0.005
6042.49770 12.838 0.005
6047.47476 12.971 0.005
6048.47347 12.909 0.005
6049.49678 12.837 0.005
6050.47237 12.823 0.005
6052.48801 12.800 0.005
6053.48508 12.876 0.005
6055.49368 12.949 0.005
6056.48066 12.977 0.005
6057.47654 12.974 0.005
6058.47703 12.952 0.005
6059.47787 12.864 0.005
6060.48062 12.801 0.005
6061.47175 12.818 0.005
6062.46579 12.774 0.005
6123.91514 12.818 0.005
6137.91309 12.877 0.005
6149.93671 12.925 0.005
6164.92720 12.802 0.005
6165.91301 12.812 0.005
6171.87882 12.984 0.005
6174.90465 12.829 0.005
6179.90484 12.882 0.005
6180.85737 12.921 0.005
6181.87158 12.957 0.005
6182.87614 12.983 0.005
6183.87783 12.970 0.005
6184.90438 12.904 0.005
6185.85410 12.823 0.005
6186.85558 12.810 0.005
6191.88116 12.958 0.005
6193.86844 12.972 0.005
6194.88543 12.930 0.005
6196.80772 12.796 0.005
6196.89463 12.825 0.005
6198.85265 12.788 0.005
6198.89483 12.785 0.005
6199.80766 12.859 0.005
6199.87810 12.862 0.005
6200.82781 12.888 0.005
6200.88391 12.878 0.005
6202.74219 12.954 0.005
6202.81301 12.964 0.005
6202.88197 12.951 0.005
6202.90056 12.960 0.005
6203.74151 12.974 0.005
6203.81141 12.979 0.005
6203.86403 12.979 0.005
6203.89980 12.970 0.005
6204.72554 12.945 0.005
6204.72843 12.953 0.005
6204.78946 12.950 0.005
6204.84794 12.960 0.005
6204.89696 12.948 0.005
6205.71446 12.879 0.005
6206.78333 12.806 0.005
6207.87530 12.808 0.005
6208.77068 12.777 0.005
6210.85807 12.875 0.005
6210.87401 12.875 0.005
6212.82675 12.946 0.005
6214.87796 12.967 0.005
6216.82463 12.836 0.005
6219.80963 12.778 0.005
6221.82291 12.883 0.005
6222.86636 12.922 0.005
6222.86921 12.924 0.005
6223.78089 12.958 0.005
6223.85349 12.959 0.005
6223.87511 12.972 0.005
6224.83243 12.972 0.005
6224.87001 12.978 0.005
6225.64502 12.961 0.005
6225.69041 12.960 0.005
6225.72848 12.955 0.005
6225.82355 12.946 0.005
6226.68346 12.884 0.005
6226.74084 12.884 0.005
6226.79546 12.875 0.005
6226.87271 12.863 0.005
6227.81290 12.792 0.005
6228.62401 12.812 0.005
6228.68148 12.801 0.005
6229.62664 12.775 0.005
6229.69570 12.770 0.005
6229.77242 12.778 0.005
6229.86498 12.780 0.005
6230.64934 12.813 0.005
6230.71435 12.819 0.005
6230.72726 12.823 0.005
6230.86806 12.830 0.005
6231.75208 12.878 0.005
6231.86140 12.874 0.005
6232.81803 12.913 0.005
6232.87190 12.910 0.005
6233.82457 12.950 0.005
6234.82843 12.991 0.005
6235.77582 12.982 0.005
6236.79340 12.930 0.005
6237.86942 12.822 0.005
6238.82716 12.815 0.005
6239.80117 12.791 0.005
6240.84444 12.790 0.005
6241.79809 12.868 0.005
6242.84103 12.906 0.005
6243.80940 12.936 0.005
6244.74284 12.966 0.005
6245.76670 12.986 0.005
6248.78340 12.809 0.005
6251.77401 12.846 0.005
6252.75321 12.879 0.005
6252.83372 12.881 0.005
6252.85770 12.877 0.005
6254.78390 12.951 0.005
6257.81172 12.909 0.005
6262.73601 12.877 0.005
6265.80802 12.969 0.005
6270.82399 12.801 0.005
6274.81560 12.908 0.005
6277.52819 12.954 0.005
6277.53043 12.964 0.005
6277.53267 12.965 0.005
6277.53524 12.964 0.005
6277.67123 12.980 0.005
6277.75599 12.990 0.005
6278.76268 12.902 0.005
6282.78551 12.791 0.005
6286.71877 12.970 0.005
6289.78809 12.869 0.005
6294.80812 12.906 0.005
6299.76652 12.912 0.005
6300.59093 12.820 0.005
6300.67895 12.812 0.005
6300.75468 12.812 0.005
6301.54984 12.808 0.005
6301.57127 12.811 0.005
6301.59310 12.820 0.005
6301.61524 12.825 0.005
6301.63511 12.809 0.005
6301.65735 12.820 0.005
6301.67972 12.812 0.005
6301.69561 12.814 0.005
6301.72208 12.822 0.005
6301.74234 12.824 0.005
6301.76291 12.815 0.005
6301.78297 12.811 0.005
6301.80621 12.800 0.005
6301.82555 12.801 0.005
6302.56536 12.786 0.005
6302.67071 12.783 0.005
6302.76890 12.773 0.005
6303.54191 12.791 0.005
6303.74010 12.806 0.005
6304.54790 12.867 0.005
6305.69024 12.897 0.005
6306.63288 12.925 0.005
6307.62210 12.971 0.005
6308.68125 12.980 0.005
6311.69781 12.811 0.005
6312.68104 12.802 0.005
6317.69217 12.952 0.005
6323.66541 12.778 0.005
6329.62460 12.992 0.005
6333.61499 12.798 0.005
6340.62758 12.965 0.005
6343.57138 12.822 0.005
6347.59765 12.887 0.005
6356.61510 12.850 0.005
6363.53251 12.804 0.005
6371.55721 12.977 0.005
6372.51917 12.944 0.005
6372.58204 12.935 0.005
6373.53275 12.862 0.005
6373.56419 12.855 0.005
6373.59887 12.855 0.005
6374.52452 12.806 0.005
6374.54740 12.810 0.005
6374.56690 12.813 0.005
6374.58786 12.808 0.005
6374.60602 12.816 0.005
6375.51570 12.814 0.005
6375.55750 12.814 0.005
6375.59847 12.824 0.005
6376.52055 12.769 0.005
6376.59120 12.807 0.005
6377.53769 12.876 0.005
6378.54030 12.892 0.005
6387.53040 12.811 0.005
6396.53627 12.806 0.005
6404.52144 12.914 0.005
6416.49748 12.812 0.005
6508.93702 12.920 0.005
6531.90078 12.813 0.005
6547.86625 12.944 0.005
6568.90006 12.954 0.005
6569.66468 12.981 0.005
6569.71274 12.979 0.005
6569.75777 12.992 0.005
6569.85213 12.988 0.005
6569.89132 13.000 0.005
6571.84109 12.923 0.005
6577.88166 12.903 0.005
6592.73784 12.901 0.005
6592.75027 12.902 0.005
6592.77858 12.896 0.005
6593.63576 12.810 0.005
6593.66056 12.806 0.005
6593.68250 12.821 0.005
6593.70263 12.825 0.005
6593.72099 12.813 0.005
6593.74911 12.809 0.005
6593.76941 12.805 0.005
6593.79110 12.800 0.005
6593.81892 12.809 0.005
6593.84030 12.806 0.005
6593.85420 12.802 0.005
6594.71017 12.800 0.005
6594.72972 12.805 0.005
6594.75521 12.812 0.005
6594.78159 12.809 0.005
6594.83089 12.807 0.005
6595.70974 12.789 0.005
6595.76252 12.781 0.005
6595.81111 12.787 0.005
6595.85963 12.779 0.005
6596.77333 12.812 0.005
6608.82809 12.890 0.005
6616.72615 12.789 0.005
6622.78011 12.973 0.005
6628.80774 12.865 0.005
6638.73311 12.824 0.005
6645.73102 12.839 0.005
6649.73796 12.857 0.005
6654.75807 12.953 0.005
6658.77471 12.779 0.005
6662.73654 12.935 0.005
6667.79669 12.815 0.005
6672.77141 12.918 0.005
6680.76565 12.829 0.005
6690.64827 12.783 0.005
6697.70893 12.889 0.005
6705.67216 12.971 0.005
6712.64150 12.862 0.005
6720.68092 12.811 0.005
6736.61145 12.977 0.005
6871.92099 12.927 0.005
6887.91891 12.845 0.005
6896.88970 12.837 0.005
6907.87185 12.841 0.005
6926.80156 12.975 0.005
6932.81022 12.880 0.005
6938.79567 12.855 0.005
6942.79315 12.876 0.005
6950.84395 12.849 0.005
6956.76766 12.979 0.005
6956.84679 12.976 0.005
6961.84138 12.801 0.005
6967.71280 12.985 0.005
6973.71826 12.839 0.005
6980.75521 12.861 0.005
6987.78616 12.968 0.005
6992.75833 12.824 0.005
6997.76408 12.949 0.005
7002.70789 12.823 0.005
7007.71921 12.938 0.005
7013.67258 12.823 0.005
7016.77825 12.892 0.005
7020.78032 12.983 0.005
7024.75815 12.795 0.005
7028.71132 12.943 0.005
7033.76538 12.817 0.005
7037.73892 12.897 0.005
7042.73649 12.920 0.005
7046.73769 12.810 0.005
7051.72823 13.002 0.005
7056.66864 12.791 0.005
7062.66034 12.980 0.005
7074.66764 12.857 0.005
7080.58394 12.922 0.005
7083.61068 12.982 0.005
7086.61881 12.842 0.005
7091.59964 12.941 0.005
7103.56763 13.005 0.005
7112.57999 12.950 0.005
7115.57454 12.947 0.005
7119.53461 12.802 0.005
7126.52357 12.918 0.005
7131.52813 12.894 0.005
7134.49841 12.978 0.005
7137.52831 12.860 0.005
7143.49298 12.930 0.005
7277.90020 12.868 0.005
7287.90032 12.846 0.005
7292.83291 12.967 0.005
7294.79589 12.840 0.005
7297.79481 12.800 0.005
7304.87369 12.862 0.005
7312.79166 12.983 0.005
7319.77027 12.872 0.005
7322.74301 12.973 0.005
7327.84694 12.808 0.005
7339.75707 12.833 0.005
7345.71557 12.945 0.005
7354.79240 12.991 0.005
7361.81525 12.877 0.005
7366.68782 12.950 0.005
7373.84112 12.926 0.005
7377.81301 12.898 0.005
7382.71124 12.880 0.005
7385.72467 12.975 0.005
7390.74648 12.807 0.005
7399.75108 12.830 0.005
7404.74067 12.908 0.005
7408.71377 12.951 0.005
7410.71515 12.812 0.005
7413.67791 12.859 0.005
7416.68479 12.966 0.005
7424.62716 12.885 0.005
7427.66273 12.983 0.005
7431.65292 12.829 0.005
7435.64650 12.900 0.005
7439.65268 12.968 0.005
7443.62429 12.807 0.005
7449.63001 12.988 0.005
7453.60446 12.806 0.005
7462.61893 12.824 0.005
7466.56660 12.877 0.005
7472.57338 12.833 0.005
7476.52907 12.867 0.005
7488.48287 12.903 0.005
7499.50603 12.928 0.005
7507.47825 12.836 0.005
