5260.63121 14.288 0.005
5261.54600 14.317 0.005
5262.61273 14.305 0.005
5264.57642 14.283 0.005
5265.51022 14.304 0.005
5266.57512 14.308 0.005
5267.55646 14.270 0.005
5268.63101 14.279 0.005
5269.54039 14.315 0.005
5271.54916 14.288 0.005
5272.56630 14.274 0.005
5273.53829 14.313 0.005
5274.56945 14.309 0.005
5276.54847 14.273 0.005
5279.53664 14.286 0.005
5281.51203 14.303 0.005
5282.53072 14.321 0.005
5283.54684 14.306 0.005
5284.55015 14.266 0.005
5285.55172 14.298 0.005
5287.54499 14.293 0.005
5289.53803 14.278 0.005
5292.56190 14.266 0.005
5294.54467 14.313 0.005
5297.51284 14.276 0.005
5430.89082 14.315 0.005
5439.90028 14.292 0.005
5444.88244 14.268 0.005
5449.88717 14.290 0.005
5451.89621 14.303 0.005
5454.88197 14.323 0.005
5456.90768 14.286 0.005
5457.88999 14.280 0.005
5461.90232 14.285 0.005
5463.86739 14.313 0.005
5467.84137 14.317 0.005
5468.81535 14.278 0.005
5470.78779 14.309 0.005
5471.83808 14.320 0.005
5476.79376 14.295 0.005
5478.78253 14.296 0.005
5480.79623 14.289 0.005
5482.77246 14.301 0.005
5484.87991 14.300 0.005
5486.77899 14.293 0.005
5487.85797 14.328 0.005
5488.85186 14.302 0.005
5490.71813 14.286 0.005
5491.73840 14.318 0.005
5492.75258 14.314 0.005
5493.74475 14.266 0.005
5495.72492 14.302 0.005
5497.73175 14.271 0.005
5503.82864 14.313 0.005
5506.86840 14.278 0.005
5509.79315 14.288 0.005
5511.73214 14.310 0.005
5513.74569 14.296 0.005
5515.69556 14.299 0.005
5517.69357 14.298 0.005
5521.73382 14.311 0.005
5523.79585 14.293 0.005
5525.80448 14.297 0.005
5527.69431 14.287 0.005
5528.83002 14.312 0.005
5529.75288 14.308 0.005
5530.78276 14.269 0.005
5532.77464 14.315 0.005
5533.84151 14.310 0.005
5534.70235 14.274 0.005
5535.79331 14.281 0.005
5539.83211 14.276 0.005
5543.82312 14.282 0.005
5545.82775 14.305 0.005
5547.73676 14.268 0.005
5549.75028 14.319 0.005
5551.76126 14.266 0.005
5553.77388 14.327 0.005
5554.79926 14.301 0.005
5556.76009 14.302 0.005
5557.77254 14.315 0.005
5558.76780 14.299 0.005
5560.79511 14.291 0.005
5561.75262 14.316 0.005
5563.75811 14.265 0.005
5565.78459 14.321 0.005
5568.78610 14.287 0.005
5570.84090 14.311 0.005
5573.81720 14.313 0.005
5576.71760 14.276 0.005
5577.74968 14.303 0.005
5578.75198 14.320 0.005
5579.80353 14.282 0.005
5581.73281 14.314 0.005
5582.77951 14.313 0.005
5583.74877 14.293 0.005
5584.76326 14.277 0.005
5585.76998 14.299 0.005
5589.70695 14.295 0.005
5590.70190 14.312 0.005
5591.71247 14.293 0.005
5593.69548 14.299 0.005
5595.67676 14.306 0.005
5596.73246 14.270 0.005
5597.70648 14.289 0.005
5598.73352 14.325 0.005
5599.72838 14.304 0.005
5600.74662 14.265 0.005
5604.73560 14.266 0.005
5606.71317 14.318 0.005
5608.66222 14.284 0.005
5611.67164 14.321 0.005
5613.63870 14.275 0.005
5615.67290 14.316 0.005
5624.62525 14.289 0.005
5627.61162 14.317 0.005
5630.59319 14.287 0.005
5632.59019 14.303 0.005
5634.55054 14.278 0.005
5639.54734 14.313 0.005
5641.58700 14.278 0.005
5643.55098 14.316 0.005
5645.55437 14.281 0.005
5647.58284 14.311 0.005
5649.51434 14.293 0.005
5654.53246 14.264 0.005
5655.51440 14.307 0.005
5657.55851 14.286 0.005
5665.53763 14.300 0.005
5667.51738 14.283 0.005
5671.51938 14.281 0.005
5675.51575 14.277 0.005
5677.51514 14.308 0.005
5680.50995 14.303 0.005
5681.47407 14.320 0.005
5786.91391 14.301 0.005
5802.86784 14.291 0.005
5804.89083 14.315 0.005
5807.89005 14.315 0.005
5809.92055 14.291 0.005
5813.82512 14.286 0.005
5815.91007 14.315 0.005
5818.86508 14.266 0.005
5820.85417 14.321 0.005
5823.84667 14.300 0.005
5826.80721 14.264 0.005
5828.86245 14.318 0.005
5831.80158 14.286 0.005
5833.77556 14.308 0.005
5834.89915 14.282 0.005
5836.80842 14.321 0.005
5839.78272 14.295 0.005
5841.86428 14.310 0.005
5844.88785 14.331 0.005
5850.87209 14.292 0.005
5851.84746 14.266 0.005
5854.84248 14.282 0.005
5856.84931 14.301 0.005
5858.80034 14.287 0.005
5861.77804 14.311 0.005
5862.79114 14.304 0.005
5864.75432 14.296 0.005
5865.80841 14.317 0.005
5867.85630 14.280 0.005
5869.83717 14.319 0.005
5870.71345 14.309 0.005
5872.72364 14.289 0.005
5873.76818 14.320 0.005
5878.83809 14.309 0.005
5880.72336 14.279 0.005
5882.74126 14.323 0.005
5885.78938 14.309 0.005
5888.75868 14.274 0.005
5890.81572 14.322 0.005
5891.86338 14.287 0.005
5893.71408 14.296 0.005
5895.75502 14.284 0.005
5896.76817 14.273 0.005
5899.71054 14.305 0.005
5901.82195 14.297 0.005
5902.75589 14.328 0.005
5903.81072 14.298 0.005
5904.73632 14.283 0.005
5905.71027 14.293 0.005
5906.72239 14.314 0.005
5907.75920 14.311 0.005
5908.77536 14.278 0.005
5909.76828 14.299 0.005
5910.76884 14.323 0.005
5911.79531 14.313 0.005
5912.78433 14.283 0.005
5913.78967 14.288 0.005
5915.76974 14.309 0.005
5916.79223 14.287 0.005
5917.77061 14.281 0.005
5922.82380 14.318 0.005
5924.77201 14.293 0.005
5925.77581 14.280 0.005
5927.77170 14.316 0.005
5929.77803 14.277 0.005
5931.75595 14.316 0.005
5932.76531 14.295 0.005
5933.77367 14.273 0.005
5934.79403 14.314 0.005
5936.71682 14.314 0.005
5937.73848 14.281 0.005
5938.71409 14.296 0.005
5939.70739 14.331 0.005
5940.70147 14.298 0.005
5941.72864 14.280 0.005
5942.72490 14.295 0.005
5943.72547 14.319 0.005
5944.68872 14.307 0.005
5945.69841 14.278 0.005
5946.74024 14.292 0.005
5947.70526 14.330 0.005
5949.71082 14.280 0.005
5950.71175 14.289 0.005
5953.74427 14.279 0.005
5955.68074 14.313 0.005
5958.71315 14.275 0.005
5960.66976 14.313 0.005
5963.67601 14.303 0.005
5964.71741 14.314 0.005
5965.65181 14.294 0.005
5967.62275 14.308 0.005
5968.71119 14.321 0.005
5969.71562 14.285 0.005
5973.62142 14.291 0.005
5976.67814 14.318 0.005
5977.66184 14.302 0.005
5979.68041 14.282 0.005
5981.61102 14.300 0.005
5983.67621 14.289 0.005
5985.63044 14.309 0.005
5987.65243 14.290 0.005
5988.58245 14.314 0.005
5990.53696 14.277 0.005
5991.63675 14.286 0.005
5993.65589 14.307 0.005
5995.61524 14.278 0.005
5996.63423 14.314 0.005
6000.60198 14.301 0.005
6005.59177 14.314 0.005
6010.56666 14.295 0.005
6018.55181 14.304 0.005
6023.53006 14.283 0.005
6024.56819 14.294 0.005
6028.55092 14.281 0.005
6033.52785 14.308 0.005
6036.53334 14.280 0.005
6037.53584 14.310 0.005
6039.53147 14.293 0.005
6042.53145 14.317 0.005
6047.50824 14.301 0.005
6048.50730 14.273 0.005
6055.47770 14.310 0.005
6058.48099 14.308 0.005
6068.46707 14.275 0.005
6141.91750 14.305 0.005
6159.93269 14.274 0.005
6181.90529 14.316 0.005
6195.89787 14.270 0.005
6198.88121 14.293 0.005
6200.84100 14.281 0.005
6203.82779 14.285 0.005
6208.83355 14.270 0.005
6211.87131 14.293 0.005
6215.82347 14.299 0.005
6218.88014 14.318 0.005
6219.87674 14.296 0.005
6220.87345 14.267 0.005
6221.87342 14.288 0.005
6223.87058 14.291 0.005
6226.77533 14.319 0.005
6230.84740 14.309 0.005
6232.85219 14.270 0.005
6235.85263 14.313 0.005
6241.82603 14.281 0.005
6244.83212 14.291 0.005
6248.76843 14.294 0.005
6250.80631 14.305 0.005
6251.75899 14.323 0.005
6254.73836 14.298 0.005
6257.78097 14.273 0.005
6261.74707 14.265 0.005
6265.77753 14.269 0.005
6271.80405 14.310 0.005
6276.77781 14.310 0.005
6284.86131 14.324 0.005
6286.75278 14.288 0.005
6290.75854 14.281 0.005
6295.79120 14.289 0.005
6300.73083 14.303 0.005
6307.74171 14.274 0.005
6314.68940 14.284 0.005
6319.62598 14.274 0.005
6338.61302 14.295 0.005
6339.63548 14.273 0.005
6348.62393 14.291 0.005
6353.64730 14.313 0.005
6357.61181 14.286 0.005
6361.55664 14.298 0.005
6368.57251 14.270 0.005
6375.55262 14.299 0.005
6385.51143 14.276 0.005
6391.51570 14.316 0.005
6400.49808 14.299 0.005
6407.48478 14.309 0.005
6511.91017 14.289 0.005
6521.89222 14.312 0.005
6530.92511 14.321 0.005
6547.90175 14.304 0.005
6561.86939 14.278 0.005
6571.87555 14.326 0.005
6577.85946 14.272 0.005
6583.77307 14.319 0.005
6593.74245 14.293 0.005
6603.82262 14.307 0.005
6611.80709 14.295 0.005
6616.71129 14.312 0.005
6623.73690 14.286 0.005
6629.73642 14.316 0.005
6641.73541 14.327 0.005
6647.74665 14.272 0.005
6658.78980 14.314 0.005
6661.81946 14.328 0.005
6668.77959 14.287 0.005
6675.76505 14.296 0.005
6690.73225 14.324 0.005
6692.70664 14.264 0.005
6693.65467 14.259 0.005
6694.69851 14.317 0.005
6695.64363 14.313 0.005
6695.68323 14.313 0.005
6696.63120 14.267 0.005
6697.68926 14.281 0.005
6698.68959 14.324 0.005
6699.64398 14.307 0.005
6700.56298 14.280 0.005
6701.68405 14.288 0.005
6702.55429 14.308 0.005
6703.57127 14.313 0.005
6704.69922 14.273 0.005
6705.56080 14.279 0.005
6706.63794 14.319 0.005
6707.65064 14.327 0.005
6708.64052 14.282 0.005
6709.63488 14.280 0.005
6709.65007 14.279 0.005
6710.64423 14.313 0.005
6711.63118 14.327 0.005
6712.58178 14.287 0.005
6713.60754 14.271 0.005
6713.62291 14.273 0.005
6714.61459 14.302 0.005
6715.56405 14.322 0.005
6716.61659 14.307 0.005
6717.62521 14.264 0.005
6718.67204 14.296 0.005
6719.65308 14.325 0.005
6721.62335 14.266 0.005
6721.63538 14.259 0.005
6722.64467 14.301 0.005
6881.93317 14.261 0.005
6889.89188 14.258 0.005
6906.88927 14.274 0.005
6922.81170 14.264 0.005
6927.80378 14.289 0.005
6932.79494 14.328 0.005
6938.76340 14.262 0.005
6942.77826 14.264 0.005
6949.81459 14.317 0.005
6955.77069 14.249 0.005
6963.74098 14.259 0.005
6968.78915 14.292 0.005
6975.69591 14.262 0.005
6979.72324 14.265 0.005
6983.73561 14.271 0.005
6989.75541 14.313 0.005
6994.79970 14.329 0.005
6999.76215 14.292 0.005
7003.83904 14.297 0.005
7008.79198 14.262 0.005
7013.79154 14.286 0.005
7017.79695 14.278 0.005
7021.78113 14.267 0.005
7025.73874 14.251 0.005
7030.76287 14.310 0.005
7034.73452 14.294 0.005
7039.74364 14.326 0.005
7044.71981 14.306 0.005
7049.71501 14.271 0.005
7055.69608 14.325 0.005
7060.69148 14.327 0.005
7072.64934 14.323 0.005
7078.62854 14.255 0.005
7082.56262 14.255 0.005
7085.63518 14.314 0.005
7089.61008 14.330 0.005
7093.58045 14.325 0.005
7102.56117 14.283 0.005
7111.56944 14.243 0.005
7114.54624 14.305 0.005
7118.54567 14.305 0.005
7124.51970 14.274 0.005
7133.49431 14.317 0.005
7136.47722 14.250 0.005
7144.48942 14.257 0.005
7283.81694 14.243 0.005
7291.82965 14.273 0.005
7294.78011 14.339 0.005
7298.87690 14.324 0.005
7303.83349 14.284 0.005
7311.78295 14.308 0.005
7319.74575 14.316 0.005
7327.83207 14.325 0.005
7339.74216 14.340 0.005
7344.76854 14.295 0.005
7353.84976 14.246 0.005
7355.82351 14.340 0.005
7363.74824 14.337 0.005
7367.80635 14.328 0.005
7373.74310 14.275 0.005
7378.80239 14.234 0.005
7383.71212 14.307 0.005
7387.72816 14.293 0.005
7396.76087 14.334 0.005
7401.75123 14.327 0.005
7405.72224 14.334 0.005
7409.67091 14.353 0.005
7413.66207 14.340 0.005
7425.69057 14.338 0.005
7428.66518 14.273 0.005
7435.68077 14.248 0.005
7440.63952 14.243 0.005
7445.61914 14.314 0.005
7448.61735 14.223 0.005
7452.63072 14.238 0.005
7461.60250 14.288 0.005
7466.55171 14.334 0.005
7472.54344 14.284 0.005
7476.51395 14.278 0.005
7494.49971 14.277 0.005
