5260.64296 17.241 0.014
5261.64632 17.001 0.012
5262.64009 17.194 0.013
5264.60750 17.060 0.012
5265.60876 17.235 0.017
5266.60133 17.085 0.013
5267.61457 17.152 0.015
5268.59721 17.296 0.015
5269.56649 17.048 0.013
5270.55309 17.232 0.012
5271.57589 17.136 0.012
5273.56434 17.301 0.014
5274.59547 17.051 0.014
5275.57871 17.221 0.013
5276.57476 17.172 0.012
5279.56288 17.001 0.015
5281.53830 17.241 0.014
5282.55775 17.116 0.014
5284.56137 17.024 0.013
5286.54406 17.277 0.015
5288.55772 17.271 0.016
5291.55185 17.299 0.015
5293.54320 17.261 0.016
5295.49934 17.159 0.015
5297.52506 17.069 0.012
5298.57010 17.225 0.015
5301.53090 17.315 0.015
5306.52737 17.284 0.014
5308.53511 17.232 0.017
5309.55579 17.170 0.015
5310.55563 17.131 0.017
5311.52202 17.287 0.020
5313.50467 17.186 0.019
5314.51946 17.226 0.024
5322.46695 17.061 0.016
5325.48124 17.062 0.016
5327.48355 17.047 0.013
5335.47424 17.055 0.013
5341.49572 17.237 0.020
5343.49832 17.110 0.021
5430.91646 17.290 0.016
5439.92600 17.139 0.023
5444.89610 17.095 0.012
5448.91500 17.250 0.014
5451.82841 17.038 0.013
5454.90739 17.070 0.014
5457.77129 17.137 0.011
5459.88324 17.073 0.011
5462.88155 17.173 0.014
5467.85212 17.135 0.013
5468.84104 17.287 0.014
5470.81598 17.209 0.013
5471.86371 17.177 0.013
5473.79855 17.290 0.013
5478.80801 17.276 0.012
5481.74738 17.294 0.014
5483.78061 17.262 0.018
5484.79273 17.029 0.011
5485.81951 17.190 0.012
5487.74125 17.066 0.011
5488.74340 17.243 0.013
5489.83566 17.028 0.011
5490.74452 17.151 0.014
5491.85791 17.299 0.019
5492.77997 17.038 0.013
5493.80227 17.241 0.015
5494.84703 17.089 0.015
5495.80418 17.133 0.012
5496.80202 17.277 0.018
5497.83216 17.059 0.012
5499.73919 17.200 0.012
5502.80934 17.021 0.010
5503.76457 17.229 0.012
5505.73426 17.099 0.013
5506.75177 17.261 0.011
5507.76988 17.026 0.011
5509.67826 17.299 0.013
5510.73416 17.096 0.012
5511.71039 17.266 0.013
5512.75345 17.012 0.010
5513.72377 17.185 0.012
5514.75630 17.295 0.013
5515.67356 17.065 0.013
5516.75912 17.267 0.012
5517.67224 17.090 0.013
5518.76867 17.146 0.017
5519.69506 17.282 0.018
5521.71192 17.238 0.015
5522.73706 17.067 0.014
5523.70175 17.131 0.013
5524.71020 17.282 0.013
5525.74325 17.043 0.010
5526.69532 17.196 0.011
5527.77604 17.076 0.010
5528.71714 17.141 0.012
5529.69741 17.274 0.013
5530.70463 17.039 0.011
5531.78783 17.231 0.011
5532.69597 17.212 0.011
5533.71932 17.118 0.013
5534.75081 17.292 0.013
5535.72769 17.023 0.012
5536.73032 17.216 0.012
5539.74059 17.280 0.012
5540.82475 17.037 0.011
5541.69091 17.208 0.015
5542.75006 17.272 0.012
5543.78086 17.104 0.014
5544.76832 17.271 0.012
5545.75762 16.990 0.011
5546.70729 17.176 0.013
5547.76709 17.293 0.015
5548.72833 17.087 0.011
5549.69485 17.236 0.014
5550.74711 17.027 0.012
5551.70459 17.166 0.015
5553.75060 17.055 0.013
5556.69860 17.151 0.017
5557.67973 17.289 0.012
5558.68064 17.059 0.013
5559.72383 17.230 0.013
5560.66252 17.132 0.011
5561.69631 17.131 0.015
5562.71565 17.293 0.012
5563.64961 17.033 0.013
5565.68153 17.198 0.011
5566.70821 17.114 0.011
5568.72851 17.037 0.012
5569.72307 17.219 0.013
5570.76260 17.186 0.013
5571.69418 17.114 0.013
5572.81082 17.299 0.013
5575.71516 17.231 0.013
5576.68932 17.088 0.011
5577.69160 17.259 0.013
5578.69787 17.020 0.012
5579.74884 17.189 0.016
5580.69288 17.277 0.013
5581.69499 17.062 0.013
5582.70197 17.230 0.014
5583.70924 17.026 0.011
5584.69474 17.171 0.012
5585.69463 17.286 0.014
5586.65841 17.043 0.013
5587.64057 17.213 0.013
5588.74450 17.034 0.011
5589.65054 17.130 0.012
5591.68787 17.042 0.010
5592.67012 17.231 0.012
5593.65310 17.140 0.012
5594.66933 17.122 0.012
5595.64797 17.271 0.013
5596.71109 17.037 0.010
5597.62856 17.237 0.012
5598.69487 17.150 0.011
5599.65850 17.099 0.012
5600.69121 17.292 0.011
5601.67085 17.015 0.010
5602.66959 17.221 0.011
5603.67627 17.223 0.014
5604.67667 17.127 0.013
5605.67920 17.272 0.012
5606.69113 17.022 0.011
5607.70205 17.196 0.014
5608.69265 17.221 0.016
5609.71988 17.099 0.015
5611.65046 17.010 0.014
5612.70298 17.198 0.019
5613.66614 17.284 0.014
5614.65846 17.062 0.011
5615.65187 17.250 0.012
5616.66788 17.030 0.011
5619.64980 17.062 0.011
5622.64786 17.155 0.014
5623.61071 17.287 0.013
5624.55189 17.010 0.011
5625.64343 17.231 0.014
5626.60454 17.171 0.013
5627.56930 17.122 0.011
5629.60952 17.031 0.011
5630.62095 17.221 0.015
5632.56909 17.097 0.014
5633.61803 17.293 0.013
5634.57851 17.004 0.012
5635.58280 17.221 0.014
5638.58739 17.270 0.018
5639.59766 17.011 0.014
5640.53662 17.206 0.016
5641.56428 17.295 0.016
5642.51253 17.054 0.010
5643.51029 17.242 0.012
5644.51305 17.037 0.011
5645.51174 17.154 0.015
5646.52477 17.291 0.014
5647.52672 17.062 0.011
5648.52739 17.232 0.013
5649.54215 17.060 0.012
5650.52260 17.128 0.011
5651.52849 17.285 0.009
5652.52344 17.052 0.011
5653.55348 17.198 0.013
5654.56203 17.111 0.012
5655.55320 17.144 0.014
5656.56210 17.292 0.013
5657.52203 17.018 0.013
5659.52136 17.184 0.014
5660.56673 17.138 0.012
5664.50091 17.235 0.018
5665.51614 17.083 0.015
5666.51297 17.270 0.018
5667.49514 17.032 0.014
5668.50109 17.189 0.016
5669.49464 17.251 0.014
5670.54616 17.092 0.014
5671.49655 17.284 0.023
5672.49144 17.017 0.012
5674.49948 17.296 0.012
5675.49276 17.068 0.013
5676.54801 17.208 0.008
5677.48902 17.062 0.011
5678.52328 17.178 0.013
5679.49087 17.294 0.016
5680.53966 17.081 0.015
5681.50372 17.233 0.016
5682.50315 17.087 0.016
5683.50806 17.166 0.014
5684.51308 17.269 0.015
5685.48454 17.036 0.014
5686.48508 17.219 0.012
5687.48724 17.135 0.015
5691.47874 17.203 0.016
5694.49535 17.275 0.018
5695.47976 17.026 0.014
5696.48818 17.173 0.018
5697.47811 17.263 0.016
5699.48765 17.243 0.023
5700.47920 17.014 0.017
5702.47607 17.270 0.017
5706.47578 17.165 0.016
5709.46285 17.233 0.014
5784.93602 17.143 0.018
5796.90356 17.009 0.012
5803.88735 17.290 0.013
5805.85183 17.262 0.013
5806.90282 17.036 0.011
5809.86402 17.081 0.010
5810.86716 17.234 0.013
5812.86008 17.161 0.011
5814.90907 17.038 0.012
5815.88843 17.228 0.012
5816.86260 17.143 0.014
5817.86425 17.125 0.012
5818.89226 17.310 0.014
5819.84626 17.018 0.011
5820.91367 17.236 0.017
5822.83392 17.125 0.011
5823.90874 17.293 0.020
5824.83073 17.009 0.011
5825.81899 17.201 0.011
5826.86749 17.217 0.012
5827.86147 17.120 0.010
5828.88768 17.290 0.011
5829.86106 17.010 0.009
5830.85262 17.196 0.011
5831.84431 17.276 0.010
5832.83374 17.114 0.010
5833.81810 17.260 0.012
5834.81906 17.033 0.009
5835.87896 17.190 0.012
5836.78546 17.312 0.012
5837.86482 17.089 0.011
5839.84649 17.032 0.010
5840.82998 17.166 0.011
5841.82701 17.288 0.014
5842.84462 17.071 0.014
5843.86011 17.252 0.013
5845.87509 17.149 0.018
5846.83561 17.314 0.024
5850.80023 17.122 0.011
5851.80845 17.302 0.013
5853.86396 17.233 0.014
5854.76727 17.218 0.012
5855.83699 17.126 0.010
5856.80859 17.287 0.015
5857.79343 17.049 0.015
5858.84280 17.184 0.014
5859.81131 17.221 0.011
5860.79638 17.113 0.011
5861.80536 17.291 0.013
5863.80855 17.195 0.012
5864.71584 17.296 0.011
5865.78546 17.095 0.011
5866.80958 17.276 0.012
5867.74850 17.036 0.010
5868.85000 17.170 0.010
5869.81551 17.277 0.011
5870.75529 17.070 0.011
5871.74142 17.232 0.012
5872.75075 17.066 0.011
5873.74600 17.148 0.011
5874.77956 17.301 0.015
5875.71547 17.029 0.012
5878.81642 17.127 0.017
5879.70054 17.298 0.017
5880.75201 17.029 0.011
5881.73854 17.225 0.013
5882.76935 17.141 0.011
5883.77329 17.129 0.013
5885.70461 17.018 0.014
5886.74067 17.224 0.015
5887.81306 17.187 0.011
5888.80171 17.129 0.011
5889.84389 17.302 0.012
5890.77744 17.025 0.011
5891.73610 17.204 0.012
5892.75387 17.265 0.012
5893.77199 17.101 0.010
5894.79548 17.289 0.012
5895.81255 17.036 0.011
5896.79561 17.194 0.011
5897.74241 17.277 0.012
5898.72463 17.077 0.011
5899.78378 17.269 0.012
5900.73342 17.041 0.010
5901.78269 17.195 0.012
5902.73398 17.290 0.015
5903.78914 17.096 0.012
5904.76378 17.252 0.012
5905.73781 17.056 0.012
5906.74969 17.161 0.013
5907.72776 17.321 0.014
5908.75310 17.053 0.012
5909.79760 17.252 0.012
5910.71042 17.139 0.011
5911.74228 17.138 0.011
5912.76275 17.299 0.012
5913.73468 17.033 0.010
5914.75732 17.216 0.011
5915.71436 17.171 0.010
5916.77070 17.136 0.010
5917.73188 17.310 0.011
5922.74892 17.278 0.011
5923.72513 17.024 0.009
5924.70647 17.188 0.011
5925.72051 17.267 0.013
5926.73227 17.127 0.011
5927.73130 17.297 0.012
5929.70548 17.191 0.011
5930.85066 17.231 0.011
5931.67250 17.085 0.012
5932.66981 17.261 0.013
5933.71967 17.027 0.012
5934.71573 17.175 0.012
5935.66674 17.277 0.017
5936.66129 17.063 0.012
5937.69057 17.253 0.012
5938.69135 17.094 0.011
5939.73544 17.139 0.012
5940.77105 17.291 0.012
5941.77174 17.076 0.013
5942.79637 17.251 0.012
5943.75322 17.076 0.011
5944.74610 17.155 0.010
5945.72682 17.313 0.011
5946.66666 17.027 0.010
5946.78263 17.063 0.012
5947.73320 17.231 0.013
5948.72205 17.139 0.011
5949.73822 17.121 0.012
5950.65919 17.298 0.011
5951.68457 17.027 0.011
5952.70916 17.223 0.011
5953.70709 17.207 0.012
5954.70464 17.097 0.009
5955.72731 17.305 0.012
5956.72730 17.015 0.010
5958.74454 17.228 0.012
5959.71648 17.116 0.011
5960.71854 17.276 0.012
5961.65028 17.029 0.010
5962.65118 17.150 0.017
5963.61791 17.264 0.017
5964.62987 17.078 0.014
5965.62877 17.239 0.013
5967.65096 17.176 0.019
5968.65105 17.294 0.014
5969.62707 17.077 0.010
5970.60456 17.242 0.010
5971.69744 17.058 0.010
5972.68381 17.152 0.011
5973.66689 17.290 0.010
5974.62191 17.048 0.010
5976.65607 17.134 0.011
5977.68964 17.168 0.011
5978.66605 17.326 0.012
5979.61622 17.044 0.011
5980.64638 17.231 0.013
5981.65535 17.169 0.012
5982.66131 17.138 0.012
5983.70440 17.287 0.010
5984.64340 17.033 0.009
5985.67528 17.224 0.012
5986.60506 17.261 0.012
5987.68086 17.107 0.011
5988.64698 17.265 0.012
5989.61093 17.031 0.011
5990.60445 17.222 0.013
5991.67947 17.264 0.014
5992.63976 17.109 0.013
5993.59659 17.289 0.014
5994.59607 17.013 0.012
5995.64297 17.196 0.016
5996.61308 17.336 0.018
5997.61524 17.081 0.013
5998.61358 17.255 0.013
5998.67699 17.274 0.014
5999.65429 17.029 0.010
6000.62969 17.175 0.011
6002.59335 17.071 0.011
6003.55954 17.230 0.014
6004.61991 17.099 0.012
6005.60294 17.153 0.011
6006.58690 17.310 0.012
6007.58522 17.032 0.010
6008.61971 17.226 0.013
6009.56079 17.175 0.013
6010.61636 17.121 0.014
6011.57515 17.282 0.013
6012.61084 17.046 0.013
6013.55596 17.205 0.011
6014.57488 17.194 0.012
6015.57026 17.111 0.011
6016.61124 17.299 0.012
6017.57461 17.025 0.010
6018.52948 17.208 0.014
6019.57851 17.259 0.014
6020.60003 17.122 0.012
6021.58777 17.265 0.015
6022.59968 17.004 0.014
6023.57332 17.182 0.012
6024.59615 17.248 0.016
6025.59617 17.099 0.016
6026.54243 17.226 0.015
6028.57919 17.194 0.016
6029.59677 17.310 0.019
6032.51706 17.087 0.014
6033.50463 17.161 0.015
6034.51020 17.302 0.014
6035.53563 17.069 0.011
6036.51247 17.220 0.013
6037.51209 17.143 0.017
6038.50382 17.148 0.018
6039.51052 17.317 0.017
6040.51282 17.054 0.011
6042.51044 17.174 0.018
6047.48742 17.244 0.015
6048.48618 17.114 0.015
6049.50945 17.306 0.014
6050.48503 17.036 0.014
6052.50075 17.263 0.016
6053.49776 17.090 0.014
6055.50635 17.050 0.014
6056.49333 17.186 0.014
6057.50351 17.287 0.012
6058.49689 17.082 0.012
6059.49054 17.262 0.014
6060.49381 17.028 0.013
6061.48698 17.146 0.016
6062.47843 17.304 0.016
6064.48024 17.262 0.015
6070.48161 17.097 0.015
6079.46362 17.223 0.019
6123.92752 17.034 0.010
6137.92547 17.242 0.012
6164.91279 17.057 0.011
6165.92590 17.238 0.013
6171.89110 17.152 0.011
6174.91747 17.031 0.017
6179.91711 17.030 0.020
6180.86967 17.199 0.017
6181.88386 17.241 0.013
6182.88841 17.102 0.010
6183.89010 17.266 0.010
6185.86638 17.180 0.011
6186.86788 17.292 0.012
6191.89349 17.291 0.010
6193.90150 17.273 0.013
6196.88318 17.298 0.012
6199.83219 17.136 0.016
6202.83963 17.044 0.013
6204.87478 17.157 0.011
6207.88762 17.032 0.014
6210.88632 17.122 0.015
6212.83915 17.015 0.011
6216.83695 17.256 0.011
6219.82192 17.292 0.015
6221.83524 17.260 0.015
6223.79326 17.189 0.011
6224.85882 17.292 0.011
6225.74083 17.064 0.013
6226.75322 17.235 0.013
6229.79578 17.335 0.015
6230.73964 17.040 0.014
6231.76446 17.241 0.013
6232.83047 17.107 0.011
6233.83965 17.129 0.010
6234.84084 17.315 0.012
6235.78822 17.032 0.010
6236.80583 17.237 0.011
6238.83956 17.139 0.010
6239.81362 17.308 0.013
6240.85686 17.016 0.012
6241.81050 17.239 0.012
6242.85343 17.217 0.011
6243.82223 17.111 0.011
6244.76257 17.276 0.012
6245.77910 17.005 0.010
6248.79582 17.087 0.010
6251.78643 17.182 0.009
6254.79636 17.271 0.009
6257.82530 17.319 0.014
6262.74850 17.298 0.011
6265.82134 17.101 0.009
6270.83652 17.170 0.012
6270.84245 17.133 0.011
6274.82819 17.221 0.010
6278.77564 17.020 0.009
6282.79812 17.294 0.011
6286.73137 17.101 0.010
6289.80069 17.166 0.011
6294.82262 17.191 0.010
6299.77918 17.167 0.011
6306.71933 17.037 0.009
6312.71038 17.197 0.009
6317.70562 17.169 0.010
6323.67853 17.312 0.012
6329.63735 17.038 0.013
6333.62844 17.319 0.012
6340.64036 17.228 0.009
6343.58413 17.287 0.011
6347.61045 17.073 0.010
6353.62721 17.251 0.011
6354.59161 17.129 0.009
6355.58068 17.154 0.009
6356.62781 17.305 0.011
6356.66531 17.325 0.010
6357.64315 17.071 0.010
6358.54062 17.236 0.011
6360.59220 17.146 0.009
6361.60251 17.288 0.010
6362.57596 17.024 0.009
6363.54531 17.205 0.011
6363.58006 17.233 0.011
6371.56810 17.284 0.011
6378.55115 17.160 0.011
6387.54338 17.128 0.010
6396.54905 17.215 0.010
6404.53421 17.280 0.013
6416.51022 17.184 0.011
6509.92880 17.088 0.009
6520.90200 17.235 0.010
6531.91317 17.247 0.010
6547.87983 17.060 0.009
6561.84670 17.272 0.011
6571.85347 17.250 0.009
6577.89410 17.043 0.018
6578.87312 17.172 0.010
6583.80024 17.131 0.011
6608.84055 17.067 0.008
6612.77682 17.305 0.011
6616.73868 17.119 0.010
6622.79264 17.282 0.011
6628.82031 17.026 0.008
6638.74610 17.040 0.008
6645.74365 17.320 0.012
6649.75060 17.134 0.009
6654.77073 17.125 0.008
6658.79386 17.207 0.008
6662.77915 17.216 0.011
6667.84245 17.193 0.012
6672.78411 17.179 0.014
6680.77839 17.215 0.010
6690.67106 17.187 0.010
6697.71966 17.081 0.009
6705.68499 17.206 0.013
6712.65223 17.032 0.009
6722.61304 17.039 0.009
6736.62425 17.226 0.015
6871.93340 17.152 0.013
6887.93174 17.090 0.015
6896.90205 17.293 0.013
6907.88482 17.011 0.010
6926.81395 17.241 0.010
6932.82261 17.117 0.010
6938.80800 17.103 0.013
6942.80555 17.227 0.011
6950.85636 17.009 0.009
6956.85920 17.183 0.011
6961.85381 17.161 0.011
6967.72526 17.263 0.017
6973.73073 17.008 0.010
6980.76770 17.254 0.011
6987.79870 17.266 0.012
6992.77084 17.254 0.011
6997.77665 17.240 0.013
7000.71052 17.287 0.011
7001.66558 17.023 0.011
7002.69934 17.214 0.011
7003.80595 17.147 0.010
7004.74983 17.135 0.011
7005.69798 17.297 0.012
7006.72760 17.017 0.011
7007.77563 17.215 0.011
7008.72662 17.245 0.010
7009.74027 17.087 0.009
7010.68158 17.263 0.011
7013.68520 17.275 0.012
7016.78881 17.010 0.010
7020.79339 17.251 0.012
7024.76875 17.059 0.011
7028.72190 17.271 0.013
7032.77624 17.155 0.010
7037.75165 17.126 0.010
7042.74924 17.116 0.009
7047.71241 17.084 0.010
7051.74101 17.281 0.011
7056.68140 17.314 0.013
7062.67313 17.055 0.011
7080.59672 17.079 0.010
7083.62348 17.161 0.011
7085.59517 17.048 0.010
7086.59076 17.244 0.014
7086.63248 17.234 0.013
7087.58565 17.080 0.012
7088.59706 17.123 0.010
7089.57761 17.299 0.012
7090.58179 17.059 0.011
7091.56966 17.214 0.010
7091.61244 17.218 0.011
7092.63366 17.094 0.011
7093.58774 17.131 0.010
7097.56217 17.233 0.015
7103.58342 17.099 0.009
7112.59070 17.270 0.015
7115.58728 17.014 0.012
7119.54531 17.215 0.013
7126.53635 17.134 0.010
7131.54085 17.124 0.012
7134.51115 17.200 0.013
7137.54105 17.289 0.013
7143.50569 17.047 0.016
7277.91252 17.046 0.017
7292.84527 17.173 0.013
7294.80897 17.257 0.014
7297.80771 17.262 0.013
7304.88661 17.276 0.013
7312.80401 17.300 0.012
7322.75835 17.274 0.015
7327.86556 17.298 0.016
7339.76949 17.162 0.009
7345.72806 17.301 0.012
7354.80492 17.142 0.012
7361.82776 17.015 0.010
7366.70033 17.038 0.010
7373.85371 17.265 0.013
7377.82560 17.157 0.011
7382.72385 17.156 0.012
7385.73731 17.223 0.012
7390.75916 17.218 0.010
7399.76376 17.040 0.012
7403.77913 17.251 0.010
7408.72646 17.243 0.012
7410.72786 17.156 0.013
7413.69057 17.219 0.015
7416.69750 17.288 0.011
7424.63989 17.250 0.011
7427.67348 17.013 0.010
7431.66726 17.258 0.010
7435.65969 17.063 0.010
7439.66653 17.286 0.014
7443.63708 17.131 0.011
7449.64279 17.285 0.012
7453.61817 17.111 0.009
7462.63192 17.267 0.010
7466.57937 17.169 0.013
7472.58617 17.291 0.014
7476.54188 17.130 0.010
7488.49564 17.001 0.010
7499.51876 17.147 0.013
7508.46430 17.160 0.013
