5260.62072 15.153 0.005
5261.53555 15.332 0.005
5262.60229 14.891 0.005
5264.56598 15.263 0.005
5265.49853 15.440 0.006
5266.56468 14.934 0.005
5267.54606 15.169 0.005
5268.62061 15.382 0.005
5269.53000 14.813 0.005
5271.53881 15.280 0.005
5272.55597 15.397 0.005
5273.52796 14.960 0.005
5274.55908 15.213 0.005
5276.53814 14.822 0.005
5279.52632 15.279 0.005
5281.50176 15.232 0.005
5282.52048 15.421 0.005
5283.53658 14.872 0.005
5284.53993 15.135 0.005
5285.54149 15.341 0.005
5287.53066 15.041 0.005
5289.51105 15.437 0.005
5292.55173 15.376 0.005
5294.53452 15.060 0.005
5297.50273 14.966 0.005
5299.50020 15.394 0.005
5304.49439 14.992 0.005
5307.48981 14.856 0.005
5310.47142 15.096 0.005
5312.50376 15.262 0.005
5315.47922 15.157 0.005
5323.46505 15.394 0.005
5325.45874 15.088 0.005
5327.45864 15.337 0.005
5335.45331 15.030 0.005
5338.45979 14.909 0.005
5342.46619 15.061 0.005
5343.47722 15.279 0.005
5429.92880 15.413 0.005
5430.88060 14.880 0.005
5439.88999 15.373 0.005
5444.87206 14.965 0.005
5449.87674 15.312 0.005
5451.88578 15.005 0.005
5454.87148 14.873 0.005
5456.89718 15.338 0.005
5457.87951 14.957 0.005
5461.89178 14.927 0.005
5463.85682 15.362 0.005
5467.83075 15.432 0.005
5468.80473 14.951 0.005
5470.77716 15.382 0.005
5471.82741 14.815 0.005
5476.78309 15.225 0.005
5478.77183 14.839 0.005
5480.78552 15.332 0.005
5482.76173 15.022 0.005
5483.75969 15.251 0.005
5484.86914 15.440 0.005
5486.76818 15.150 0.005
5487.84713 15.341 0.005
5488.84106 14.814 0.005
5490.70731 15.256 0.005
5491.72758 15.438 0.005
5492.82515 14.956 0.005
5493.74902 15.186 0.005
5495.83042 14.817 0.005
5497.73606 15.293 0.005
5503.83300 15.120 0.005
5507.73144 15.245 0.005
5510.81554 15.167 0.005
5512.83412 14.808 0.005
5514.83654 15.285 0.005
5516.83975 14.968 0.005
5518.83167 15.394 0.005
5519.76738 14.803 0.005
5521.82550 15.309 0.005
5523.80166 14.994 0.005
5525.81005 15.401 0.005
5527.66776 15.089 0.005
5528.78771 15.309 0.005
5529.85570 14.935 0.005
5531.83820 15.257 0.005
5533.66327 14.867 0.005
5534.70665 15.139 0.005
5535.79735 15.354 0.005
5539.83661 15.402 0.005
5541.80600 15.210 0.005
5543.82699 14.827 0.005
5544.82227 15.098 0.005
5546.65182 15.419 0.005
5547.81334 15.000 0.005
5549.75418 15.410 0.005
5551.76592 15.129 0.005
5553.78512 15.055 0.005
5554.80372 15.040 0.005
5556.76606 15.432 0.005
5558.77249 15.164 0.005
5559.80653 15.367 0.005
5561.75688 15.056 0.005
5562.79989 15.291 0.005
5563.76259 15.431 0.005
5565.78870 15.205 0.005
5566.78380 15.387 0.005
5570.77611 15.313 0.005
5575.72612 15.117 0.005
5576.76754 15.326 0.005
5577.70581 15.182 0.005
5578.70982 15.011 0.005
5579.75924 15.259 0.005
5580.70357 15.423 0.005
5581.70566 14.892 0.005
5583.72161 15.348 0.005
5584.72025 14.878 0.005
5585.77611 15.073 0.005
5589.71274 15.200 0.005
5590.67592 15.377 0.005
5592.74853 15.090 0.005
5593.71563 15.309 0.005
5595.69607 14.979 0.005
5597.64253 15.392 0.005
5598.70767 14.848 0.005
5599.70259 15.117 0.005
5601.73051 15.116 0.005
5602.72044 15.023 0.005
5605.72333 14.903 0.005
5606.72273 15.165 0.005
5608.70559 14.880 0.005
5611.68233 15.443 0.005
5614.67558 15.384 0.005
5616.68521 15.074 0.005
5623.63626 15.103 0.005
5626.56614 14.994 0.005
5629.62002 14.870 0.005
5631.55076 15.328 0.005
5633.62869 15.042 0.005
5635.59429 15.442 0.005
5639.60421 14.826 0.005
5641.59198 15.271 0.005
5643.55565 14.952 0.005
5645.56078 15.380 0.005
5647.58778 15.092 0.005
5649.55435 15.357 0.005
5652.56971 15.415 0.005
5654.57291 15.131 0.005
5657.53288 15.022 0.005
5659.56864 15.439 0.005
5665.54273 15.275 0.005
5667.52240 14.936 0.005
5671.52450 15.080 0.005
5675.52106 15.224 0.005
5677.52067 14.844 0.005
5682.51468 15.244 0.005
5686.49635 15.345 0.005
5693.49445 15.385 0.005
5694.45575 14.810 0.005
5786.91885 14.843 0.005
5802.87254 15.330 0.005
5804.91417 15.029 0.005
5805.88084 15.260 0.005
5807.89478 14.905 0.005
5810.82880 14.967 0.005
5813.83366 15.433 0.005
5815.91449 15.203 0.005
5816.88892 15.387 0.005
5819.87429 15.304 0.005
5822.84499 15.217 0.005
5824.84186 14.831 0.005
5826.81164 15.318 0.005
5829.78954 15.234 0.005
5831.88606 14.903 0.005
5833.77988 15.336 0.005
5835.80864 15.040 0.005
5836.87997 15.266 0.005
5839.78689 15.180 0.005
5841.88554 14.810 0.005
5844.82626 15.396 0.005
5850.84604 15.333 0.005
5851.81932 15.219 0.005
5854.87856 15.421 0.005
5855.84829 14.893 0.005
5856.85413 15.150 0.005
5858.80456 14.957 0.005
5860.80820 15.267 0.005
5861.81643 15.437 0.005
5862.79513 14.923 0.005
5864.84190 15.381 0.005
5865.74593 14.830 0.005
5867.86075 15.299 0.005
5870.87272 15.230 0.005
5873.77223 15.092 0.005
5874.80455 15.319 0.005
5875.86798 15.089 0.005
5880.76265 15.140 0.005
5882.79536 14.946 0.005
5885.79319 15.449 0.005
5888.83799 15.379 0.005
5890.81975 15.079 0.005
5891.83708 15.290 0.005
5893.71811 14.957 0.005
5895.75904 15.382 0.005
5896.80634 14.853 0.005
5897.84258 15.110 0.005
5899.71443 15.332 0.005
5900.81564 15.020 0.005
5901.82636 15.250 0.005
5902.75983 15.423 0.005
5903.81468 14.895 0.005
5904.77960 15.136 0.005
5905.74859 15.331 0.005
5906.76163 14.981 0.005
5907.76338 15.035 0.005
5908.77957 15.260 0.005
5909.82017 15.439 0.005
5910.77289 14.925 0.005
5911.79950 15.179 0.005
5912.82050 15.369 0.005
5913.82597 14.800 0.005
5914.81567 15.081 0.005
5915.77809 15.287 0.005
5916.79627 15.388 0.005
5917.77604 14.967 0.005
5923.77534 15.228 0.005
5924.77593 15.008 0.005
5925.78002 15.239 0.005
5927.77562 14.884 0.005
5929.78226 15.347 0.005
5931.71234 15.020 0.005
5932.76931 15.263 0.005
5933.77775 15.448 0.005
5934.79818 14.944 0.005
5936.72093 15.389 0.005
5937.74280 14.805 0.005
5938.73591 15.062 0.005
5939.76525 15.287 0.005
5940.78148 15.379 0.005
5941.73258 14.959 0.005
5942.75645 15.203 0.005
5943.76506 15.408 0.005
5944.75633 14.823 0.005
5945.73718 15.095 0.005
5946.74421 15.307 0.005
5947.74407 15.262 0.005
5948.73252 14.999 0.005
5949.74863 15.239 0.005
5951.72977 14.870 0.005
5953.74869 15.358 0.005
5955.73792 15.043 0.005
5959.72722 15.178 0.005
5962.61246 15.038 0.005
5963.70543 15.284 0.005
5965.65624 14.949 0.005
5968.66271 14.802 0.005
5971.71023 15.283 0.005
5973.62772 15.206 0.005
5974.63584 15.406 0.005
5977.63562 15.322 0.005
5979.68463 15.033 0.005
5980.65698 15.257 0.005
5982.67194 14.904 0.005
5984.67156 15.348 0.005
5986.67878 15.051 0.005
5988.65741 15.425 0.005
5989.64282 14.949 0.005
5991.64126 15.375 0.005
5992.65020 14.798 0.005
5994.55662 15.282 0.005
5996.63875 14.995 0.005
5997.62585 15.226 0.005
6000.64017 15.111 0.005
6003.57083 15.010 0.005
6007.59572 15.144 0.005
6011.58727 15.264 0.005
6018.55694 15.279 0.005
6023.53486 14.812 0.005
6026.55378 15.279 0.005
6033.53286 15.024 0.005
6034.52131 15.036 0.005
6036.53909 15.432 0.005
6038.53174 15.169 0.005
6039.53630 15.377 0.005
6040.52358 14.823 0.005
6047.51309 14.810 0.005
6050.49620 15.318 0.005
6057.47958 15.105 0.005
6067.48056 15.408 0.005
6141.92244 15.286 0.005
6160.90893 14.929 0.005
6171.91215 15.108 0.005
6181.90972 15.048 0.005
6182.89947 15.269 0.005
6186.89916 15.374 0.005
6195.90254 15.114 0.005
6198.85536 15.012 0.005
6200.84547 15.414 0.005
6203.83258 15.329 0.005
6208.83861 14.912 0.005
6211.87593 14.810 0.005
6212.86731 15.069 0.005
6215.83077 14.957 0.005
6220.74460 15.306 0.005
6222.87169 15.014 0.005
6225.80766 14.849 0.005
6230.75040 15.239 0.005
6232.85624 14.930 0.005
6235.85667 14.820 0.005
6241.82997 15.397 0.005
6244.83629 15.322 0.005
6248.80659 15.412 0.005
6251.79703 15.326 0.005
6254.74280 15.258 0.005
6257.78496 15.156 0.005
6261.75199 15.272 0.005
6262.75910 15.430 0.005
6265.78130 15.374 0.005
6271.78716 15.231 0.005
6278.78613 15.272 0.005
6283.77102 14.875 0.005
6287.79939 14.982 0.005
6291.80873 15.117 0.005
6297.72551 14.842 0.005
6303.53829 15.397 0.005
6310.68903 15.443 0.005
6318.66655 14.976 0.005
6338.61781 14.844 0.005
6343.61604 15.192 0.005
6350.60122 15.230 0.005
6355.54496 15.205 0.005
6361.56115 15.355 0.005
6368.57802 15.373 0.005
6374.58328 15.241 0.005
6381.55702 15.255 0.005
6389.53603 15.440 0.005
6398.49022 15.202 0.005
6511.91575 15.277 0.005
6521.89701 15.216 0.005
6532.89495 15.346 0.005
6548.85166 15.106 0.005
6564.87247 14.793 0.005
6572.80035 15.090 0.005
6578.88430 14.895 0.005
6584.74349 15.424 0.005
6593.75396 15.190 0.005
6607.78513 15.257 0.005
6613.73389 15.051 0.005
6613.75203 15.059 0.005
6617.71454 15.186 0.005
6627.75337 15.116 0.005
6637.76114 15.058 0.005
6644.79790 15.109 0.005
6650.77025 14.874 0.005
6657.78871 14.912 0.005
6660.74656 14.816 0.005
6666.81005 15.414 0.005
6671.75936 15.006 0.005
6678.77635 15.043 0.005
6682.67143 15.151 0.005
6693.62841 15.279 0.005
6698.69894 14.855 0.005
6703.66255 15.257 0.005
6707.65295 15.344 0.005
6710.66810 15.266 0.005
6715.64025 14.795 0.005
6731.61581 15.343 0.005
6874.92035 15.233 0.005
6885.91367 15.364 0.005
6904.91221 15.029 0.005
6920.78525 15.399 0.005
6926.77594 15.313 0.005
6930.80409 15.433 0.005
6937.78213 15.435 0.005
6941.80235 14.806 0.005
6951.84464 15.090 0.005
6957.79926 15.349 0.005
6963.79212 15.183 0.005
6969.80993 14.987 0.005
6975.80389 15.142 0.005
6982.85144 14.820 0.005
6992.78158 15.373 0.005
6995.72081 15.385 0.005
7000.71291 15.000 0.005
7004.80824 15.157 0.005
7008.74852 15.259 0.005
7013.76916 14.798 0.005
7017.77299 14.980 0.005
7021.75723 15.111 0.005
7025.74261 15.233 0.005
7029.72319 15.342 0.005
7035.74506 15.180 0.005
7040.74161 15.387 0.005
7045.70678 15.104 0.005
7050.68591 15.415 0.005
7057.65314 15.436 0.005
7063.68284 15.276 0.005
7070.63915 15.301 0.005
7076.66115 15.135 0.005
7080.62046 15.251 0.005
7082.60879 14.900 0.005
7086.64301 15.057 0.005
7089.61460 14.947 0.005
7093.59487 15.081 0.005
7099.62055 14.845 0.005
7110.56879 15.039 0.005
7114.55086 15.179 0.005
7118.55047 15.295 0.005
7124.52464 15.105 0.005
7131.50286 15.137 0.005
7133.49913 15.016 0.005
7136.48209 15.440 0.005
7141.48188 15.056 0.005
7144.49428 14.971 0.005
7278.84442 15.135 0.005
7291.80381 14.945 0.005
7294.82006 14.818 0.005
7297.81854 15.307 0.005
7303.83779 15.350 0.005
7308.82246 14.917 0.005
7317.78346 15.387 0.005
7325.74019 14.836 0.005
7339.78019 14.949 0.005
7345.73919 15.360 0.005
7353.85363 15.037 0.005
7356.85728 14.936 0.005
7364.75594 15.193 0.005
7367.82806 15.102 0.005
7371.78870 15.229 0.005
7376.78792 15.010 0.005
7381.69258 15.146 0.005
7385.69878 15.268 0.005
7389.72333 15.385 0.005
7398.69602 15.110 0.005
7402.73150 15.250 0.005
7405.72693 15.153 0.005
7409.69619 15.277 0.005
7415.66501 15.072 0.005
7424.65017 15.227 0.005
7428.66927 14.887 0.005
7434.64986 15.437 0.005
7438.65764 14.808 0.005
7442.62033 14.967 0.005
7446.63409 15.109 0.005
7451.60868 15.435 0.005
7458.63071 15.436 0.005
7463.58083 15.059 0.005
7468.55654 15.383 0.005
7472.54797 15.342 0.005
7476.55275 14.842 0.005
7488.50692 15.259 0.005
7499.52992 15.412 0.005
