5260.64086 16.298 0.009
5261.64422 16.211 0.009
5262.63801 16.196 0.009
5264.60542 16.300 0.009
5265.60667 16.214 0.010
5266.59924 16.178 0.009
5267.61248 16.287 0.010
5268.59514 16.315 0.010
5269.56442 16.236 0.009
5270.55103 16.164 0.008
5271.57381 16.288 0.009
5273.56227 16.259 0.009
5274.59340 16.167 0.009
5275.57665 16.247 0.009
5276.57271 16.332 0.009
5279.56083 16.216 0.010
5281.53626 16.287 0.009
5282.55570 16.208 0.009
5284.55930 16.323 0.010
5286.54200 16.216 0.009
5288.55569 16.314 0.010
5291.54983 16.163 0.009
5293.54115 16.308 0.010
5295.49732 16.164 0.009
5297.52306 16.327 0.009
5298.56807 16.281 0.010
5301.52886 16.340 0.010
5306.52535 16.305 0.010
5308.53311 16.169 0.010
5309.55378 16.280 0.010
5310.55364 16.324 0.011
5311.51872 16.241 0.011
5313.50270 16.257 0.012
5314.51747 16.327 0.012
5322.46497 16.338 0.011
5325.47925 16.181 0.010
5327.48156 16.322 0.010
5335.47226 16.335 0.010
5341.49376 16.199 0.011
5343.49636 16.339 0.014
5430.91444 16.328 0.010
5439.92393 16.287 0.012
5444.89399 16.218 0.008
5448.91293 16.238 0.009
5451.82634 16.324 0.010
5454.90530 16.234 0.009
5457.76920 16.168 0.008
5459.88114 16.341 0.008
5462.87008 16.170 0.008
5462.87631 16.172 0.009
5467.85001 16.324 0.009
5468.83893 16.316 0.009
5470.81386 16.153 0.008
5471.86160 16.274 0.008
5473.79644 16.253 0.009
5477.79840 16.278 0.008
5478.80588 16.175 0.008
5481.74524 16.281 0.009
5484.79060 16.322 0.009
5485.81736 16.306 0.009
5487.73823 16.175 0.008
5488.74125 16.330 0.009
5489.83351 16.327 0.009
5490.74236 16.227 0.009
5491.85574 16.168 0.009
5492.77779 16.292 0.009
5493.80010 16.339 0.010
5494.84485 16.285 0.009
5495.80200 16.171 0.008
5496.79985 16.229 0.010
5497.83000 16.342 0.009
5499.73700 16.182 0.008
5502.80718 16.285 0.008
5503.76239 16.216 0.008
5505.73208 16.328 0.009
5506.74959 16.313 0.008
5507.76770 16.231 0.008
5509.67609 16.349 0.009
5510.73198 16.315 0.008
5511.70819 16.220 0.008
5512.75126 16.156 0.008
5513.72157 16.286 0.008
5514.75411 16.340 0.008
5515.67136 16.240 0.009
5516.75693 16.182 0.008
5517.67006 16.282 0.009
5518.76646 16.326 0.012
5519.69288 16.261 0.011
5521.70973 16.209 0.009
5522.73485 16.343 0.010
5523.69958 16.299 0.009
5524.70800 16.207 0.008
5525.74107 16.163 0.008
5526.69311 16.339 0.008
5527.77382 16.326 0.008
5528.71494 16.223 0.008
5529.69521 16.166 0.008
5530.70244 16.309 0.009
5531.78562 16.331 0.008
5532.69377 16.239 0.008
5533.71712 16.166 0.008
5534.74862 16.243 0.008
5535.72549 16.348 0.009
5536.72812 16.276 0.008
5539.73837 16.331 0.008
5540.82254 16.308 0.009
5541.68870 16.202 0.009
5542.74708 16.163 0.008
5543.77864 16.313 0.010
5544.76612 16.325 0.008
5545.75540 16.230 0.008
5546.70507 16.171 0.008
5547.76487 16.289 0.009
5548.72613 16.314 0.009
5549.69102 16.243 0.009
5550.74488 16.177 0.008
5551.70238 16.274 0.010
5553.74841 16.280 0.009
5554.68173 16.176 0.011
5556.69637 16.358 0.010
5557.67753 16.277 0.008
5558.67844 16.189 0.009
5559.72162 16.186 0.008
5560.66031 16.358 0.008
5561.69411 16.315 0.010
5562.71345 16.214 0.008
5563.64740 16.181 0.009
5565.67932 16.310 0.008
5566.70602 16.238 0.008
5568.72630 16.276 0.009
5569.72086 16.343 0.009
5570.76042 16.282 0.009
5571.69143 16.174 0.008
5572.80863 16.179 0.008
5575.71296 16.189 0.008
5576.68715 16.195 0.008
5577.68941 16.348 0.009
5578.69570 16.297 0.009
5579.74665 16.214 0.009
5580.69069 16.172 0.008
5581.69281 16.322 0.009
5582.69978 16.312 0.009
5583.70654 16.237 0.008
5584.69258 16.158 0.008
5585.69245 16.307 0.009
5586.65623 16.336 0.009
5587.63839 16.226 0.008
5587.65608 16.243 0.008
5588.71574 16.181 0.008
5588.74233 16.182 0.009
5589.64838 16.279 0.009
5591.68571 16.278 0.008
5592.66796 16.175 0.008
5593.65093 16.236 0.008
5594.66716 16.335 0.009
5595.64583 16.267 0.008
5596.70894 16.198 0.008
5597.62642 16.214 0.008
5598.69272 16.324 0.008
5599.65634 16.311 0.009
5600.68907 16.228 0.008
5601.66871 16.169 0.008
5602.66744 16.310 0.008
5603.64959 16.289 0.009
5604.57786 16.185 0.008
5604.64718 16.248 0.009
5604.71998 16.247 0.008
5605.56741 16.164 0.008
5605.73912 16.168 0.008
5606.55597 16.310 0.009
5606.71788 16.241 0.008
5607.58913 16.326 0.010
5607.59181 16.314 0.009
5607.72220 16.347 0.010
5608.60014 16.236 0.009
5609.56710 16.157 0.009
5609.69342 16.165 0.008
5611.57961 16.311 0.010
5611.67688 16.345 0.011
5612.57038 16.250 0.009
5612.67598 16.281 0.010
5613.62269 16.186 0.008
5613.67804 16.196 0.010
5614.56999 16.244 0.009
5614.66927 16.204 0.008
5615.58172 16.326 0.008
5615.71248 16.326 0.009
5616.56873 16.266 0.008
5616.70119 16.301 0.009
5617.53432 16.186 0.008
5617.66574 16.222 0.008
5619.54979 16.327 0.008
5619.66053 16.316 0.008
5620.54297 16.287 0.009
5622.64577 16.168 0.009
5623.60861 16.313 0.008
5624.54977 16.307 0.009
5625.64135 16.245 0.008
5626.60245 16.154 0.008
5627.56720 16.304 0.008
5629.60743 16.245 0.008
5630.61886 16.183 0.008
5632.56698 16.316 0.009
5633.61595 16.284 0.008
5634.57642 16.181 0.009
5635.58072 16.196 0.008
5638.58532 16.201 0.010
5639.59560 16.154 0.009
5640.53455 16.322 0.010
5641.56223 16.293 0.010
5642.51047 16.205 0.008
5643.50823 16.170 0.008
5644.51098 16.312 0.008
5645.50968 16.294 0.010
5646.52270 16.231 0.008
5647.52467 16.161 0.008
5648.52534 16.286 0.009
5649.54011 16.320 0.009
5650.52054 16.252 0.008
5651.52644 16.168 0.007
5652.52139 16.251 0.008
5653.55145 16.332 0.009
5654.56000 16.293 0.009
5655.55117 16.194 0.008
5656.56006 16.194 0.008
5657.52001 16.338 0.009
5659.51933 16.202 0.009
5660.56471 16.173 0.008
5664.49889 16.151 0.009
5665.51413 16.305 0.010
5666.51096 16.316 0.010
5667.49311 16.239 0.009
5668.49866 16.165 0.009
5669.49264 16.262 0.009
5670.54415 16.335 0.010
5671.49453 16.253 0.012
5672.48943 16.155 0.008
5674.49749 16.339 0.009
5675.49033 16.278 0.009
5676.54562 16.202 0.005
5677.48704 16.197 0.008
5678.52128 16.327 0.009
5679.48888 16.287 0.009
5680.53767 16.233 0.010
5681.50173 16.166 0.010
5682.50116 16.316 0.011
5683.50607 16.297 0.009
5684.51050 16.238 0.009
5685.48220 16.161 0.009
5686.48310 16.282 0.008
5687.48525 16.333 0.010
5691.47678 16.320 0.010
5692.52813 16.264 0.012
5694.49337 16.203 0.010
5695.47780 16.335 0.010
5696.48620 16.295 0.011
5697.47614 16.196 0.009
5699.48567 16.304 0.012
5700.47725 16.297 0.011
5702.47410 16.166 0.009
5706.47381 16.158 0.009
5709.46090 16.244 0.008
5784.93399 16.163 0.009
5796.90153 16.189 0.009
5803.88529 16.321 0.008
5805.84978 16.184 0.008
5806.90075 16.290 0.008
5809.86196 16.170 0.008
5810.86508 16.286 0.008
5812.85800 16.271 0.008
5814.90700 16.208 0.009
5815.88636 16.336 0.008
5816.86053 16.293 0.010
5817.86217 16.189 0.008
5818.89016 16.184 0.008
5819.84417 16.330 0.009
5820.91158 16.298 0.009
5822.83183 16.169 0.008
5823.90666 16.317 0.011
5824.82863 16.305 0.008
5825.81689 16.234 0.008
5826.86539 16.170 0.008
5827.85937 16.278 0.008
5828.88559 16.326 0.008
5829.85894 16.260 0.008
5830.85052 16.163 0.008
5831.84220 16.240 0.008
5832.83163 16.338 0.008
5833.81600 16.265 0.008
5834.81693 16.173 0.008
5835.87683 16.199 0.008
5836.78335 16.343 0.008
5837.86269 16.299 0.008
5839.84435 16.176 0.008
5840.82784 16.326 0.008
5841.82488 16.286 0.008
5842.84246 16.229 0.010
5843.85798 16.164 0.008
5845.87295 16.330 0.011
5846.83344 16.251 0.011
5850.79809 16.250 0.008
5851.80631 16.154 0.008
5852.79008 16.252 0.010
5853.86181 16.342 0.010
5854.76512 16.260 0.008
5855.83484 16.193 0.008
5856.80641 16.209 0.009
5858.84064 16.304 0.010
5859.80915 16.215 0.008
5860.79420 16.170 0.008
5861.80321 16.329 0.008
5863.80638 16.234 0.008
5864.71370 16.175 0.008
5865.78328 16.311 0.008
5866.80741 16.338 0.008
5867.74633 16.237 0.008
5868.84781 16.173 0.008
5869.81332 16.247 0.008
5870.75313 16.327 0.008
5871.73923 16.254 0.008
5872.74857 16.184 0.008
5873.74381 16.250 0.008
5874.77737 16.322 0.009
5875.71327 16.291 0.009
5878.81424 16.332 0.011
5879.69833 16.285 0.011
5880.74981 16.214 0.008
5881.73636 16.170 0.008
5882.76714 16.319 0.008
5883.77109 16.307 0.009
5885.70242 16.162 0.009
5886.73847 16.289 0.010
5887.81086 16.341 0.008
5888.79952 16.267 0.008
5889.84168 16.193 0.008
5890.77523 16.227 0.008
5891.73390 16.329 0.008
5892.75166 16.274 0.008
5893.76979 16.194 0.008
5894.79328 16.188 0.008
5895.81035 16.330 0.008
5896.79341 16.310 0.008
5897.74022 16.204 0.008
5898.72241 16.182 0.008
5899.78156 16.316 0.008
5900.73122 16.306 0.008
5901.78048 16.230 0.008
5902.73176 16.159 0.009
5903.78693 16.280 0.008
5904.76158 16.317 0.008
5905.73560 16.246 0.008
5906.74749 16.175 0.008
5907.72556 16.267 0.008
5908.75089 16.329 0.009
5909.79540 16.282 0.008
5910.70822 16.171 0.008
5911.74006 16.224 0.008
5912.76053 16.332 0.008
5913.73248 16.272 0.008
5914.75511 16.192 0.008
5915.71214 16.197 0.008
5916.76850 16.324 0.008
5917.72967 16.298 0.008
5922.74672 16.250 0.008
5923.72294 16.163 0.008
5924.70427 16.283 0.008
5925.71828 16.334 0.009
5926.73008 16.264 0.008
5927.72910 16.178 0.008
5929.70328 16.343 0.008
5930.84845 16.306 0.007
5931.67029 16.170 0.008
5932.66760 16.233 0.008
5933.71749 16.330 0.009
5934.71355 16.280 0.008
5935.66454 16.190 0.009
5936.65908 16.186 0.008
5937.68839 16.317 0.008
5938.68917 16.306 0.008
5939.73325 16.237 0.008
5940.76886 16.175 0.008
5941.76956 16.267 0.008
5942.79417 16.346 0.008
5943.75102 16.254 0.008
5944.74392 16.177 0.008
5945.72463 16.250 0.008
5946.66447 16.335 0.008
5946.78044 16.337 0.009
5947.73101 16.275 0.008
5948.71986 16.187 0.008
5949.73604 16.201 0.008
5950.65700 16.329 0.008
5951.68239 16.293 0.009
5952.70698 16.199 0.008
5953.70492 16.183 0.008
5954.70247 16.326 0.008
5955.72513 16.301 0.008
5956.72515 16.235 0.008
5958.74237 16.284 0.008
5959.71432 16.332 0.008
5960.71638 16.253 0.008
5961.64813 16.148 0.008
5962.64901 16.305 0.011
5963.61574 16.320 0.011
5964.62771 16.245 0.009
5965.62663 16.162 0.008
5967.64881 16.326 0.010
5968.64891 16.259 0.008
5969.62493 16.189 0.008
5970.60241 16.246 0.008
5971.69531 16.341 0.008
5972.68169 16.298 0.008
5973.66476 16.196 0.008
5974.61978 16.196 0.008
5976.65394 16.303 0.008
5977.68751 16.222 0.008
5978.66394 16.161 0.008
5979.61410 16.336 0.008
5980.64425 16.308 0.008
5981.65323 16.250 0.008
5982.65917 16.178 0.008
5983.70231 16.227 0.008
5984.64129 16.325 0.008
5985.67318 16.284 0.009
5986.60295 16.174 0.008
5987.67874 16.205 0.008
5988.64489 16.342 0.008
5989.60883 16.282 0.008
5990.60237 16.188 0.009
5991.67736 16.173 0.008
5992.63766 16.351 0.009
5993.59450 16.288 0.009
5994.59397 16.207 0.008
5995.64090 16.173 0.009
5997.61315 16.323 0.009
5998.61150 16.219 0.008
5998.68116 16.256 0.008
5999.65223 16.143 0.008
6000.62760 16.282 0.008
6002.59129 16.245 0.008
6003.55746 16.161 0.009
6004.61784 16.254 0.009
6005.60087 16.329 0.008
6006.58484 16.268 0.008
6007.58315 16.175 0.008
6008.61764 16.216 0.008
6009.55873 16.344 0.009
6010.61430 16.286 0.010
6011.57310 16.189 0.008
6012.57218 16.199 0.009
6013.55392 16.324 0.008
6014.57285 16.290 0.008
6015.56821 16.205 0.008
6016.60889 16.166 0.008
6017.57256 16.300 0.008
6018.52745 16.297 0.009
6019.57602 16.231 0.008
6020.59799 16.160 0.008
6021.58574 16.290 0.009
6022.59723 16.338 0.010
6023.57129 16.251 0.008
6024.59412 16.190 0.009
6025.59414 16.227 0.009
6026.54041 16.320 0.010
6028.57717 16.186 0.010
6029.59476 16.196 0.009
6032.51504 16.195 0.010
6033.50261 16.203 0.009
6034.50821 16.326 0.009
6035.53361 16.309 0.008
6036.51045 16.217 0.008
6037.51009 16.169 0.010
6038.50182 16.317 0.011
6039.50852 16.323 0.010
6040.51082 16.224 0.008
6042.50844 16.295 0.011
6047.48543 16.330 0.009
6048.48420 16.254 0.009
6049.50747 16.189 0.008
6050.48305 16.213 0.009
6052.49875 16.294 0.010
6053.49578 16.205 0.009
6055.50438 16.329 0.010
6056.49135 16.300 0.009
6057.50153 16.213 0.008
6058.49492 16.156 0.008
6059.48856 16.317 0.009
6060.49183 16.314 0.009
6061.48244 16.226 0.009
6062.47646 16.155 0.008
6123.92554 16.166 0.008
6137.92347 16.337 0.008
6164.91074 16.241 0.008
6165.92385 16.172 0.008
6171.88904 16.336 0.008
6174.91517 16.188 0.010
6179.91503 16.309 0.012
6180.86758 16.310 0.009
6181.88177 16.246 0.008
6182.88632 16.172 0.008
6183.88802 16.286 0.008
6185.86428 16.246 0.008
6186.86580 16.163 0.008
6191.89139 16.209 0.008
6193.89940 16.284 0.008
6196.88107 16.323 0.008
6199.83007 16.182 0.009
6202.83752 16.241 0.009
6204.87264 16.278 0.008
6207.88549 16.179 0.009
6210.88418 16.286 0.009
6212.83699 16.206 0.008
6216.83479 16.175 0.008
6219.81976 16.214 0.008
6221.83308 16.316 0.010
6222.83401 16.296 0.009
6223.79109 16.234 0.008
6224.85666 16.176 0.008
6225.73866 16.285 0.008
6226.75104 16.304 0.009
6229.79362 16.243 0.008
6230.73746 16.326 0.009
6231.76227 16.275 0.008
6232.82828 16.201 0.008
6233.83747 16.195 0.008
6234.83866 16.327 0.008
6235.78605 16.274 0.008
6236.80365 16.212 0.008
6238.83738 16.308 0.008
6239.81141 16.311 0.008
6240.85467 16.237 0.009
6241.80831 16.171 0.008
6242.85125 16.258 0.008
6243.82007 16.324 0.008
6244.76038 16.253 0.008
6245.77689 16.173 0.008
6248.79363 16.272 0.008
6251.78422 16.327 0.007
6254.79417 16.177 0.007
6262.74628 16.156 0.008
6265.81865 16.266 0.007
6270.83432 16.208 0.008
6270.83995 16.209 0.008
6274.82599 16.228 0.007
6278.77342 16.247 0.007
6282.79590 16.263 0.008
6286.72915 16.257 0.008
6289.79849 16.331 0.008
6294.82041 16.331 0.008
6299.77697 16.246 0.008
6306.71714 16.315 0.008
6312.70821 16.216 0.007
6317.70345 16.173 0.008
6323.67636 16.337 0.008
6329.63519 16.187 0.008
6333.62603 16.182 0.008
6340.63822 16.322 0.008
6343.58200 16.286 0.008
6347.60831 16.248 0.008
6356.62573 16.304 0.008
6363.54323 16.158 0.008
6371.56600 16.199 0.008
6378.54906 16.333 0.008
6387.54133 16.273 0.008
6388.53409 16.173 0.007
6390.53218 16.332 0.008
6391.52599 16.292 0.008
6395.49385 16.297 0.008
6396.51556 16.221 0.008
6396.54704 16.228 0.008
6397.51672 16.176 0.008
6398.50768 16.321 0.008
6399.50492 16.310 0.008
6400.50459 16.240 0.008
6401.49041 16.165 0.008
6402.52832 16.265 0.008
6404.50190 16.245 0.008
6404.53221 16.244 0.008
6407.49910 16.334 0.008
6414.46746 16.201 0.009
6416.47775 16.312 0.008
6416.50822 16.310 0.008
6419.50079 16.293 0.010
6423.46047 16.289 0.009
6509.92679 16.236 0.007
6520.89996 16.193 0.007
6531.91110 16.328 0.008
6547.87774 16.245 0.007
6561.84458 16.308 0.008
6571.85133 16.191 0.007
6577.89193 16.293 0.010
6583.79810 16.232 0.008
6608.83837 16.293 0.007
6612.77461 16.285 0.008
6616.73646 16.307 0.008
6622.79042 16.173 0.008
6628.81810 16.349 0.008
6638.74388 16.233 0.007
6645.74144 16.317 0.008
6649.74837 16.347 0.008
6654.76853 16.323 0.007
6658.78741 16.322 0.007
6662.77696 16.336 0.008
6667.83396 16.341 0.008
6672.78192 16.240 0.008
6680.77622 16.283 0.008
6690.66888 16.190 0.007
6697.71752 16.268 0.007
6705.68284 16.295 0.008
6712.65013 16.321 0.008
6722.61094 16.260 0.008
6736.62218 16.149 0.008
6871.93138 16.273 0.008
6887.92970 16.332 0.009
6896.90001 16.298 0.008
6907.88274 16.211 0.008
6926.81182 16.243 0.008
6932.82045 16.210 0.008
6938.80588 16.300 0.008
6942.80339 16.316 0.008
6950.85420 16.316 0.008
6956.85702 16.240 0.008
6961.85162 16.167 0.008
6967.72306 16.304 0.011
6970.75934 16.205 0.008
6972.78311 16.296 0.008
6973.72853 16.194 0.008
6973.77403 16.204 0.008
6974.79900 16.173 0.008
6975.71420 16.320 0.009
6976.84202 16.311 0.008
6977.73804 16.206 0.008
6980.76550 16.310 0.008
6987.79649 16.206 0.008
6992.76864 16.328 0.008
6997.77443 16.311 0.008
7002.71827 16.245 0.008
7007.72957 16.177 0.008
7013.68299 16.328 0.008
7015.77083 16.222 0.008
7016.66624 16.189 0.008
7017.69846 16.316 0.008
7018.68389 16.308 0.008
7019.74684 16.269 0.008
7020.65863 16.174 0.008
7024.76652 16.176 0.008
7028.71970 16.200 0.008
7032.77406 16.221 0.008
7037.74945 16.166 0.007
7042.74706 16.228 0.007
7047.71023 16.300 0.008
7051.73882 16.303 0.008
7056.67923 16.326 0.009
7060.67824 16.331 0.008
7061.70650 16.271 0.008
7062.67099 16.176 0.008
7062.69770 16.179 0.008
7064.72165 16.322 0.008
7065.70672 16.270 0.008
7066.70242 16.198 0.008
7069.66764 16.299 0.008
7074.67889 16.219 0.009
7080.59459 16.290 0.008
7083.62137 16.189 0.008
7086.63039 16.271 0.008
7091.61037 16.201 0.008
7103.57836 16.256 0.008
7110.51316 16.330 0.008
7112.58866 16.205 0.008
7115.58524 16.320 0.009
7119.54329 16.318 0.008
7131.53884 16.313 0.008
7134.50915 16.170 0.008
7137.53906 16.235 0.008
7143.50371 16.277 0.011
7277.91044 16.283 0.011
7292.84315 16.210 0.008
7294.80686 16.267 0.008
7297.80556 16.318 0.008
7304.88446 16.184 0.008
7312.80186 16.193 0.008
7322.75617 16.281 0.009
7327.85890 16.295 0.009
7339.76729 16.300 0.008
7345.72586 16.251 0.008
7354.80271 16.223 0.008
7361.82555 16.310 0.008
7366.69811 16.242 0.008
7373.85149 16.286 0.008
7377.82340 16.266 0.008
7382.72164 16.313 0.008
7385.73513 16.248 0.008
7390.75696 16.310 0.008
7399.76157 16.312 0.009
7404.75118 16.256 0.008
7408.72428 16.280 0.008
7410.72567 16.188 0.008
7413.68842 16.207 0.008
7416.69535 16.301 0.008
7424.63775 16.310 0.008
7427.66923 16.228 0.008
7431.66463 16.211 0.007
7435.65757 16.184 0.008
7439.66409 16.185 0.008
7443.63496 16.184 0.008
7449.64070 16.310 0.008
7453.61606 16.316 0.008
7462.62984 16.314 0.008
7466.57731 16.312 0.008
7472.58410 16.219 0.008
7476.53983 16.212 0.008
7488.49363 16.250 0.008
7499.51675 16.293 0.008
7507.48895 16.240 0.008
