5261.65728 16.104 0.007
5262.65131 16.250 0.008
5264.62041 16.028 0.008
5265.61990 16.067 0.008
5266.61385 16.245 0.008
5267.62565 16.165 0.008
5268.60804 16.040 0.008
5269.57745 16.034 0.008
5270.57968 16.225 0.008
5271.58695 16.182 0.008
5273.57525 16.015 0.008
5274.60651 16.178 0.008
5276.58588 16.098 0.007
5279.57406 16.228 0.008
5281.56423 16.018 0.007
5282.56882 16.063 0.008
5285.55890 16.052 0.009
5287.55245 16.222 0.009
5289.54601 16.085 0.008
5290.48889 16.012 0.008
5293.48479 16.078 0.008
5295.51365 16.138 0.008
5296.58881 16.223 0.008
5297.53642 16.149 0.008
5299.51900 16.066 0.008
5301.54203 16.165 0.008
5305.53969 16.208 0.008
5307.47607 16.005 0.008
5308.54611 16.154 0.008
5309.56690 16.233 0.008
5311.53305 16.026 0.008
5313.51570 16.229 0.009
5315.49642 16.025 0.008
5321.48292 16.208 0.008
5322.49307 16.181 0.008
5324.49743 15.987 0.008
5326.50490 16.234 0.008
5327.49491 16.130 0.008
5335.48538 16.198 0.008
5342.48558 16.124 0.009
5430.92744 16.235 0.008
5443.86387 16.235 0.008
5445.88507 16.046 0.007
5448.89596 16.181 0.007
5451.83903 16.221 0.008
5454.88829 16.003 0.008
5457.78286 16.079 0.007
5459.91103 16.062 0.009
5463.90322 15.997 0.008
5465.87015 16.197 0.009
5467.86273 15.985 0.007
5468.85172 16.188 0.008
5470.82676 16.093 0.007
5471.87434 15.993 0.007
5473.80919 16.237 0.008
5477.81230 16.218 0.007
5478.83412 16.142 0.007
5481.75798 16.236 0.008
5482.88753 16.218 0.008
5483.79090 16.062 0.008
5484.80335 15.992 0.007
5485.88667 16.111 0.008
5486.78507 16.205 0.008
5487.78632 16.081 0.007
5488.85801 16.006 0.007
5490.84995 16.222 0.008
5491.83794 16.151 0.008
5492.84201 16.024 0.007
5494.73302 16.239 0.008
5495.86224 16.188 0.008
5499.80625 16.202 0.007
5506.77188 16.086 0.007
5509.79924 16.034 0.007
5511.73854 16.238 0.008
5513.76682 16.068 0.007
5515.70165 16.225 0.008
5517.70045 16.070 0.008
5521.74009 16.114 0.008
5523.81903 16.026 0.007
5526.71198 16.009 0.007
5528.76854 16.192 0.007
5529.83688 16.216 0.008
5530.78887 16.091 0.007
5531.75021 15.986 0.006
5533.68236 16.198 0.007
5534.80052 16.129 0.007
5535.83419 16.026 0.008
5539.85372 16.068 0.008
5542.68396 16.143 0.007
5543.84418 16.103 0.008
5544.83951 16.006 0.007
5546.67072 16.202 0.008
5548.78872 16.003 0.007
5550.76060 16.223 0.008
5553.80223 16.031 0.008
5554.82095 16.216 0.008
5556.78325 16.062 0.007
5557.78146 15.998 0.007
5558.79012 16.192 0.008
5560.81730 16.119 0.008
5561.77424 15.999 0.007
5562.81943 16.127 0.008
5563.77996 16.230 0.008
5565.80688 16.007 0.007
5568.81554 16.192 0.008
5569.85844 16.065 0.008
5571.80647 16.214 0.008
5573.82460 16.107 0.008
5575.76943 16.173 0.007
5576.82006 16.231 0.007
5577.78092 16.120 0.008
5578.77775 16.003 0.008
5579.81086 16.079 0.008
5580.75482 16.237 0.008
5581.75902 16.131 0.008
5583.77407 16.044 0.008
5584.70761 16.239 0.008
5585.79508 16.172 0.008
5587.70371 16.017 0.007
5589.76263 16.216 0.008
5590.78385 16.114 0.007
5592.78572 16.146 0.007
5593.70294 16.230 0.008
5594.76807 16.136 0.008
5595.73092 15.993 0.006
5596.76116 16.079 0.008
5597.73046 16.234 0.007
5598.74005 16.169 0.007
5599.75479 16.035 0.007
5600.75440 16.030 0.007
5601.74790 16.237 0.008
5602.73818 16.202 0.007
5604.74278 15.997 0.007
5605.74641 16.203 0.007
5608.72323 16.010 0.008
5609.73281 16.159 0.008
5611.71840 16.161 0.008
5612.71812 16.037 0.008
5615.67966 16.138 0.007
5623.62374 16.210 0.008
5625.65652 16.011 0.008
5627.65288 16.245 0.008
5630.63388 16.101 0.008
5632.59723 16.147 0.008
5634.60869 16.042 0.008
5638.60056 16.016 0.008
5640.56575 16.165 0.008
5642.54197 16.004 0.007
5644.54227 16.214 0.007
5646.53800 15.995 0.007
5648.54081 16.224 0.008
5650.57055 16.035 0.007
5653.58794 16.174 0.007
5655.56681 15.997 0.007
5657.56600 16.206 0.008
5659.58599 16.005 0.008
5667.54088 16.049 0.008
5668.53031 16.047 0.008
5671.54343 16.072 0.008
5674.55008 16.218 0.008
5675.54068 16.091 0.008
5677.53982 16.123 0.007
5681.51772 16.074 0.008
5683.52139 16.154 0.008
5686.51451 16.222 0.008
5687.50067 16.201 0.008
5692.48145 16.096 0.008
5695.49288 16.228 0.008
5697.49487 16.007 0.008
5700.49235 16.169 0.009
5786.93588 16.195 0.008
5802.88939 16.001 0.007
5805.86504 16.086 0.007
5807.91160 16.132 0.008
5810.88064 16.015 0.007
5813.85256 16.128 0.007
5817.87710 16.179 0.007
5820.86039 16.199 0.007
5823.85288 16.005 0.007
5825.88680 16.226 0.007
5827.87422 16.031 0.006
5830.86544 16.169 0.007
5832.84672 16.003 0.006
5834.83186 16.181 0.007
5836.81473 15.989 0.006
5838.84369 16.214 0.008
5840.87422 16.010 0.007
5844.80245 16.029 0.008
5850.87822 16.179 0.008
5851.85356 16.216 0.007
5855.86512 16.216 0.007
5856.87153 16.155 0.008
5857.87214 16.026 0.008
5860.84301 16.159 0.007
5861.86558 16.057 0.007
5862.82305 16.006 0.006
5864.76060 16.161 0.007
5866.82295 15.980 0.007
5870.81652 16.019 0.007
5871.77570 16.139 0.007
5873.78910 16.112 0.007
5874.82775 16.050 0.008
5878.85589 16.066 0.008
5881.76616 16.184 0.008
5882.82764 16.086 0.007
5885.82720 16.223 0.008
5886.84171 16.121 0.008
5887.82538 16.010 0.006
5890.83687 16.160 0.007
5891.82391 16.039 0.007
5893.73537 16.222 0.007
5895.77607 16.060 0.008
5896.82342 15.993 0.007
5897.85967 16.151 0.008
5898.81718 16.210 0.008
5899.79657 16.098 0.007
5900.85436 16.016 0.007
5901.84344 16.071 0.007
5902.79737 16.227 0.008
5903.83186 16.174 0.007
5904.80011 16.024 0.007
5905.80531 16.040 0.007
5906.79841 16.221 0.008
5907.78063 16.168 0.007
5908.79697 16.052 0.007
5910.80808 16.192 0.007
5911.75569 16.188 0.007
5912.83769 16.117 0.007
5913.84331 15.992 0.007
5914.83277 16.123 0.007
5915.79634 16.215 0.006
5916.83043 16.121 0.006
5917.79359 16.027 0.006
5922.84621 15.990 0.006
5924.79321 16.182 0.006
5925.83154 16.074 0.008
5927.79288 16.176 0.007
5929.81466 16.112 0.007
5931.76229 16.129 0.007
5932.78705 16.228 0.007
5933.81405 16.135 0.008
5934.81549 16.036 0.008
5937.76019 16.148 0.007
5938.78027 16.072 0.007
5939.78363 15.993 0.007
5940.79888 16.181 0.007
5941.78441 16.193 0.008
5942.80903 16.105 0.007
5943.78257 16.014 0.007
5944.77368 16.168 0.007
5945.75505 16.208 0.007
5946.79524 16.130 0.007
5947.76139 16.011 0.007
5948.75043 16.097 0.007
5949.76602 16.253 0.008
5950.71865 16.130 0.006
5952.79334 16.018 0.006
5954.74056 16.173 0.006
5956.75653 16.008 0.006
5959.74524 16.092 0.007
5962.66423 16.214 0.007
5963.72484 16.142 0.008
5965.67519 16.112 0.007
5967.75429 16.169 0.008
5969.72333 16.016 0.007
5972.73275 16.092 0.007
5974.66198 16.225 0.007
5976.69095 16.108 0.007
5977.70266 15.992 0.006
5979.70207 16.224 0.008
5981.66825 16.007 0.007
5982.68929 16.073 0.006
5984.68904 16.157 0.007
5986.69614 16.015 0.006
5988.67493 16.196 0.008
5989.66018 16.066 0.007
5990.64581 16.004 0.007
5992.66767 16.212 0.008
5994.66057 16.006 0.007
5995.68023 16.103 0.008
5997.64334 16.139 0.008
5999.67056 16.029 0.006
6001.61060 16.156 0.007
6001.62159 16.154 0.007
6004.63383 16.222 0.008
6009.59485 16.203 0.008
6017.58841 16.216 0.007
6018.59191 16.137 0.008
6019.61985 16.074 0.007
6021.60131 16.198 0.008
6022.61484 16.189 0.008
6023.58717 16.081 0.007
6024.60997 15.982 0.008
6033.57498 16.035 0.008
6035.54888 16.163 0.007
6037.54305 16.006 0.008
6038.54905 16.222 0.008
6039.55356 16.200 0.008
6040.54082 16.066 0.007
6042.53908 16.159 0.008
6047.53047 16.227 0.008
6048.51453 16.106 0.007
6049.52285 16.028 0.007
6052.51473 16.168 0.008
6056.50783 16.190 0.008
6059.50394 16.151 0.007
6068.47498 16.226 0.007
6080.46313 16.081 0.008
6149.91306 16.023 0.007
6160.92653 16.218 0.007
6173.90455 16.228 0.008
6183.90345 16.052 0.006
6185.88063 16.197 0.007
6196.81286 16.005 0.006
6199.86462 16.192 0.008
6202.86838 16.193 0.007
6207.85110 16.218 0.008
6208.85139 16.123 0.007
6214.85348 15.995 0.007
6216.88248 16.181 0.007
6218.85602 15.971 0.006
6220.76164 16.219 0.008
6223.82199 16.098 0.006
6226.78203 16.001 0.007
6230.79866 16.035 0.008
6233.85262 16.206 0.007
6236.86863 16.115 0.007
6241.84697 16.237 0.007
6244.85616 15.998 0.007
6248.82361 16.004 0.006
6251.81420 16.108 0.006
6254.75985 16.204 0.007
6257.84059 16.029 0.007
6262.77666 16.225 0.007
6265.84158 16.003 0.006
6269.81696 16.011 0.006
6275.82126 16.219 0.007
6280.77430 16.194 0.007
6284.83730 16.247 0.007
6288.74527 16.210 0.007
6292.81485 16.207 0.007
6297.76220 16.199 0.008
6303.76923 16.057 0.006
6308.77824 15.992 0.007
6318.68409 16.240 0.008
6321.71357 16.033 0.007
6322.68537 16.244 0.008
6338.63597 16.058 0.006
6355.56258 16.068 0.006
6361.61033 16.207 0.006
6369.58821 16.209 0.007
6375.58517 16.051 0.006
6382.55131 16.237 0.007
6390.54408 16.212 0.007
6399.49001 16.208 0.007
6510.92828 15.986 0.007
6521.91371 16.201 0.007
6537.89041 16.223 0.007
6552.85165 16.059 0.006
6568.86848 16.193 0.007
6575.86565 16.078 0.006
6582.80917 16.037 0.006
6595.79561 16.028 0.006
6607.80326 16.137 0.007
6614.75397 16.233 0.007
6618.80960 16.161 0.007
6627.78499 16.225 0.006
6637.83749 16.147 0.006
6644.81552 16.207 0.007
6650.79076 16.118 0.006
6654.78465 16.152 0.006
6659.69467 16.029 0.006
6663.78483 16.104 0.007
6668.78804 16.038 0.006
6674.72919 16.222 0.008
6680.79238 16.126 0.007
6685.74459 16.040 0.007
6693.66984 16.054 0.006
6698.71661 15.998 0.008
6703.68068 16.068 0.008
6708.68408 16.215 0.007
6712.68435 16.169 0.007
6715.67497 16.016 0.006
6729.66768 16.126 0.007
6741.63456 15.988 0.006
6874.93813 16.078 0.008
6884.91043 16.054 0.007
6909.91333 16.025 0.008
6921.84806 16.060 0.007
6928.80983 16.224 0.007
6936.81535 16.228 0.007
6939.82398 16.014 0.008
6949.84139 16.241 0.008
6955.81665 16.102 0.007
6961.86665 16.033 0.007
6967.80099 16.210 0.008
6973.78004 15.997 0.007
6978.76109 16.069 0.007
6984.75497 16.193 0.008
6990.76133 16.013 0.008
6995.78100 16.008 0.007
7000.81758 16.161 0.007
7004.82658 16.078 0.007
7008.79826 16.028 0.007
7012.75487 16.017 0.007
7015.77553 16.101 0.007
7019.77635 16.130 0.007
7023.78481 16.164 0.008
7026.77628 16.227 0.008
7030.78867 16.169 0.007
7034.74272 16.134 0.007
7038.76783 16.053 0.007
7042.76201 15.996 0.006
7048.74429 16.240 0.007
7053.70107 16.158 0.008
7057.70831 16.169 0.008
7062.70278 16.093 0.007
7068.69471 16.091 0.007
7075.68713 16.083 0.007
7080.63787 15.989 0.008
7082.62659 16.236 0.008
7085.64225 16.083 0.007
7088.62349 16.016 0.007
7091.62563 16.193 0.008
7098.60827 16.159 0.007
7103.62382 16.252 0.008
7104.59115 16.148 0.006
7104.59649 16.153 0.006
7111.59459 16.197 0.007
7114.56813 15.965 0.007
7117.57117 16.108 0.007
7120.56852 16.239 0.008
7127.54747 15.990 0.007
7132.55492 16.120 0.008
7135.53785 16.012 0.007
7139.52316 16.046 0.007
7142.50100 16.166 0.007
7282.89141 16.048 0.008
7291.89158 16.024 0.007
7294.85437 16.125 0.008
7299.86118 16.044 0.008
7306.82255 16.209 0.008
7312.81699 16.022 0.008
7324.74965 16.112 0.009
7341.73304 16.124 0.008
7346.76041 16.037 0.007
7355.71818 15.992 0.007
7366.74743 16.198 0.007
7374.85063 16.243 0.007
7377.83807 16.004 0.007
7382.73668 16.251 0.008
7386.71701 16.174 0.007
7389.75987 16.030 0.007
7398.71447 16.000 0.007
7402.77106 16.013 0.006
7405.74454 16.147 0.007
7409.71353 16.158 0.008
7413.70323 16.204 0.008
7425.69713 16.235 0.007
7429.66416 16.186 0.007
7436.64013 16.005 0.006
7441.64680 16.032 0.007
7445.62592 15.994 0.007
7450.62899 16.147 0.007
7457.60000 16.048 0.006
7463.60074 16.217 0.007
7467.56157 16.178 0.008
7471.59261 16.066 0.008
7475.56648 16.019 0.007
7487.51056 16.017 0.008
7495.49033 16.071 0.008
7508.47743 16.059 0.007
