5261.55558 16.414 0.008
5261.57982 16.410 0.008
5262.57301 16.422 0.008
5262.59135 16.420 0.008
5264.53953 16.343 0.008
5264.55446 16.360 0.008
5265.53441 16.314 0.008
5265.55586 16.320 0.008
5266.53621 16.271 0.008
5266.55185 16.286 0.008
5267.53498 16.258 0.008
5268.54682 16.293 0.008
5269.51899 16.386 0.008
5271.52772 16.404 0.008
5273.51694 16.363 0.008
5274.54816 16.334 0.008
5275.54654 16.293 0.008
5277.54258 16.266 0.008
5280.52887 16.415 0.008
5281.55093 16.409 0.008
5282.50930 16.363 0.008
5283.52346 16.346 0.009
5284.52905 16.300 0.008
5285.52929 16.260 0.009
5286.50382 16.260 0.008
5288.52193 16.386 0.009
5291.51408 16.392 0.008
5294.52366 16.274 0.008
5296.55315 16.282 0.008
5298.53762 16.391 0.008
5301.49778 16.378 0.009
5306.47700 16.378 0.008
5309.52165 16.401 0.009
5312.49293 16.291 0.009
5314.48736 16.274 0.009
5324.46824 16.315 0.009
5326.47610 16.390 0.008
5328.46731 16.385 0.008
5337.46353 16.393 0.010
5341.46197 16.256 0.009
5343.46439 16.343 0.010
5429.91758 16.245 0.007
5430.86886 16.279 0.008
5439.87734 16.249 0.008
5449.89592 16.282 0.008
5451.90495 16.391 0.009
5454.86089 16.365 0.008
5456.88658 16.283 0.007
5457.86899 16.236 0.007
5462.83796 16.389 0.009
5465.84114 16.277 0.008
5468.79398 16.366 0.008
5469.84604 16.384 0.007
5471.81674 16.395 0.008
5476.76093 16.256 0.007
5478.75790 16.398 0.008
5480.77521 16.410 0.009
5482.75096 16.334 0.008
5483.72733 16.276 0.008
5484.88859 16.297 0.009
5485.76954 16.257 0.008
5486.84771 16.273 0.008
5488.72622 16.409 0.008
5489.74737 16.403 0.008
5490.83724 16.406 0.008
5492.75711 16.293 0.009
5493.77946 16.259 0.008
5494.82417 16.240 0.008
5495.78128 16.285 0.008
5496.77914 16.361 0.008
5497.80933 16.404 0.008
5499.71628 16.382 0.008
5502.78643 16.270 0.007
5503.74166 16.235 0.007
5505.71134 16.365 0.008
5506.72825 16.387 0.007
5507.74695 16.409 0.008
5509.65536 16.348 0.008
5509.74332 16.370 0.008
5509.84878 16.401 0.008
5510.71126 16.314 0.007
5510.77841 16.347 0.008
5510.84842 16.368 0.008
5511.68680 16.264 0.008
5511.78469 16.305 0.008
5511.84676 16.321 0.008
5512.73051 16.247 0.008
5512.79763 16.259 0.007
5512.86642 16.298 0.009
5513.70077 16.280 0.008
5513.80598 16.236 0.008
5513.85990 16.247 0.008
5514.73330 16.325 0.008
5514.79947 16.279 0.007
5514.86551 16.259 0.008
5515.65056 16.404 0.008
5515.76925 16.370 0.008
5515.85868 16.331 0.008
5516.73610 16.394 0.009
5516.80251 16.407 0.008
5516.86934 16.375 0.010
5517.64850 16.384 0.008
5517.76360 16.410 0.008
5517.85012 16.403 0.008
5518.74565 16.391 0.009
5518.82568 16.409 0.008
5519.66916 16.327 0.009
5519.78558 16.368 0.008
5519.86585 16.385 0.010
5521.68889 16.246 0.008
5521.78793 16.282 0.008
5521.85838 16.305 0.008
5522.71399 16.248 0.011
5522.74825 16.242 0.008
5522.81542 16.249 0.008
5522.85406 16.259 0.008
5523.67872 16.330 0.008
5523.74878 16.283 0.008
5523.84771 16.248 0.008
5524.68215 16.367 0.008
5524.75906 16.351 0.008
5524.85690 16.274 0.008
5525.68520 16.401 0.008
5525.77083 16.389 0.008
5525.85672 16.350 0.008
5526.67228 16.380 0.008
5526.76253 16.410 0.008
5526.85688 16.381 0.008
5527.64950 16.345 0.008
5527.75298 16.390 0.008
5527.85933 16.399 0.008
5528.65721 16.323 0.009
5528.76111 16.367 0.008
5528.85462 16.393 0.008
5528.86019 16.394 0.008
5529.63795 16.279 0.008
5529.75726 16.328 0.008
5529.85021 16.355 0.008
5530.71620 16.272 0.008
5531.79851 16.249 0.007
5532.70639 16.286 0.007
5533.69615 16.372 0.008
5534.76139 16.389 0.008
5535.70452 16.417 0.008
5536.74068 16.403 0.008
5539.71743 16.283 0.007
5540.80155 16.278 0.008
5541.66773 16.285 0.008
5542.72615 16.316 0.008
5543.75758 16.375 0.008
5544.74519 16.413 0.008
5545.73446 16.410 0.008
5546.68411 16.382 0.008
5547.74386 16.363 0.008
5548.70384 16.296 0.008
5549.66838 16.252 0.008
5550.72380 16.246 0.008
5551.67435 16.322 0.008
5553.72734 16.406 0.008
5554.66071 16.407 0.008
5556.67529 16.351 0.008
5557.65646 16.282 0.007
5558.65739 16.251 0.007
5559.64754 16.250 0.008
5560.63917 16.316 0.008
5561.67280 16.367 0.008
5562.69236 16.406 0.008
5563.62635 16.413 0.008
5565.65759 16.350 0.008
5566.68490 16.319 0.009
5568.70517 16.245 0.008
5569.69972 16.254 0.008
5570.73757 16.290 0.008
5571.66961 16.396 0.008
5572.78619 16.396 0.008
5575.69177 16.339 0.008
5576.66598 16.275 0.007
5577.66754 16.242 0.008
5578.67243 16.241 0.008
5579.71791 16.287 0.008
5579.72468 16.289 0.008
5580.66837 16.375 0.008
5581.67039 16.411 0.008
5582.67862 16.415 0.008
5583.68540 16.388 0.008
5584.67140 16.350 0.008
5585.67126 16.295 0.009
5586.63503 16.257 0.007
5587.61715 16.255 0.008
5588.72109 16.262 0.007
5589.62642 16.385 0.009
5591.66453 16.418 0.010
5592.64675 16.389 0.008
5594.64591 16.321 0.007
5595.62350 16.262 0.007
5596.68773 16.250 0.007
5597.60516 16.313 0.009
5598.66930 16.330 0.007
5599.63511 16.394 0.009
5600.66785 16.415 0.009
5601.64747 16.394 0.010
5602.64618 16.382 0.008
5603.65495 16.357 0.008
5604.65208 16.290 0.008
5605.65645 16.251 0.007
5606.66855 16.250 0.008
5607.67905 16.306 0.008
5608.66683 16.389 0.008
5609.69857 16.401 0.008
5611.62843 16.388 0.010
5612.68164 16.374 0.009
5613.64317 16.312 0.008
5614.63649 16.256 0.008
5615.63055 16.239 0.007
5616.63789 16.301 0.008
5619.62983 16.417 0.008
5620.57235 16.372 0.008
5622.62447 16.316 0.008
5623.58738 16.258 0.008
5624.52849 16.259 0.008
5625.62013 16.284 0.008
5626.58124 16.378 0.008
5627.54594 16.415 0.008
5629.55164 16.375 0.008
5630.59763 16.365 0.008
5632.54568 16.255 0.008
5633.59474 16.249 0.008
5634.55513 16.296 0.008
5635.55944 16.357 0.008
5638.56408 16.407 0.009
5639.57431 16.380 0.009
5640.51331 16.281 0.011
5641.54098 16.272 0.008
5642.48921 16.247 0.009
5643.48698 16.299 0.013
5644.48875 16.386 0.009
5645.48848 16.397 0.013
5646.50149 16.406 0.008
5647.50343 16.409 0.008
5648.50330 16.359 0.008
5649.51888 16.341 0.008
5650.49929 16.277 0.008
5651.50527 16.251 0.009
5652.50019 16.267 0.008
5653.53032 16.321 0.008
5654.53877 16.384 0.008
5655.52997 16.412 0.008
5656.53886 16.413 0.007
5656.57256 16.420 0.008
5657.49882 16.382 0.008
5659.49810 16.298 0.008
5660.54350 16.264 0.008
5664.47770 16.429 0.010
5665.49293 16.419 0.009
5666.48975 16.386 0.009
5667.47121 16.351 0.009
5668.47749 16.310 0.010
5669.47151 16.247 0.008
5670.52179 16.244 0.008
5671.47333 16.292 0.009
5672.46785 16.387 0.009
5674.47505 16.410 0.009
5675.46922 16.401 0.011
5676.52414 16.376 0.005
5677.46512 16.317 0.008
5678.50016 16.274 0.007
5679.46746 16.242 0.008
5680.51591 16.250 0.008
5681.47891 16.341 0.008
5682.47940 16.401 0.009
5683.48439 16.415 0.008
5684.48859 16.412 0.008
5685.46021 16.354 0.012
5686.46209 16.324 0.008
5687.46281 16.264 0.010
5691.45575 16.401 0.013
5692.50030 16.415 0.010
5694.46187 16.391 0.009
5695.45630 16.334 0.010
5696.46524 16.304 0.009
5697.45513 16.261 0.010
5699.46467 16.286 0.010
5700.45626 16.368 0.010
5702.45316 16.437 0.013
5783.92992 16.359 0.007
5795.91940 16.232 0.008
5803.86473 16.274 0.007
5805.82916 16.288 0.008
5806.88020 16.322 0.007
5809.84149 16.414 0.007
5810.84455 16.373 0.008
5812.83736 16.282 0.008
5814.85418 16.241 0.008
5815.86581 16.320 0.009
5816.83994 16.397 0.011
5817.84053 16.403 0.009
5818.86966 16.421 0.008
5819.82360 16.382 0.008
5820.89105 16.379 0.008
5822.74756 16.242 0.008
5822.81126 16.259 0.008
5822.86266 16.275 0.007
5822.90839 16.282 0.008
5823.74889 16.271 0.008
5823.81874 16.263 0.009
5823.88612 16.249 0.007
5824.74613 16.355 0.008
5824.80808 16.313 0.007
5824.85964 16.287 0.007
5824.89908 16.270 0.008
5825.74572 16.412 0.007
5825.79633 16.390 0.007
5825.85038 16.361 0.007
5825.90279 16.332 0.008
5826.72672 16.410 0.008
5826.78767 16.416 0.008
5826.84481 16.430 0.008
5826.90284 16.390 0.008
5827.71453 16.399 0.011
5827.77986 16.421 0.008
5827.83878 16.432 0.007
5827.90122 16.430 0.008
5828.71520 16.366 0.007
5828.80057 16.391 0.008
5828.85142 16.415 0.007
5828.90140 16.423 0.008
5829.72135 16.330 0.007
5829.77199 16.340 0.008
5829.83771 16.375 0.007
5829.90021 16.378 0.008
5830.71279 16.289 0.009
5830.76800 16.288 0.007
5830.82924 16.325 0.007
5830.89866 16.357 0.008
5831.82159 16.268 0.007
5832.81107 16.250 0.007
5833.79538 16.301 0.007
5834.79632 16.376 0.007
5835.85622 16.406 0.008
5836.75942 16.425 0.007
5837.84156 16.417 0.008
5839.82370 16.326 0.008
5840.80664 16.287 0.007
5841.80366 16.243 0.007
5842.82187 16.245 0.008
5843.83732 16.307 0.008
5845.80137 16.426 0.010
5846.81281 16.402 0.009
5850.77660 16.254 0.007
5851.78569 16.254 0.008
5852.76813 16.311 0.008
5853.83916 16.379 0.010
5854.74319 16.430 0.007
5855.81320 16.419 0.007
5856.78572 16.391 0.008
5857.77004 16.364 0.010
5858.81997 16.326 0.008
5859.78789 16.276 0.007
5860.77352 16.250 0.007
5861.78254 16.289 0.007
5862.83585 16.336 0.005
5863.78444 16.411 0.008
5864.69302 16.406 0.007
5865.76162 16.397 0.008
5866.78670 16.366 0.008
5867.72412 16.311 0.010
5868.82705 16.310 0.007
5869.79257 16.237 0.007
5870.73240 16.298 0.007
5871.71844 16.381 0.008
5872.72781 16.413 0.008
5873.72300 16.414 0.008
5874.75661 16.416 0.009
5875.69252 16.344 0.008
5878.71229 16.233 0.011
5879.67753 16.312 0.008
5880.72896 16.359 0.009
5880.77999 16.332 0.008
5881.71560 16.407 0.008
5882.74636 16.421 0.008
5883.75031 16.418 0.008
5885.68122 16.322 0.008
5886.71768 16.296 0.008
5887.79002 16.277 0.008
5888.77864 16.246 0.010
5889.82504 16.263 0.008
5890.75440 16.365 0.007
5891.71304 16.410 0.008
5892.73081 16.417 0.008
5893.74892 16.396 0.008
5894.77237 16.374 0.010
5895.78947 16.328 0.008
5896.77251 16.281 0.008
5897.71931 16.221 0.007
5898.70150 16.293 0.007
5899.76068 16.353 0.007
5900.71029 16.422 0.008
5901.75959 16.440 0.008
5902.71083 16.401 0.008
5903.76599 16.394 0.008
5904.74057 16.337 0.008
5905.71465 16.276 0.008
5906.72654 16.230 0.008
5907.70293 16.284 0.008
5909.77443 16.386 0.008
5910.68719 16.417 0.008
5911.71906 16.404 0.008
5912.73957 16.382 0.008
5913.71146 16.357 0.007
5914.73411 16.294 0.007
5915.69110 16.239 0.007
5916.74498 16.236 0.007
5917.70861 16.316 0.007
5922.72563 16.357 0.007
5923.70189 16.306 0.007
5924.68319 16.257 0.007
5925.69721 16.244 0.008
5926.70904 16.288 0.008
5927.70801 16.365 0.008
5929.68219 16.421 0.009
5930.82735 16.420 0.007
5931.64774 16.356 0.011
5932.64517 16.303 0.008
5933.69559 16.272 0.008
5934.69206 16.235 0.007
5935.64287 16.281 0.009
5935.80636 16.244 0.008
5936.63705 16.376 0.008
5937.66728 16.399 0.008
5938.66770 16.418 0.008
5939.71140 16.402 0.008
5940.74690 16.397 0.007
5941.74767 16.359 0.008
5942.77202 16.322 0.007
5943.72950 16.269 0.007
5944.72436 16.253 0.007
5945.70264 16.307 0.007
5946.64237 16.399 0.007
5946.75925 16.344 0.008
5947.70938 16.419 0.009
5948.69864 16.416 0.007
5949.71482 16.388 0.008
5950.63587 16.337 0.008
5951.66118 16.289 0.009
5952.68575 16.267 0.007
5953.68373 16.239 0.008
5954.68131 16.293 0.007
5955.70328 16.355 0.008
5956.70396 16.413 0.007
5958.72111 16.411 0.007
5959.69242 16.373 0.008
5960.69350 16.333 0.007
5961.62689 16.255 0.008
5962.62782 16.247 0.008
5963.59447 16.325 0.008
5964.60646 16.381 0.008
5965.60543 16.411 0.008
5967.62758 16.407 0.008
5968.62768 16.360 0.008
5969.60366 16.320 0.008
5970.58116 16.269 0.007
5971.67407 16.245 0.007
5972.66044 16.255 0.007
5973.64349 16.330 0.007
5974.59853 16.410 0.008
5976.63270 16.422 0.008
5977.66621 16.381 0.008
5978.64210 16.348 0.007
5979.59286 16.271 0.007
5980.60852 16.249 0.008
5981.63201 16.264 0.008
5982.63788 16.313 0.008
5983.68055 16.380 0.007
5984.61955 16.427 0.008
5985.65190 16.418 0.008
5986.58165 16.375 0.008
5987.65675 16.360 0.007
5988.62310 16.323 0.008
5989.58763 16.249 0.007
5990.58112 16.267 0.008
5991.65613 16.270 0.008
5992.61634 16.381 0.008
5993.57324 16.414 0.008
5994.57193 16.407 0.008
5995.61961 16.401 0.008
5996.58972 16.344 0.009
5997.59186 16.312 0.008
5998.59021 16.265 0.007
5998.65067 16.294 0.008
5999.62896 16.245 0.007
6000.60634 16.278 0.007
6002.57007 16.411 0.010
6003.53616 16.416 0.008
6004.57495 16.393 0.008
6005.54606 16.355 0.008
6006.52584 16.307 0.007
6007.51017 16.244 0.007
6007.61336 16.279 0.008
6007.61568 16.309 0.009
6008.53688 16.244 0.007
6008.59750 16.250 0.007
6009.49379 16.325 0.008
6009.57220 16.266 0.008
6010.48667 16.400 0.010
6010.58959 16.336 0.008
6011.48213 16.401 0.014
6011.55186 16.395 0.008
6011.62340 16.383 0.008
6012.52861 16.410 0.008
6012.60483 16.402 0.009
6013.53267 16.395 0.008
6013.60528 16.409 0.008
6014.55166 16.380 0.008
6014.60077 16.377 0.008
6015.54679 16.324 0.007
6015.58192 16.341 0.007
6016.58763 16.313 0.007
6017.55051 16.246 0.007
6018.50497 16.285 0.008
6019.55072 16.328 0.008
6020.57643 16.394 0.008
6021.56451 16.418 0.008
6022.57456 16.425 0.008
6023.55006 16.394 0.008
6024.57290 16.347 0.010
6025.57293 16.320 0.008
6026.51922 16.254 0.008
6028.55600 16.304 0.008
6033.48145 16.340 0.008
6034.48707 16.289 0.008
6035.51244 16.256 0.008
6036.48927 16.254 0.008
6037.48900 16.312 0.008
6038.48070 16.395 0.009
6039.48738 16.409 0.009
6040.48967 16.405 0.008
6042.48729 16.344 0.008
6047.46436 16.350 0.010
6048.46307 16.431 0.010
6049.48640 16.406 0.008
6050.46199 16.409 0.009
6052.47769 16.316 0.008
6053.47427 16.272 0.008
6055.48333 16.265 0.008
6056.47034 16.324 0.008
6057.46621 16.389 0.008
6058.45772 16.415 0.009
6059.46751 16.401 0.008
6060.47030 16.400 0.008
6061.46077 16.327 0.009
6123.90494 16.253 0.007
6137.90288 16.423 0.008
6149.92649 16.345 0.008
6165.90270 16.419 0.008
6171.86850 16.257 0.007
6173.91806 16.384 0.008
6179.88743 16.265 0.008
6179.89452 16.264 0.008
6180.84704 16.265 0.008
6181.86126 16.314 0.007
6182.86582 16.395 0.007
6183.86747 16.415 0.007
6184.89405 16.410 0.007
6185.84373 16.384 0.007
6186.84075 16.345 0.007
6191.87082 16.353 0.007
6193.85809 16.418 0.008
6194.87477 16.390 0.006
6196.86257 16.323 0.007
6199.81157 16.303 0.008
6202.81902 16.400 0.008
6204.85410 16.378 0.007
6207.86484 16.274 0.008
6208.78115 16.296 0.008
6210.86358 16.393 0.008
6212.81635 16.421 0.008
6214.86751 16.365 0.008
6216.81418 16.258 0.007
6219.79915 16.387 0.008
6221.81243 16.408 0.008
6222.80199 16.384 0.008
6223.77042 16.344 0.007
6224.83499 16.322 0.007
6225.71800 16.252 0.008
6226.73034 16.274 0.008
6229.77494 16.411 0.008
6230.71676 16.399 0.009
6231.74156 16.394 0.008
6232.80749 16.366 0.008
6233.81357 16.334 0.007
6234.81794 16.285 0.007
6235.76490 16.245 0.007
6236.78286 16.282 0.007
6237.85888 16.312 0.007
6238.81661 16.388 0.007
6239.79059 16.414 0.008
6240.83388 16.422 0.008
6241.78752 16.361 0.008
6242.83042 16.356 0.007
6243.79886 16.290 0.007
6244.73170 16.246 0.007
6245.75613 16.278 0.007
6248.77280 16.411 0.007
6251.76343 16.342 0.006
6254.77330 16.264 0.006
6257.80056 16.391 0.008
6262.72541 16.267 0.006
6265.79697 16.323 0.006
6270.81330 16.347 0.007
6274.80462 16.301 0.006
6278.75200 16.388 0.007
6282.77486 16.256 0.007
6286.70813 16.401 0.007
6289.77743 16.316 0.007
6294.79748 16.381 0.007
6298.74566 16.328 0.007
6299.75530 16.288 0.007
6304.73582 16.419 0.007
6306.69807 16.383 0.007
6312.67037 16.401 0.007
6317.68148 16.310 0.007
6323.65475 16.417 0.007
6329.61394 16.335 0.007
6333.60433 16.373 0.007
6340.61696 16.414 0.007
6343.56076 16.345 0.008
6347.58709 16.297 0.007
6356.60452 16.255 0.007
6363.52130 16.273 0.007
6371.53521 16.369 0.007
6378.52955 16.409 0.008
6387.51975 16.429 0.008
6396.52581 16.419 0.007
6404.51100 16.378 0.008
6416.48713 16.388 0.007
6508.91631 16.271 0.007
6520.87934 16.379 0.006
6531.88859 16.405 0.007
6547.85592 16.357 0.007
6561.82391 16.345 0.007
6569.89368 16.381 0.007
6577.86391 16.410 0.006
6583.77734 16.276 0.007
6608.81750 16.327 0.006
6612.75366 16.352 0.007
6616.71552 16.360 0.007
6622.76946 16.377 0.007
6628.79518 16.270 0.007
6638.72244 16.255 0.006
6645.72035 16.332 0.007
6649.72686 16.340 0.007
6654.74223 16.345 0.007
6658.76151 16.298 0.006
6662.72445 16.369 0.007
6667.77903 16.261 0.007
6672.76068 16.370 0.007
6680.75496 16.398 0.007
6690.63756 16.366 0.006
6697.69828 16.387 0.006
6705.66154 16.351 0.007
6712.63088 16.264 0.006
6720.67030 16.311 0.006
6736.60090 16.403 0.008
6871.90576 16.341 0.007
6887.90866 16.402 0.007
6896.87887 16.417 0.009
6907.86146 16.388 0.008
6926.79115 16.358 0.009
6938.78523 16.272 0.008
6942.78270 16.388 0.008
6950.83346 16.340 0.007
6956.83623 16.308 0.007
6961.83087 16.405 0.008
6967.70222 16.302 0.011
6973.70771 16.334 0.007
6980.74455 16.414 0.007
6987.77554 16.329 0.008
6992.74764 16.348 0.007
6997.75272 16.361 0.008
7002.68911 16.286 0.007
7007.71061 16.401 0.008
7013.66397 16.271 0.007
7016.76741 16.388 0.007
7020.75831 16.334 0.008
7024.74748 16.314 0.008
7028.70062 16.375 0.009
7033.75467 16.279 0.007
7037.72680 16.397 0.007
7042.72579 16.276 0.006
7046.72698 16.401 0.007
7051.71015 16.272 0.007
7056.65795 16.361 0.008
7062.64910 16.389 0.007
7074.65701 16.397 0.007
7080.57337 16.386 0.007
7083.60009 16.403 0.009
7086.60817 16.281 0.008
7091.58909 16.400 0.009
7100.60466 16.405 0.008
7103.55689 16.322 0.007
7112.56906 16.364 0.008
7115.56400 16.266 0.008
7119.52413 16.408 0.008
7126.51314 16.354 0.007
7131.51771 16.333 0.007
7134.48802 16.296 0.010
7137.51791 16.407 0.007
7143.48237 16.273 0.009
7273.90266 16.406 0.008
7274.91386 16.367 0.008
7287.88996 16.262 0.008
7292.81351 16.371 0.008
7294.78470 16.277 0.007
7297.78440 16.352 0.008
7304.86291 16.282 0.007
7312.78075 16.303 0.007
7319.75011 16.394 0.008
7322.73253 16.270 0.008
7327.83641 16.404 0.008
7339.74650 16.349 0.007
7345.70459 16.422 0.008
7354.78181 16.384 0.008
7361.80411 16.261 0.007
7366.67638 16.373 0.007
7373.82984 16.378 0.007
7377.80236 16.346 0.007
7382.70021 16.401 0.008
7385.71400 16.370 0.008
7390.73515 16.319 0.007
7399.74041 16.287 0.007
7404.72997 16.363 0.007
7408.70311 16.288 0.007
7410.70448 16.413 0.008
7413.66724 16.379 0.009
7416.67409 16.244 0.007
7424.61651 16.270 0.007
7427.65201 16.323 0.007
7431.64070 16.376 0.007
7435.63511 16.249 0.007
7439.64165 16.407 0.007
7443.61098 16.245 0.006
7449.61902 16.398 0.007
7453.59385 16.246 0.006
7462.60838 16.243 0.006
7466.55606 16.405 0.008
7472.56287 16.263 0.007
7476.51855 16.407 0.007
7488.47239 16.307 0.008
7499.49560 16.234 0.007
7507.46155 16.279 0.008
