5261.55766 13.839 0.005
5261.59934 13.848 0.005
5262.57508 13.999 0.005
5262.59343 14.006 0.005
5264.54162 14.194 0.005
5264.55655 14.197 0.005
5265.53651 14.185 0.005
5265.55794 14.176 0.005
5266.53828 13.937 0.005
5266.55394 13.933 0.005
5267.53706 13.720 0.005
5268.54889 13.802 0.005
5269.52105 13.804 0.005
5271.52978 14.020 0.005
5273.51901 14.215 0.005
5274.55023 14.144 0.005
5275.54859 13.816 0.005
5277.54465 13.823 0.005
5280.53091 14.051 0.005
5281.55299 14.163 0.005
5282.51135 14.237 0.005
5283.52552 14.103 0.005
5284.53111 13.759 0.005
5285.53135 13.752 0.005
5286.50586 13.839 0.005
5288.52397 13.984 0.005
5291.51612 14.229 0.005
5294.52567 13.793 0.005
5296.55517 13.846 0.005
5298.53965 14.112 0.005
5301.49980 13.930 0.005
5306.47901 14.039 0.005
5309.52365 14.151 0.005
5312.49492 13.819 0.005
5314.48934 13.951 0.005
5324.47023 14.070 0.005
5326.47808 14.230 0.005
5328.46929 13.733 0.005
5337.46550 13.726 0.005
5341.46395 14.034 0.005
5343.46634 14.198 0.005
5429.91960 14.118 0.005
5430.87090 14.215 0.005
5439.87941 14.224 0.005
5449.89799 13.987 0.005
5451.90705 13.788 0.005
5454.86299 14.019 0.005
5456.88867 14.205 0.005
5457.87109 14.185 0.005
5462.84006 13.898 0.005
5465.84326 14.233 0.005
5468.79610 13.741 0.005
5471.81890 13.957 0.005
5476.77209 13.774 0.005
5478.76002 13.837 0.005
5480.77736 13.998 0.005
5482.75312 14.179 0.005
5483.72949 14.230 0.005
5485.77169 13.743 0.005
5486.84988 13.799 0.005
5488.72838 13.847 0.005
5489.74953 14.021 0.005
5490.83941 14.113 0.005
5492.75928 14.197 0.005
5493.78162 13.925 0.005
5494.82634 13.733 0.005
5495.78345 13.805 0.005
5496.78130 13.813 0.005
5497.81150 13.900 0.005
5499.71848 14.119 0.005
5502.78861 13.829 0.005
5503.74385 13.751 0.005
5505.71353 13.810 0.005
5506.73100 13.953 0.005
5507.74914 14.051 0.005
5509.65754 14.226 0.005
5510.71344 14.096 0.005
5511.68900 13.760 0.005
5512.73270 13.757 0.005
5513.70295 13.823 0.005
5514.73550 13.823 0.005
5515.65276 13.985 0.005
5516.73830 14.066 0.005
5517.65142 14.170 0.005
5517.85233 14.202 0.005
5518.74785 14.214 0.005
5519.67136 14.029 0.005
5521.69110 13.774 0.005
5522.71620 13.816 0.005
5523.68093 13.835 0.005
5524.68940 14.005 0.005
5525.72244 14.088 0.005
5526.67449 14.179 0.005
5527.75520 14.176 0.005
5528.69624 13.944 0.005
5529.67657 13.725 0.005
5530.68375 13.804 0.005
5531.76695 13.814 0.005
5532.67504 13.883 0.005
5533.69839 14.030 0.005
5534.72993 14.126 0.005
5535.70673 14.214 0.005
5536.70937 14.148 0.005
5539.71966 13.824 0.005
5540.80376 13.805 0.005
5541.66994 13.931 0.005
5542.72835 14.048 0.005
5543.75979 14.154 0.005
5544.74739 14.226 0.005
5545.73666 14.072 0.005
5546.68632 13.746 0.005
5547.74610 13.761 0.005
5548.70605 13.823 0.005
5549.67058 13.814 0.005
5550.72602 13.986 0.005
5551.67655 14.059 0.005
5553.72954 14.222 0.005
5554.66291 14.021 0.005
5556.67751 13.782 0.005
5557.65867 13.818 0.005
5558.65959 13.836 0.005
5559.64976 14.009 0.005
5560.64141 14.086 0.005
5561.67501 14.200 0.005
5562.69456 14.190 0.005
5563.62853 13.944 0.005
5565.65980 13.805 0.005
5566.68709 13.800 0.005
5568.70739 14.016 0.005
5569.70194 14.127 0.005
5570.73976 14.223 0.005
5571.67181 14.139 0.005
5572.78839 13.780 0.005
5575.69397 13.796 0.005
5576.66816 13.936 0.005
5577.66972 14.047 0.005
5578.67651 14.134 0.005
5579.72008 14.222 0.005
5579.72687 14.217 0.005
5580.67056 14.067 0.005
5581.67258 13.732 0.005
5582.68081 13.756 0.005
5583.68759 13.822 0.005
5584.67359 13.805 0.005
5585.67344 13.990 0.005
5586.63721 14.069 0.005
5587.61933 14.163 0.005
5589.62933 14.015 0.005
5591.66669 13.786 0.005
5592.64893 13.815 0.005
5593.63187 13.836 0.005
5594.64808 14.008 0.005
5595.62671 14.094 0.005
5596.68988 14.202 0.005
5597.60732 14.197 0.005
5598.67147 13.915 0.005
5599.63727 13.728 0.005
5600.67002 13.806 0.005
5601.64963 13.813 0.005
5602.64833 13.890 0.005
5603.65709 14.020 0.005
5604.65420 14.125 0.005
5605.65932 14.224 0.005
5606.67068 14.133 0.005
5607.68118 13.801 0.005
5608.66896 13.728 0.005
5609.70070 13.823 0.005
5611.63057 13.955 0.005
5612.68377 14.051 0.005
5613.64529 14.150 0.005
5614.63861 14.229 0.005
5615.63267 14.093 0.005
5616.64144 13.742 0.005
5619.63195 13.823 0.005
5620.57445 13.996 0.005
5622.62657 14.195 0.005
5623.58948 14.232 0.005
5624.53058 14.045 0.005
5625.62223 13.731 0.005
5626.58333 13.779 0.005
5627.54804 13.820 0.005
5629.55374 14.016 0.005
5630.59972 14.098 0.005
5632.54779 14.195 0.005
5633.59683 13.927 0.005
5634.55720 13.728 0.005
5635.56152 13.798 0.005
5638.56614 14.032 0.005
5639.57639 14.124 0.005
5640.51539 14.213 0.005
5641.54304 14.148 0.005
5642.49129 13.865 0.005
5643.48905 13.721 0.005
5644.49079 13.819 0.005
5645.49055 13.801 0.005
5646.50356 13.934 0.005
5647.50550 14.041 0.005
5648.50535 14.148 0.005
5649.52092 14.232 0.005
5650.50133 14.112 0.005
5651.50731 13.768 0.005
5652.50224 13.751 0.005
5653.53234 13.825 0.005
5654.54081 13.806 0.005
5655.53201 13.995 0.005
5656.54091 14.073 0.005
5656.57460 14.081 0.005
5657.50086 14.177 0.005
5659.50015 14.047 0.005
5660.54553 13.729 0.005
5664.47972 14.011 0.005
5665.49495 14.092 0.005
5666.49177 14.197 0.005
5667.47323 14.182 0.005
5668.47950 13.963 0.005
5669.47352 13.709 0.005
5670.52500 13.806 0.005
5671.47533 13.806 0.005
5672.46985 13.872 0.005
5674.47763 14.111 0.005
5675.47122 14.191 0.005
5676.52615 14.151 0.005
5677.46712 13.856 0.005
5678.50215 13.739 0.005
5679.46947 13.826 0.005
5680.51789 13.803 0.005
5681.48090 13.945 0.005
5682.48139 14.045 0.005
5683.48639 14.144 0.005
5684.49059 14.218 0.005
5685.46316 14.093 0.005
5686.46407 13.760 0.005
5687.46480 13.753 0.005
5691.45774 14.064 0.005
5692.50287 14.176 0.005
5694.46439 14.026 0.005
5695.45828 13.736 0.005
5696.46721 13.787 0.005
5697.45710 13.823 0.005
5699.46664 14.027 0.005
5700.45823 14.097 0.005
5702.45512 14.201 0.005
5783.93196 13.783 0.005
5795.92145 14.035 0.005
5803.86679 13.949 0.005
5805.83126 14.155 0.005
5806.88226 14.233 0.005
5809.84356 13.764 0.005
5810.84664 13.824 0.005
5812.83944 13.994 0.005
5814.85626 14.174 0.005
5815.86790 14.215 0.005
5816.84202 14.023 0.005
5817.84263 13.729 0.005
5818.87176 13.789 0.005
5819.82570 13.821 0.005
5820.89312 13.856 0.005
5822.81336 14.089 0.005
5823.88822 14.211 0.005
5824.81017 14.198 0.005
5825.79844 13.951 0.005
5826.84691 13.726 0.005
5827.84089 13.812 0.005
5828.86709 13.812 0.005
5829.83982 13.889 0.005
5830.83207 14.023 0.005
5831.82372 14.120 0.005
5832.81319 14.217 0.005
5833.79751 14.151 0.005
5834.79845 13.847 0.005
5835.85836 13.743 0.005
5836.76156 13.822 0.005
5837.84371 13.807 0.005
5839.82583 14.054 0.005
5840.80879 14.149 0.005
5841.80580 14.225 0.005
5842.82401 14.090 0.005
5843.83946 13.747 0.005
5845.80352 13.827 0.005
5846.81495 13.825 0.005
5850.77875 14.222 0.005
5851.78784 14.027 0.005
5852.77029 13.730 0.005
5853.84133 13.782 0.005
5854.74536 13.816 0.005
5855.81538 13.846 0.005
5856.78788 14.019 0.005
5857.77221 14.099 0.005
5858.82213 14.211 0.005
5859.79007 14.194 0.005
5860.77570 13.940 0.005
5861.78472 13.736 0.005
5862.83804 13.823 0.005
5863.78662 13.819 0.005
5864.69521 13.876 0.005
5865.76478 14.028 0.005
5866.78887 14.121 0.005
5867.72745 14.217 0.005
5868.82926 14.129 0.005
5869.79477 13.823 0.005
5870.73457 13.739 0.005
5871.72065 13.813 0.005
5872.73000 13.801 0.005
5873.72521 13.925 0.005
5874.75879 14.045 0.005
5875.69473 14.138 0.005
5878.73213 13.764 0.005
5879.67973 13.751 0.005
5880.73118 13.824 0.005
5880.78219 13.819 0.005
5881.71780 13.807 0.005
5882.74856 13.984 0.005
5883.75252 14.060 0.005
5885.68342 14.222 0.005
5886.71988 14.030 0.005
5887.79220 13.725 0.005
5888.78085 13.785 0.005
5889.81943 13.815 0.005
5890.75661 13.841 0.005
5891.71525 14.004 0.005
5892.73301 14.092 0.005
5893.75112 14.194 0.005
5894.77457 14.182 0.005
5895.79169 13.910 0.005
5896.77470 13.717 0.005
5897.72152 13.806 0.005
5898.70369 13.805 0.005
5899.76289 13.894 0.005
5900.71250 14.022 0.005
5901.76180 14.121 0.005
5902.71305 14.220 0.005
5903.76820 14.138 0.005
5904.74281 13.814 0.005
5905.71687 13.731 0.005
5906.72877 13.815 0.005
5907.70515 13.797 0.005
5908.73156 13.936 0.005
5909.77663 14.044 0.005
5910.68943 14.136 0.005
5911.72126 14.220 0.005
5912.74176 14.072 0.005
5913.71366 13.751 0.005
5914.73631 13.759 0.005
5915.69332 13.818 0.005
5916.74720 13.814 0.005
5917.71083 13.975 0.005
5922.72785 13.720 0.005
5923.70411 13.775 0.005
5924.68540 13.811 0.005
5925.69942 13.835 0.005
5926.71123 14.005 0.005
5927.71023 14.094 0.005
5929.68438 14.183 0.005
5930.82956 13.886 0.005
5931.64993 13.721 0.005
5932.64737 13.796 0.005
5933.69780 13.802 0.005
5934.69425 13.881 0.005
5935.64559 14.019 0.005
5935.80858 14.030 0.005
5936.63924 14.132 0.005
5937.66948 14.207 0.005
5938.67021 14.157 0.005
5939.71358 13.829 0.005
5940.74909 13.742 0.005
5941.74985 13.814 0.005
5942.77420 13.796 0.005
5943.73169 13.951 0.005
5944.72655 14.048 0.005
5945.70483 14.138 0.005
5946.64456 14.227 0.005
5946.76143 14.216 0.005
5947.71155 14.096 0.005
5948.70083 13.741 0.005
5949.71699 13.763 0.005
5950.63804 13.820 0.005
5951.66336 13.810 0.005
5952.68794 13.995 0.005
5953.68591 14.065 0.005
5954.68346 14.181 0.005
5955.70545 14.223 0.005
5956.70613 14.008 0.005
5958.72328 13.786 0.005
5959.69456 13.811 0.005
5960.69567 13.846 0.005
5961.62905 14.014 0.005
5962.62997 14.102 0.005
5963.59664 14.208 0.005
5964.60864 14.204 0.005
5965.60759 13.949 0.005
5967.62973 13.801 0.005
5968.62981 13.804 0.005
5969.60582 13.868 0.005
5970.58330 14.020 0.005
5971.67619 14.130 0.005
5972.66258 14.218 0.005
5973.64564 14.161 0.005
5974.60067 13.848 0.005
5976.63482 13.816 0.005
5977.66833 13.807 0.005
5978.64422 13.948 0.005
5979.59498 14.044 0.005
5980.61064 14.143 0.005
5981.63413 14.221 0.005
5982.63998 14.099 0.005
5983.68268 13.749 0.005
5984.62167 13.759 0.005
5985.65403 13.825 0.005
5986.58377 13.801 0.005
5987.65887 13.994 0.005
5988.62521 14.067 0.005
5989.58972 14.176 0.005
5990.58320 14.221 0.005
5991.65822 14.017 0.005
5992.61845 13.727 0.005
5993.57533 13.769 0.005
5994.57401 13.808 0.005
5995.62169 13.832 0.005
5996.59181 14.001 0.005
5997.59396 14.098 0.005
5998.59231 14.192 0.005
5998.65275 14.211 0.005
5999.63104 14.192 0.005
6000.60843 13.934 0.005
6002.57215 13.795 0.005
6003.53823 13.808 0.005
6004.57702 13.883 0.005
6005.56451 14.030 0.005
6006.56474 14.116 0.005
6007.56397 14.202 0.005
6008.57178 14.147 0.005
6009.53961 13.849 0.005
6010.59164 13.727 0.005
6011.55391 13.817 0.005
6012.55302 13.799 0.005
6013.53474 13.926 0.005
6014.55372 14.044 0.005
6015.54884 14.152 0.005
6016.58968 14.218 0.005
6017.55256 14.100 0.005
6018.50780 13.770 0.005
6019.55366 13.759 0.005
6020.57847 13.817 0.005
6021.56654 13.803 0.005
6022.57659 13.985 0.005
6023.55210 14.071 0.005
6024.57494 14.184 0.005
6025.57496 14.220 0.005
6026.52124 14.044 0.005
6028.55800 13.764 0.005
6033.48346 14.192 0.005
6034.48908 14.180 0.005
6035.51446 13.951 0.005
6036.49129 13.729 0.005
6037.49099 13.791 0.005
6038.48271 13.802 0.005
6039.48939 13.868 0.005
6040.49167 14.022 0.005
6042.48930 14.211 0.005
6047.46636 13.800 0.005
6048.46507 13.920 0.005
6049.48840 14.039 0.005
6050.46399 14.138 0.005
6052.47967 14.113 0.005
6053.47627 13.755 0.005
6055.48529 13.830 0.005
6056.47231 13.811 0.005
6057.46820 13.974 0.005
6058.45969 14.070 0.005
6059.46951 14.164 0.005
6060.47227 14.220 0.005
6061.46275 14.028 0.005
6062.45746 13.709 0.005
6123.90693 13.722 0.005
6137.90488 14.156 0.005
6149.92850 13.713 0.005
6165.90476 14.142 0.005
6171.87057 14.049 0.005
6173.92013 14.222 0.005
6179.88952 13.986 0.005
6179.89659 14.001 0.005
6180.84912 14.064 0.005
6181.86334 14.166 0.005
6182.86790 14.219 0.005
6183.86957 14.013 0.005
6184.89614 13.728 0.005
6185.84582 13.782 0.005
6186.84284 13.817 0.005
6191.87292 14.193 0.005
6193.86021 13.723 0.005
6194.87687 13.795 0.005
6196.86468 13.885 0.005
6199.81369 14.219 0.005
6202.82114 13.734 0.005
6204.85624 13.803 0.005
6207.86699 14.161 0.005
6208.78329 14.232 0.005
6210.86572 13.743 0.005
6212.81851 13.815 0.005
6214.86965 13.998 0.005
6216.81634 14.163 0.005
6219.80132 13.729 0.005
6221.81460 13.812 0.005
6222.81554 13.826 0.005
6223.77258 14.006 0.005
6224.83716 14.085 0.005
6225.72016 14.191 0.005
6226.73252 14.200 0.005
6229.77712 13.802 0.005
6230.71894 13.811 0.005
6231.74374 13.874 0.005
6232.80969 14.024 0.005
6233.81626 14.123 0.005
6234.82012 14.215 0.005
6235.76750 14.147 0.005
6236.78506 13.831 0.005
6237.86109 13.743 0.005
6238.81878 13.821 0.005
6239.79279 13.799 0.005
6240.83606 13.953 0.005
6241.78971 14.044 0.005
6242.83267 14.145 0.005
6243.80104 14.213 0.005
6244.73390 14.116 0.005
6245.75832 13.765 0.005
6248.77501 13.811 0.005
6251.76562 14.163 0.005
6254.77549 13.720 0.005
6257.80276 13.844 0.005
6262.72762 13.957 0.005
6265.79918 13.814 0.005
6270.81551 14.136 0.005
6274.80687 13.816 0.005
6278.75422 14.234 0.005
6282.77708 13.814 0.005
6286.71034 14.169 0.005
6289.77963 13.721 0.005
6294.79967 14.118 0.005
6299.75749 13.806 0.005
6304.73840 14.236 0.005
6306.70025 13.839 0.005
6312.67254 14.166 0.005
6317.68366 13.828 0.005
6323.65691 14.047 0.005
6329.61610 14.087 0.005
6333.60649 13.720 0.005
6340.61908 14.159 0.005
6343.56288 13.807 0.005
6347.58920 14.138 0.005
6356.60663 14.168 0.005
6363.52338 14.004 0.005
6371.53732 13.863 0.005
6378.53165 13.808 0.005
6387.52180 13.809 0.005
6396.52782 13.810 0.005
6404.51302 13.776 0.005
6416.48911 14.046 0.005
6508.91832 13.748 0.005
6520.88138 14.001 0.005
6531.89065 14.215 0.005
6547.85800 14.074 0.005
6561.82602 13.792 0.005
6569.89581 13.726 0.005
6577.86607 13.745 0.005
6583.77951 14.159 0.005
6608.81972 14.051 0.005
6612.75587 13.785 0.005
6616.71773 13.979 0.005
6622.77169 13.781 0.005
6628.79740 14.188 0.005
6638.72463 13.874 0.005
6645.72256 14.218 0.005
6649.72909 13.833 0.005
6654.74811 14.210 0.005
6658.76584 13.826 0.005
6662.72665 14.187 0.005
6667.78123 13.806 0.005
6672.76287 14.132 0.005
6680.75713 14.212 0.005
6690.63972 14.049 0.005
6697.70043 14.188 0.005
6705.66368 14.123 0.005
6712.63300 13.925 0.005
6720.67241 13.806 0.005
6736.60297 13.812 0.005
6871.90777 14.132 0.005
6887.91069 13.990 0.005
6896.88093 14.021 0.005
6907.86354 14.218 0.005
6926.79326 13.977 0.005
6932.80162 14.098 0.005
6938.78738 13.802 0.005
6942.78484 14.213 0.005
6950.83561 14.175 0.005
6956.83842 13.831 0.005
6961.83305 13.948 0.005
6967.70442 14.112 0.005
6973.70991 13.807 0.005
6980.74676 13.759 0.005
6987.77774 14.045 0.005
6992.74987 14.014 0.005
6997.75563 13.727 0.005
7002.69132 14.104 0.005
7007.71280 13.818 0.005
7013.66617 14.123 0.005
7016.76961 13.820 0.005
7020.76696 14.166 0.005
7024.74969 13.773 0.005
7028.70280 14.078 0.005
7033.75687 13.798 0.005
7037.72900 14.107 0.005
7042.72797 13.806 0.005
7046.72916 14.139 0.005
7051.71231 13.818 0.005
7056.66012 14.219 0.005
7062.65127 13.988 0.005
7069.64797 13.819 0.005
7074.65913 14.166 0.005
7080.57547 14.032 0.005
7083.60220 14.108 0.005
7086.61027 13.806 0.005
7091.59118 14.215 0.005
7103.55894 13.782 0.005
7112.57112 13.811 0.005
7115.56604 14.038 0.005
7119.52617 13.790 0.005
7126.51516 14.226 0.005
7131.51973 13.814 0.005
7134.49000 14.194 0.005
7137.51991 13.721 0.005
7143.48436 14.208 0.005
7273.90473 14.140 0.005
7274.91594 14.236 0.005
7287.89205 13.816 0.005
7292.81565 14.225 0.005
7294.78683 13.722 0.005
7297.78654 13.855 0.005
7304.86507 13.816 0.005
7312.78293 13.747 0.005
7319.75556 14.084 0.005
7322.73469 13.820 0.005
7327.83860 14.211 0.005
7339.74869 13.808 0.005
7345.70680 14.130 0.005
7354.78402 14.047 0.005
7361.80634 14.188 0.005
7366.67935 13.804 0.005
7373.83269 13.731 0.005
7377.80456 14.043 0.005
7382.70240 13.727 0.005
7385.71620 13.967 0.005
7390.73736 13.718 0.005
7399.74260 13.724 0.005
7404.73217 14.109 0.005
7408.70529 13.724 0.005
7410.70666 13.791 0.005
7413.66942 14.135 0.005
7416.67628 13.788 0.005
7424.61866 14.072 0.005
7427.65415 13.818 0.005
7431.64284 14.180 0.005
7435.63727 13.791 0.005
7439.64378 14.104 0.005
7443.61310 13.730 0.005
7449.62150 14.225 0.005
7453.59596 13.836 0.005
7462.61047 13.819 0.005
7466.55815 14.185 0.005
7472.56491 13.844 0.005
7476.52061 14.189 0.005
7488.47442 13.797 0.005
7499.49762 13.995 0.005
7507.46988 13.835 0.005
