5260.64930 15.587 0.006
5261.65260 15.036 0.005
5262.64636 15.480 0.007
5264.61382 15.330 0.006
5265.61508 15.623 0.007
5266.60758 15.109 0.006
5267.62087 15.525 0.007
5268.60342 15.441 0.006
5269.57273 15.394 0.006
5270.55932 15.668 0.007
5271.58209 15.228 0.006
5273.57054 15.035 0.005
5274.60168 15.468 0.007
5275.58491 15.664 0.007
5276.58095 15.328 0.006
5279.56909 15.517 0.007
5281.54447 15.407 0.006
5282.56392 15.674 0.007
5284.56752 15.588 0.007
5286.55020 15.476 0.006
5288.56386 15.340 0.006
5291.55795 15.543 0.007
5293.54929 15.415 0.006
5295.50543 15.228 0.006
5297.53114 15.039 0.005
5298.57618 15.484 0.007
5301.53695 15.631 0.007
5306.53339 15.683 0.007
5308.54109 15.584 0.007
5309.56176 15.061 0.006
5310.56164 15.491 0.007
5311.52799 15.605 0.007
5313.51065 15.629 0.008
5314.52992 15.168 0.006
5322.47287 15.490 0.007
5325.48717 15.633 0.008
5327.48949 15.560 0.006
5335.48013 15.612 0.007
5341.50162 15.463 0.008
5343.50422 15.301 0.007
5430.92259 15.673 0.007
5443.85630 15.249 0.005
5444.90231 15.593 0.006
5449.81979 15.621 0.006
5451.83466 15.526 0.006
5454.91365 15.676 0.008
5457.77757 15.032 0.005
5459.88955 15.586 0.006
5462.88786 15.185 0.005
5467.85845 15.287 0.005
5468.84740 15.608 0.006
5470.82236 15.504 0.006
5471.87010 15.551 0.006
5473.80499 15.647 0.006
5477.80696 15.446 0.006
5478.81445 15.673 0.006
5481.75379 15.047 0.005
5483.78710 15.600 0.007
5484.79916 15.377 0.005
5485.82597 15.656 0.007
5487.74773 15.543 0.006
5488.74986 15.222 0.005
5489.84212 15.466 0.006
5490.75102 15.678 0.006
5491.86444 15.328 0.006
5492.83801 15.615 0.006
5493.76188 15.069 0.005
5495.84332 15.471 0.006
5497.74900 15.651 0.006
5503.84599 15.329 0.005
5507.74450 15.553 0.006
5510.82861 15.237 0.005
5512.84719 15.042 0.005
5514.84968 15.638 0.006
5516.85288 15.644 0.006
5519.78054 15.425 0.006
5521.83867 15.687 0.006
5523.81489 15.587 0.006
5525.82324 15.497 0.006
5527.68102 15.297 0.005
5528.80096 15.626 0.006
5530.66551 15.517 0.006
5531.85143 15.105 0.005
5533.67655 15.664 0.006
5534.71994 15.225 0.005
5535.81061 15.595 0.006
5539.84990 15.387 0.006
5541.81936 15.190 0.006
5543.84033 15.065 0.005
5544.83558 15.455 0.006
5546.66519 15.230 0.005
5547.82668 15.609 0.006
5549.76754 15.505 0.006
5551.77927 15.376 0.006
5553.79844 15.199 0.006
5554.81704 15.570 0.006
5556.77944 15.451 0.006
5558.78583 15.303 0.006
5559.81985 15.616 0.006
5561.77026 15.510 0.006
5562.81325 15.470 0.006
5563.77596 15.394 0.006
5565.80203 15.221 0.006
5566.79714 15.574 0.006
5570.78949 15.319 0.006
5575.74436 15.399 0.006
5576.78131 15.666 0.006
5577.71965 15.204 0.005
5578.72313 15.569 0.007
5579.77252 15.042 0.006
5580.71688 15.457 0.006
5581.71927 15.673 0.006
5583.73533 15.626 0.006
5584.73352 15.100 0.005
5585.78937 15.542 0.006
5589.72598 15.226 0.005
5590.68915 15.573 0.006
5592.76176 15.484 0.006
5593.72888 15.677 0.007
5595.70932 15.617 0.006
5597.65570 15.516 0.006
5598.72086 15.420 0.006
5599.71576 15.415 0.006
5601.74369 15.253 0.006
5602.73357 15.595 0.006
5605.73705 15.641 0.006
5606.73583 15.343 0.006
5608.71869 15.145 0.006
5611.69538 15.425 0.007
5614.68858 15.587 0.006
5616.69877 15.478 0.006
5623.64925 15.426 0.006
5626.57907 15.568 0.006
5629.63287 15.652 0.006
5631.56358 15.614 0.007
5633.64149 15.550 0.006
5635.60704 15.409 0.006
5639.61690 15.057 0.006
5641.60469 15.646 0.006
5643.56833 15.625 0.006
5645.57686 15.530 0.006
5647.60043 15.420 0.006
5649.56694 15.243 0.006
5652.58227 15.478 0.006
5654.58550 15.349 0.006
5657.54535 15.540 0.006
5659.58112 15.423 0.006
5665.55514 15.627 0.007
5667.53545 15.636 0.007
5671.53776 15.427 0.006
5675.53334 15.052 0.005
5677.53291 15.596 0.006
5682.52808 15.144 0.005
5686.50906 15.595 0.006
5693.50650 15.552 0.006
5695.45381 15.433 0.007
5786.93084 15.590 0.006
5802.88469 15.354 0.006
5804.92646 15.183 0.006
5805.89303 15.546 0.006
5807.90707 15.437 0.006
5810.84106 15.581 0.006
5813.84594 15.654 0.006
5816.90127 15.190 0.005
5819.88668 15.447 0.006
5822.85738 15.602 0.006
5824.85428 15.507 0.006
5826.82410 15.354 0.005
5829.80204 15.550 0.005
5831.89855 15.475 0.006
5833.79247 15.277 0.005
5835.82123 15.073 0.005
5836.89254 15.522 0.006
5839.79953 15.651 0.006
5841.89868 15.583 0.007
5844.83900 15.680 0.007
5850.85886 15.406 0.005
5851.83211 15.676 0.006
5855.86116 15.480 0.005
5856.86746 15.679 0.007
5858.81747 15.615 0.007
5860.82114 15.525 0.006
5861.82994 15.459 0.006
5864.85562 15.251 0.005
5865.75889 15.563 0.006
5867.87370 15.500 0.006
5871.75893 15.095 0.005
5873.78527 15.469 0.005
5874.81762 15.423 0.006
5878.85103 15.051 0.005
5880.77580 15.669 0.006
5882.80851 15.635 0.006
5885.80636 15.301 0.005
5888.85154 15.285 0.005
5890.83298 15.064 0.005
5891.85031 15.513 0.006
5893.73135 15.331 0.005
5895.77227 15.152 0.005
5896.81960 15.556 0.006
5897.85587 15.068 0.005
5899.72768 15.684 0.006
5900.82894 15.292 0.005
5901.83963 15.612 0.006
5902.77345 15.052 0.005
5903.82797 15.516 0.006
5904.79289 15.610 0.006
5905.76191 15.358 0.005
5906.77495 15.646 0.006
5907.77672 15.183 0.005
5908.79288 15.553 0.006
5909.83350 15.058 0.005
5910.78619 15.440 0.005
5911.81285 15.676 0.006
5912.83383 15.318 0.005
5913.83934 15.618 0.006
5914.82897 15.105 0.005
5915.79147 15.506 0.005
5916.80963 15.538 0.005
5917.78940 15.393 0.005
5923.78870 15.678 0.006
5924.78926 15.313 0.005
5925.79339 15.611 0.006
5927.78897 15.520 0.006
5929.79560 15.408 0.005
5931.72570 15.194 0.005
5932.78314 15.580 0.006
5933.79112 15.040 0.005
5934.81150 15.481 0.006
5936.73474 15.311 0.005
5937.75613 15.617 0.006
5938.74925 15.097 0.005
5939.77968 15.530 0.006
5940.79483 15.395 0.005
5941.74592 15.402 0.005
5942.77026 15.672 0.006
5943.77836 15.237 0.005
5944.76969 15.579 0.005
5945.75082 15.047 0.005
5946.75752 15.476 0.006
5947.75738 15.666 0.006
5948.74637 15.323 0.005
5949.76198 15.631 0.006
5951.74304 15.525 0.007
5953.76193 15.418 0.006
5955.75117 15.244 0.005
5959.74050 15.651 0.006
5962.62566 15.078 0.005
5963.71861 15.542 0.006
5965.66942 15.408 0.006
5968.67587 15.579 0.006
5971.72333 15.649 0.006
5973.64079 15.617 0.005
5974.64893 15.116 0.005
5977.64872 15.409 0.005
5979.69772 15.258 0.006
5980.68285 15.593 0.006
5982.68490 15.489 0.005
5984.68453 15.360 0.005
5986.69174 15.176 0.005
5988.67035 15.290 0.006
5989.65571 15.420 0.006
5991.65419 15.246 0.005
5992.66309 15.613 0.006
5994.56975 15.471 0.006
5996.65159 15.379 0.006
5997.63868 15.649 0.006
6000.66673 15.179 0.005
6003.58358 15.250 0.006
6007.60842 15.641 0.006
6011.61678 15.553 0.006
6018.56998 15.490 0.006
6023.54734 15.545 0.006
6026.56620 15.693 0.006
6033.54523 15.640 0.007
6034.53367 15.168 0.005
6036.55140 15.164 0.005
6038.54399 15.691 0.007
6039.54859 15.296 0.005
6040.53584 15.602 0.006
6047.52526 15.559 0.006
6050.50838 15.683 0.006
6057.50943 15.654 0.006
6067.49253 15.552 0.006
6141.93434 15.043 0.005
6160.92159 15.218 0.005
6171.92433 15.545 0.006
6182.91186 15.202 0.005
6186.91155 15.691 0.006
6198.86794 15.691 0.007
6200.85806 15.617 0.007
6203.84516 15.564 0.006
6208.84922 15.050 0.005
6211.88712 15.352 0.006
6212.88006 15.633 0.006
6215.84360 15.488 0.005
6220.75743 15.124 0.005
6222.88457 15.656 0.008
6225.82057 15.117 0.005
6230.76334 15.216 0.006
6232.87681 15.061 0.005
6235.86969 15.372 0.005
6241.84310 15.686 0.006
6244.85228 15.065 0.005
6248.81971 15.647 0.006
6251.81023 15.244 0.005
6254.75603 15.248 0.005
6257.79817 15.497 0.006
6262.77282 15.556 0.005
6265.79504 15.694 0.006
6271.81291 15.387 0.005
6278.79944 15.300 0.005
6283.78437 15.397 0.005
6287.81272 15.039 0.005
6291.82205 15.637 0.006
6297.73887 15.215 0.005
6303.57858 15.580 0.005
6310.70233 15.571 0.005
6318.67982 15.532 0.006
6338.63087 15.319 0.005
6343.62908 15.411 0.005
6350.61419 15.336 0.006
6355.55786 15.404 0.005
6361.57400 15.675 0.005
6368.59095 15.672 0.006
6374.60342 15.364 0.005
6381.57013 15.273 0.005
6389.54874 15.554 0.005
6398.50259 15.361 0.005
6419.47050 15.068 0.005
6511.92778 15.633 0.005
6521.90910 15.633 0.005
6532.90712 15.503 0.005
6548.86404 15.188 0.005
6564.89954 15.664 0.006
6572.81306 15.206 0.005
6579.73507 15.057 0.005
6584.75673 15.195 0.005
6593.76691 15.531 0.006
6607.79833 15.697 0.006
6613.75750 15.352 0.005
6617.72780 15.467 0.005
6627.76817 15.171 0.005
6637.77449 15.386 0.005
6644.81165 15.327 0.005
6650.80321 15.672 0.006
6657.82152 15.638 0.006
6660.76114 15.508 0.005
6668.79278 15.349 0.005
6671.77273 15.546 0.006
6678.78969 15.495 0.005
6682.68478 15.104 0.005
6693.64166 15.610 0.005
6698.71218 15.689 0.006
6703.67572 15.650 0.007
6707.66604 15.537 0.005
6710.68116 15.684 0.006
6715.65328 15.633 0.006
6731.62863 15.545 0.006
6874.93237 15.483 0.006
6885.92576 15.065 0.005
6904.92452 15.072 0.006
6920.79811 15.599 0.006
6926.78847 15.168 0.005
6930.81718 15.688 0.006
6937.79483 15.657 0.006
6941.81513 15.474 0.007
6951.85754 15.590 0.006
6957.81223 15.126 0.005
6963.80515 15.582 0.006
6969.82305 15.161 0.006
6975.81702 15.595 0.006
6982.86468 15.574 0.006
6992.79491 15.660 0.006
6995.73416 15.280 0.005
7000.72631 15.053 0.005
7004.82264 15.678 0.006
7008.76192 15.458 0.006
7013.80883 15.530 0.006
7017.81861 15.239 0.006
7021.80295 15.665 0.006
7025.75600 15.537 0.006
7029.73660 15.227 0.005
7035.75843 15.621 0.006
7040.75496 15.689 0.006
7045.72014 15.671 0.006
7050.69927 15.434 0.005
7057.66638 15.678 0.006
7063.69604 15.424 0.006
7070.65225 15.342 0.005
7076.67459 15.691 0.006
7080.63348 15.486 0.006
7082.62203 15.343 0.006
7086.65644 15.196 0.005
7089.62756 15.264 0.005
7093.60774 15.636 0.006
7099.63332 15.441 0.006
7110.58144 15.174 0.005
7114.56340 15.591 0.006
7118.56298 15.370 0.006
7124.54324 15.674 0.006
7131.51521 15.629 0.006
7133.51149 15.554 0.006
7136.49433 15.679 0.006
7141.49608 15.591 0.006
7144.50641 15.193 0.006
7278.85677 15.385 0.006
7291.81638 15.656 0.007
7294.83262 15.065 0.005
7297.83113 15.310 0.006
7303.85048 15.674 0.006
7308.83589 15.654 0.007
7317.79723 15.578 0.006
7325.75315 15.507 0.006
7339.79499 15.677 0.006
7345.75235 15.348 0.006
7353.86690 15.631 0.008
7357.85879 15.407 0.006
7364.76925 15.294 0.005
7367.84141 15.530 0.006
7371.80272 15.223 0.005
7376.80130 15.331 0.006
7381.70892 15.390 0.005
7385.71217 15.099 0.005
7389.73669 15.626 0.006
7398.70983 15.476 0.005
7402.74487 15.148 0.005
7405.74027 15.428 0.005
7409.70949 15.053 0.005
7415.67833 15.544 0.006
7424.66570 15.348 0.005
7428.68247 15.342 0.005
7434.66296 15.499 0.006
7438.67275 15.164 0.005
7442.63342 15.687 0.006
7446.64708 15.507 0.005
7451.62162 15.549 0.005
7458.64357 15.510 0.006
7463.59362 15.550 0.005
7470.54091 15.492 0.006
7472.56060 15.366 0.005
7476.57591 15.157 0.005
7488.51934 15.207 0.005
7499.54224 15.563 0.006
