5260.63876 15.456 0.007
5261.62439 15.645 0.007
5261.64213 15.648 0.007
5262.63593 15.245 0.006
5264.60334 15.672 0.007
5265.60460 15.299 0.007
5266.59714 15.524 0.007
5267.61041 15.662 0.008
5268.59305 15.348 0.007
5269.56235 15.557 0.007
5270.54896 15.596 0.007
5271.57174 15.397 0.006
5273.56021 15.324 0.006
5274.59134 15.440 0.007
5275.57459 15.633 0.007
5276.57066 15.234 0.006
5279.55877 15.290 0.007
5281.53421 15.678 0.007
5282.55364 15.330 0.006
5284.55724 15.605 0.007
5286.53997 15.568 0.007
5288.55364 15.428 0.007
5291.54780 15.472 0.007
5293.53911 15.260 0.007
5295.49531 15.673 0.008
5297.52104 15.542 0.007
5298.56604 15.616 0.007
5301.52682 15.445 0.007
5306.52336 15.647 0.007
5308.53113 15.497 0.007
5309.55178 15.677 0.008
5310.55164 15.321 0.007
5311.51672 15.542 0.008
5313.50071 15.355 0.007
5314.51547 15.562 0.008
5322.46299 15.491 0.008
5325.47727 15.522 0.008
5327.47959 15.335 0.006
5335.47028 15.225 0.006
5341.49179 15.344 0.007
5343.49440 15.576 0.008
5430.91240 15.250 0.006
5439.92188 15.408 0.007
5448.91086 15.539 0.007
5451.82426 15.547 0.007
5454.90322 15.599 0.007
5457.76711 15.607 0.006
5459.87907 15.483 0.006
5462.86796 15.520 0.007
5467.84791 15.386 0.006
5468.83683 15.571 0.007
5470.81173 15.416 0.006
5471.85948 15.616 0.007
5473.79431 15.460 0.006
5477.79627 15.683 0.007
5478.80374 15.312 0.006
5481.74308 15.349 0.006
5484.78845 15.403 0.006
5485.81520 15.609 0.007
5487.73608 15.441 0.006
5488.73910 15.632 0.007
5489.83137 15.257 0.006
5490.73947 15.483 0.007
5491.85357 15.675 0.007
5492.77565 15.297 0.006
5493.79794 15.539 0.007
5494.84268 15.648 0.007
5495.79984 15.351 0.006
5496.79767 15.563 0.008
5497.82783 15.469 0.007
5499.73484 15.587 0.007
5502.80500 15.637 0.006
5503.76022 15.242 0.006
5505.72991 15.663 0.007
5506.74740 15.293 0.006
5507.76550 15.532 0.006
5509.67389 15.318 0.006
5510.72980 15.553 0.007
5511.70599 15.613 0.007
5512.74907 15.391 0.006
5513.71937 15.590 0.006
5514.75192 15.334 0.006
5515.66917 15.412 0.006
5516.75472 15.623 0.007
5517.66785 15.231 0.006
5518.76427 15.487 0.008
5519.69067 15.651 0.008
5521.70754 15.505 0.007
5522.73266 15.686 0.007
5523.69738 15.319 0.006
5524.70581 15.534 0.006
5525.73887 15.612 0.006
5526.69091 15.368 0.006
5527.77165 15.586 0.007
5528.71274 15.417 0.006
5529.69301 15.412 0.006
5530.70024 15.616 0.007
5531.78342 15.225 0.005
5532.69157 15.460 0.006
5533.71491 15.647 0.007
5534.74642 15.271 0.006
5535.72327 15.503 0.006
5536.72592 15.677 0.007
5539.73615 15.629 0.007
5540.82033 15.393 0.006
5541.68649 15.573 0.007
5542.74490 15.405 0.006
5543.77642 15.423 0.007
5544.76392 15.623 0.007
5545.75320 15.225 0.006
5546.70287 15.449 0.006
5547.76267 15.646 0.007
5548.72392 15.261 0.006
5549.68880 15.492 0.007
5550.74267 15.681 0.007
5551.70017 15.302 0.006
5553.74621 15.642 0.007
5554.67954 15.365 0.007
5556.69416 15.506 0.006
5557.67532 15.405 0.006
5558.67624 15.598 0.007
5559.69389 15.273 0.007
5559.71940 15.233 0.006
5560.65810 15.440 0.006
5561.69189 15.642 0.008
5562.71125 15.242 0.006
5563.64522 15.483 0.006
5565.67713 15.297 0.006
5566.70380 15.526 0.006
5568.72410 15.353 0.006
5569.71867 15.571 0.007
5570.75823 15.451 0.007
5571.68924 15.401 0.006
5572.80645 15.619 0.007
5575.71077 15.639 0.007
5576.68496 15.227 0.006
5577.68724 15.487 0.006
5578.69352 15.674 0.007
5579.74447 15.303 0.006
5580.68851 15.529 0.006
5581.69064 15.668 0.007
5582.69762 15.344 0.006
5583.70439 15.554 0.006
5584.69041 15.556 0.006
5585.69028 15.393 0.006
5586.65406 15.579 0.007
5587.63622 15.389 0.006
5588.74016 15.450 0.006
5589.64622 15.625 0.006
5591.68355 15.486 0.006
5592.66579 15.669 0.007
5593.64878 15.268 0.006
5594.66499 15.517 0.006
5595.64366 15.683 0.006
5596.70679 15.343 0.006
5597.62426 15.545 0.006
5598.69058 15.585 0.006
5599.65420 15.379 0.006
5600.68692 15.593 0.006
5601.66656 15.364 0.006
5602.66529 15.428 0.006
5603.67406 15.628 0.007
5604.67446 15.220 0.006
5605.67701 15.478 0.006
5606.68893 15.664 0.007
5607.69984 15.286 0.006
5608.69047 15.523 0.007
5609.71771 15.671 0.007
5611.64826 15.549 0.007
5612.70079 15.594 0.008
5613.66398 15.372 0.006
5614.65590 15.585 0.006
5615.64970 15.421 0.006
5616.66540 15.427 0.006
5619.64766 15.457 0.006
5622.64365 15.509 0.007
5623.60652 15.674 0.007
5624.54765 15.305 0.006
5625.63925 15.543 0.006
5626.60037 15.670 0.007
5627.56509 15.344 0.006
5629.60534 15.513 0.006
5630.61679 15.401 0.006
5632.56490 15.306 0.006
5633.61388 15.447 0.006
5634.57434 15.631 0.007
5635.57864 15.236 0.006
5638.58325 15.290 0.006
5639.59352 15.531 0.007
5640.53250 15.672 0.007
5641.56017 15.349 0.006
5642.50840 15.545 0.006
5643.50618 15.632 0.006
5644.50891 15.376 0.006
5645.50763 15.584 0.007
5646.52065 15.397 0.006
5647.52260 15.425 0.006
5648.52331 15.621 0.007
5649.53806 15.220 0.006
5650.51849 15.465 0.006
5651.52440 15.645 0.005
5652.51935 15.271 0.006
5653.54943 15.514 0.006
5654.55797 15.675 0.007
5655.54914 15.334 0.006
5656.55803 15.554 0.006
5657.51798 15.636 0.007
5659.51729 15.577 0.007
5660.56268 15.369 0.006
5664.49687 15.462 0.007
5665.51210 15.656 0.008
5666.50894 15.255 0.006
5667.49110 15.501 0.007
5668.49663 15.680 0.008
5669.49064 15.309 0.006
5670.54213 15.544 0.007
5671.49253 15.654 0.008
5672.48744 15.361 0.006
5674.49549 15.491 0.006
5675.48834 15.408 0.006
5676.54362 15.620 0.005
5677.48505 15.245 0.006
5678.51928 15.451 0.006
5679.48689 15.639 0.007
5680.53497 15.253 0.006
5681.49975 15.496 0.007
5682.49916 15.674 0.007
5683.50410 15.309 0.006
5684.50852 15.533 0.007
5685.48022 15.662 0.007
5686.48110 15.344 0.006
5687.48327 15.571 0.007
5691.47479 15.280 0.006
5692.52556 15.455 0.007
5694.49140 15.238 0.006
5695.47583 15.485 0.007
5696.48424 15.659 0.008
5697.47416 15.299 0.006
5699.48370 15.676 0.008
5700.47528 15.346 0.007
5702.47214 15.574 0.007
5706.47185 15.444 0.007
5709.45893 15.488 0.006
5784.93197 15.432 0.006
5796.89949 15.576 0.007
5803.88323 15.238 0.006
5805.84773 15.669 0.007
5806.89870 15.296 0.006
5809.85989 15.352 0.005
5810.86303 15.563 0.006
5812.85592 15.384 0.006
5814.90491 15.255 0.006
5815.88428 15.449 0.006
5816.85844 15.646 0.007
5817.86008 15.235 0.005
5818.88810 15.493 0.006
5819.84207 15.669 0.007
5820.90948 15.300 0.006
5822.82970 15.685 0.007
5823.90458 15.348 0.006
5824.82654 15.561 0.006
5825.81479 15.624 0.006
5826.86329 15.392 0.006
5827.85725 15.590 0.006
5828.88346 15.304 0.006
5829.85683 15.430 0.006
5830.84841 15.623 0.006
5831.84010 15.217 0.005
5832.82950 15.468 0.006
5833.81388 15.662 0.006
5834.81480 15.268 0.005
5835.87470 15.522 0.006
5836.78123 15.676 0.006
5837.86056 15.340 0.006
5839.84221 15.615 0.007
5840.82572 15.377 0.006
5841.82275 15.589 0.007
5842.84033 15.395 0.007
5843.85583 15.429 0.006
5845.87082 15.221 0.006
5846.83128 15.469 0.008
5850.79594 15.682 0.007
5851.80417 15.311 0.006
5852.78793 15.544 0.007
5853.85770 15.623 0.008
5854.76297 15.354 0.006
5855.83267 15.571 0.006
5856.80424 15.471 0.007
5858.83846 15.616 0.007
5859.80697 15.235 0.005
5860.79204 15.456 0.006
5861.80105 15.648 0.006
5863.80418 15.498 0.006
5864.71152 15.660 0.006
5865.78110 15.305 0.006
5866.80523 15.535 0.006
5867.74417 15.674 0.007
5868.84563 15.370 0.005
5869.81114 15.563 0.006
5870.75094 15.566 0.006
5871.73704 15.384 0.006
5872.74637 15.595 0.006
5873.74162 15.318 0.006
5874.77518 15.437 0.006
5875.71108 15.621 0.007
5878.76775 15.662 0.008
5879.69614 15.278 0.007
5880.74763 15.521 0.006
5881.73416 15.681 0.007
5882.76496 15.337 0.006
5883.76890 15.566 0.007
5885.70023 15.370 0.006
5886.73630 15.587 0.007
5887.80866 15.269 0.005
5888.79733 15.444 0.006
5889.83948 15.652 0.006
5890.77301 15.230 0.006
5891.73170 15.472 0.006
5892.74947 15.672 0.006
5893.76759 15.289 0.005
5894.79105 15.521 0.006
5895.80814 15.671 0.007
5896.79119 15.352 0.006
5897.73801 15.555 0.006
5898.72020 15.633 0.006
5899.77936 15.385 0.006
5900.72901 15.578 0.006
5901.77828 15.334 0.006
5902.72956 15.422 0.007
5903.78474 15.631 0.007
5904.75936 15.222 0.005
5905.73340 15.466 0.006
5906.74529 15.664 0.007
5907.72335 15.267 0.006
5908.74867 15.502 0.006
5909.79319 15.674 0.007
5910.70600 15.316 0.006
5911.73786 15.547 0.006
5912.75832 15.614 0.006
5913.73028 15.373 0.005
5914.75289 15.586 0.006
5915.70994 15.455 0.006
5916.76630 15.425 0.006
5917.72745 15.614 0.006
5922.74452 15.510 0.006
5923.72074 15.675 0.006
5924.70207 15.308 0.005
5925.71609 15.538 0.006
5926.72789 15.655 0.006
5927.72690 15.370 0.006
5929.70107 15.498 0.006
5930.84625 15.435 0.005
5931.66755 15.591 0.006
5932.66541 15.285 0.006
5933.71528 15.462 0.006
5934.71133 15.643 0.006
5935.66234 15.234 0.006
5936.65688 15.486 0.006
5937.68619 15.681 0.006
5938.68698 15.294 0.006
5939.73105 15.539 0.006
5940.76668 15.637 0.006
5941.76736 15.365 0.006
5942.79199 15.592 0.006
5943.74885 15.465 0.006
5944.74172 15.412 0.006
5945.72245 15.603 0.006
5946.66190 15.325 0.005
5946.77825 15.235 0.006
5947.72883 15.454 0.006
5948.71766 15.648 0.006
5949.73386 15.258 0.006
5950.65483 15.481 0.006
5951.68021 15.669 0.007
5952.70482 15.303 0.005
5953.70278 15.523 0.006
5954.70031 15.675 0.006
5955.72295 15.360 0.006
5956.72299 15.566 0.006
5958.74021 15.411 0.006
5959.71216 15.601 0.006
5960.71422 15.282 0.005
5961.64597 15.424 0.006
5962.64686 15.615 0.007
5963.61359 15.230 0.006
5964.62556 15.469 0.006
5965.62450 15.655 0.006
5967.64668 15.527 0.007
5968.64677 15.679 0.007
5969.62277 15.318 0.005
5970.60027 15.531 0.006
5971.69317 15.582 0.006
5972.67955 15.384 0.005
5973.66261 15.576 0.006
5974.61766 15.446 0.006
5976.65180 15.615 0.006
5977.68539 15.224 0.005
5978.66183 15.475 0.006
5979.61199 15.642 0.006
5980.64164 15.264 0.005
5981.65113 15.508 0.006
5982.65706 15.675 0.006
5983.70019 15.333 0.005
5984.63916 15.545 0.006
5985.67107 15.632 0.006
5986.60084 15.366 0.005
5987.67664 15.583 0.006
5988.64278 15.435 0.006
5989.60674 15.416 0.006
5990.60027 15.615 0.007
5991.67526 15.229 0.006
5992.63555 15.451 0.006
5993.59242 15.637 0.007
5994.59111 15.244 0.006
5995.63881 15.514 0.007
5996.60889 15.674 0.007
5997.61108 15.308 0.006
5998.60942 15.535 0.006
5998.67909 15.552 0.006
5999.65015 15.647 0.006
6000.62553 15.358 0.006
6002.58922 15.537 0.006
6003.55538 15.390 0.006
6004.61578 15.602 0.007
6005.59882 15.274 0.005
6006.58277 15.440 0.006
6007.58110 15.632 0.006
6008.61557 15.242 0.005
6009.55667 15.491 0.006
6010.61226 15.667 0.007
6011.57104 15.293 0.006
6012.57013 15.528 0.007
6014.57080 15.349 0.006
6015.56617 15.554 0.006
6016.60685 15.539 0.006
6017.57004 15.382 0.005
6018.52541 15.594 0.007
6019.57397 15.323 0.006
6020.59596 15.440 0.006
6021.58371 15.637 0.007
6022.59520 15.234 0.006
6023.56925 15.472 0.006
6024.59209 15.673 0.007
6025.59211 15.297 0.006
6026.53839 15.516 0.007
6028.57515 15.343 0.006
6029.59273 15.568 0.007
6032.51303 15.578 0.007
6033.50060 15.461 0.007
6034.50619 15.425 0.006
6035.53159 15.606 0.006
6036.50843 15.233 0.006
6037.50810 15.463 0.007
6038.49980 15.645 0.008
6039.50651 15.249 0.006
6040.50881 15.508 0.006
6047.48343 15.510 0.006
6048.48220 15.396 0.006
6049.50550 15.601 0.006
6050.48108 15.266 0.006
6052.49675 15.644 0.007
6053.49379 15.239 0.006
6055.50239 15.661 0.007
6056.48937 15.296 0.006
6057.49954 15.541 0.006
6058.49293 15.671 0.007
6059.48657 15.350 0.006
6060.48984 15.569 0.007
6061.48047 15.542 0.007
6062.47449 15.397 0.006
6123.92356 15.338 0.005
6137.92148 15.327 0.006
6164.90868 15.680 0.007
6165.92121 15.314 0.006
6171.88699 15.401 0.006
6179.91296 15.305 0.006
6180.86551 15.526 0.006
6181.87970 15.674 0.007
6182.88423 15.350 0.006
6183.88594 15.562 0.006
6184.91251 15.495 0.006
6186.86371 15.593 0.006
6191.88929 15.491 0.006
6193.87655 15.286 0.005
6194.89350 15.526 0.006
6196.87896 15.349 0.005
6199.82794 15.395 0.007
6202.83540 15.428 0.006
6204.87051 15.225 0.005
6207.88335 15.291 0.006
6210.88204 15.335 0.006
6212.83484 15.625 0.007
6215.87380 15.345 0.006
6219.81762 15.469 0.006
6221.83091 15.264 0.006
6225.73648 15.513 0.007
6226.74888 15.672 0.007
6229.79144 15.497 0.006
6230.73528 15.391 0.006
6231.76010 15.606 0.007
6232.82609 15.233 0.005
6233.83530 15.461 0.006
6234.83647 15.657 0.006
6235.78387 15.243 0.005
6236.80145 15.475 0.006
6238.83519 15.316 0.005
6239.80923 15.541 0.006
6240.85247 15.646 0.007
6241.80612 15.359 0.006
6242.84906 15.573 0.006
6243.81788 15.498 0.006
6245.77469 15.604 0.006
6248.79144 15.620 0.006
6251.78203 15.665 0.005
6254.79197 15.665 0.005
6257.82088 15.507 0.006
6262.74409 15.622 0.006
6265.81646 15.666 0.005
6270.83211 15.569 0.006
6274.82378 15.279 0.005
6278.77121 15.474 0.005
6282.79369 15.683 0.006
6286.72695 15.363 0.005
6306.71495 15.448 0.005
6312.69085 15.534 0.005
6317.70052 15.397 0.005
6323.67379 15.474 0.006
6329.63302 15.554 0.006
6333.62388 15.404 0.005
6340.63608 15.506 0.005
6343.57989 15.538 0.006
6347.60620 15.459 0.005
6363.54113 15.594 0.006
6371.56389 15.528 0.005
6378.54697 15.332 0.005
6387.53924 15.326 0.005
6396.54501 15.464 0.005
6416.50623 15.536 0.006
6509.92477 15.674 0.005
6520.89792 15.651 0.006
6531.90902 15.621 0.005
6547.87520 15.454 0.005
6561.84244 15.436 0.005
6571.84918 15.596 0.005
6577.88978 15.228 0.005
6583.79593 15.317 0.005
6608.83616 15.252 0.005
6612.77241 15.529 0.005
6616.73424 15.587 0.005
6622.78821 15.241 0.005
6628.81588 15.360 0.005
6638.74166 15.664 0.005
6645.73922 15.373 0.005
6649.74616 15.614 0.005
6654.76632 15.524 0.005
6658.77881 15.602 0.005
6662.77476 15.427 0.005
6667.83596 15.306 0.005
6672.77972 15.626 0.006
6680.77404 15.662 0.006
6690.66673 15.397 0.005
6697.71535 15.669 0.005
6705.68069 15.595 0.006
6712.64800 15.280 0.005
6722.60882 15.604 0.005
6736.62011 15.598 0.006
6871.92936 15.604 0.006
6887.92767 15.591 0.006
6896.89795 15.677 0.006
6907.88066 15.645 0.006
6926.80970 15.515 0.006
6932.81832 15.586 0.006
6938.80373 15.656 0.006
6942.80123 15.326 0.005
6950.85204 15.226 0.005
6956.85483 15.327 0.005
6961.84943 15.398 0.006
6967.72086 15.234 0.006
6973.72635 15.339 0.006
6980.76329 15.631 0.006
6987.79429 15.347 0.006
6992.76643 15.309 0.005
6997.77222 15.662 0.006
7002.71606 15.549 0.006
7007.72737 15.426 0.006
7013.68076 15.499 0.006
7016.78647 15.552 0.006
7020.78436 15.343 0.005
7024.76432 15.469 0.006
7028.71749 15.676 0.006
7032.77186 15.386 0.005
7037.74728 15.226 0.005
7042.74487 15.676 0.006
7047.70804 15.552 0.006
7051.73663 15.236 0.005
7056.67708 15.665 0.006
7062.66883 15.581 0.006
7069.66548 15.479 0.006
7074.67676 15.336 0.006
7080.59248 15.411 0.005
7083.61927 15.462 0.006
7086.62829 15.501 0.006
7091.60826 15.362 0.005
7103.57630 15.525 0.005
7112.58662 15.630 0.007
7115.58322 15.658 0.007
7119.54125 15.339 0.006
7126.53229 15.623 0.006
7131.53683 15.512 0.006
7134.50714 15.550 0.006
7137.53705 15.579 0.006
7143.50171 15.660 0.007
7277.90834 15.607 0.007
7292.84101 15.306 0.006
7294.80474 15.621 0.006
7297.80343 15.655 0.006
7304.88232 15.398 0.006
7312.79972 15.264 0.005
7322.75400 15.600 0.006
7327.85672 15.504 0.006
7339.76511 15.644 0.006
7345.72365 15.672 0.006
7354.80049 15.250 0.005
7361.82335 15.559 0.006
7366.69592 15.428 0.006
7373.84928 15.667 0.006
7377.82120 15.395 0.005
7382.71944 15.218 0.005
7385.73291 15.265 0.005
7390.75475 15.615 0.006
7399.75937 15.265 0.006
7404.74900 15.634 0.006
7408.72211 15.403 0.005
7410.72351 15.228 0.005
7413.68626 15.251 0.006
7416.69317 15.276 0.005
7424.63561 15.341 0.005
7427.66494 15.233 0.005
7431.66248 15.525 0.005
7435.65542 15.599 0.006
7439.66150 15.433 0.006
7443.63283 15.655 0.006
7449.63860 15.623 0.006
7453.61306 15.409 0.005
7462.62776 15.542 0.005
7466.57523 15.517 0.006
7472.58205 15.232 0.005
7476.53779 15.522 0.006
7488.49160 15.656 0.006
7499.51474 15.614 0.006
7507.48696 15.534 0.006
