5260.62701 12.929 0.005
5261.54182 12.977 0.005
5262.60856 13.036 0.005
5264.57225 13.201 0.005
5265.50605 13.277 0.005
5266.57097 13.340 0.005
5267.55231 13.389 0.005
5268.62687 13.353 0.005
5269.53622 13.297 0.005
5271.54501 13.252 0.005
5272.56217 12.673 0.005
5273.53414 12.776 0.005
5274.56531 12.853 0.005
5276.54436 12.908 0.005
5279.53250 13.012 0.005
5281.50793 13.174 0.005
5282.52663 13.284 0.005
5283.54274 13.348 0.005
5284.54607 13.400 0.005
5285.54764 13.381 0.005
5287.54090 13.269 0.005
5292.55783 12.855 0.005
5294.54062 12.912 0.005
5297.50879 13.070 0.005
5299.50626 13.244 0.005
5307.49584 12.695 0.005
5310.48657 12.884 0.005
5312.51433 12.943 0.005
5315.48522 13.136 0.005
5323.47101 13.113 0.005
5325.46468 12.818 0.005
5327.46455 12.872 0.005
5335.45920 13.363 0.005
5338.46572 13.287 0.005
5342.47356 12.791 0.005
5343.48314 12.843 0.005
5430.88672 12.873 0.005
5439.89617 13.391 0.005
5444.87827 12.668 0.005
5449.88299 12.926 0.005
5451.89205 13.034 0.005
5454.87776 13.288 0.005
5456.90346 13.404 0.005
5457.88580 13.375 0.005
5461.89809 12.705 0.005
5463.86313 12.855 0.005
5468.81111 13.015 0.005
5471.83381 13.265 0.005
5476.78950 13.285 0.005
5478.77825 12.850 0.005
5480.79194 12.844 0.005
5482.76816 12.877 0.005
5483.76614 12.905 0.005
5484.87562 12.971 0.005
5486.77466 13.057 0.005
5487.85363 13.178 0.005
5488.84753 13.263 0.005
5490.71378 13.383 0.005
5491.73409 13.404 0.005
5492.76762 13.350 0.005
5493.78992 13.266 0.005
5494.83464 13.315 0.005
5495.79181 12.988 0.005
5496.78961 12.695 0.005
5497.81980 12.835 0.005
5499.72681 12.870 0.005
5502.79695 13.011 0.005
5503.75221 13.062 0.005
5505.72187 13.214 0.005
5506.73935 13.312 0.005
5507.75747 13.385 0.005
5509.66587 13.367 0.005
5510.72180 13.276 0.005
5511.69798 13.307 0.005
5512.74104 13.162 0.005
5513.71132 12.681 0.005
5514.74387 12.838 0.005
5515.66114 12.858 0.005
5517.65979 12.895 0.005
5517.86072 12.898 0.005
5518.75620 12.923 0.005
5519.67972 12.961 0.005
5521.69947 13.104 0.005
5522.72460 13.194 0.005
5523.68930 13.270 0.005
5524.69775 13.363 0.005
5525.73082 13.409 0.005
5526.68287 13.391 0.005
5527.76361 13.304 0.005
5528.70463 13.288 0.005
5529.68497 13.261 0.005
5530.69217 12.711 0.005
5531.77536 12.808 0.005
5532.68346 12.866 0.005
5533.70681 12.862 0.005
5534.73836 12.890 0.005
5535.71514 12.915 0.005
5536.71782 12.958 0.005
5539.72807 13.180 0.005
5540.81220 13.269 0.005
5541.67839 13.334 0.005
5542.73678 13.389 0.005
5543.76830 13.368 0.005
5544.75581 13.309 0.005
5545.74507 13.269 0.005
5546.69475 13.299 0.005
5547.75453 12.759 0.005
5548.71451 12.737 0.005
5549.68063 12.839 0.005
5550.73447 12.878 0.005
5551.68497 12.888 0.005
5553.73804 12.949 0.005
5554.67135 12.994 0.005
5556.68597 13.155 0.005
5557.66711 13.242 0.005
5558.66803 13.316 0.005
5559.65821 13.368 0.005
5560.64989 13.384 0.005
5561.68346 13.323 0.005
5562.70303 13.260 0.005
5563.63700 13.308 0.005
5565.66829 12.687 0.005
5566.69557 12.851 0.005
5568.71587 12.868 0.005
5569.71042 12.891 0.005
5570.74916 12.929 0.005
5571.68099 12.978 0.005
5572.79742 13.046 0.005
5575.70246 13.303 0.005
5576.67668 13.380 0.005
5577.67821 13.391 0.005
5578.68499 13.348 0.005
5579.73535 13.262 0.005
5580.67903 13.317 0.005
5581.68149 13.111 0.005
5582.68928 12.675 0.005
5583.69606 12.838 0.005
5584.68209 12.849 0.005
5585.68193 12.873 0.005
5586.64570 12.888 0.005
5588.73179 12.965 0.005
5589.63783 13.035 0.005
5591.67516 13.205 0.005
5592.65741 13.289 0.005
5593.64037 13.360 0.005
5594.65657 13.384 0.005
5595.63524 13.355 0.005
5596.69838 13.290 0.005
5597.61583 13.290 0.005
5598.67997 13.218 0.005
5599.64575 12.673 0.005
5600.67850 12.793 0.005
5601.65813 12.852 0.005
5602.65684 12.863 0.005
5603.66559 12.884 0.005
5604.66274 12.912 0.005
5605.66783 12.975 0.005
5606.67918 13.023 0.005
5607.69060 13.083 0.005
5608.67747 13.174 0.005
5609.70919 13.274 0.005
5611.63975 13.388 0.005
5612.69227 13.361 0.005
5613.65474 13.301 0.005
5614.64739 13.271 0.005
5615.64118 13.281 0.005
5616.64993 12.733 0.005
5619.64041 12.857 0.005
5620.62640 12.863 0.005
5622.63507 12.936 0.005
5623.59795 12.993 0.005
5624.53905 13.059 0.005
5625.63070 13.156 0.005
5626.59180 13.232 0.005
5627.55650 13.317 0.005
5629.59675 13.385 0.005
5630.60817 13.318 0.005
5632.55628 13.307 0.005
5633.60527 12.898 0.005
5634.56569 12.693 0.005
5635.57000 12.820 0.005
5638.57460 12.890 0.005
5639.58486 12.927 0.005
5640.52385 12.978 0.005
5641.55150 13.047 0.005
5642.49975 13.129 0.005
5643.49752 13.211 0.005
5644.50027 13.299 0.005
5645.49900 13.353 0.005
5646.51199 13.380 0.005
5647.51395 13.341 0.005
5648.51384 13.260 0.005
5649.52937 13.301 0.005
5650.50980 13.124 0.005
5651.51573 12.675 0.005
5652.51067 12.818 0.005
5653.54076 12.851 0.005
5654.54929 12.862 0.005
5655.54044 12.879 0.005
5656.54935 12.915 0.005
5657.50929 12.958 0.005
5659.50858 13.096 0.005
5660.55397 13.194 0.005
5664.48817 13.358 0.005
5665.50340 13.281 0.005
5666.50020 13.285 0.005
5667.48238 13.219 0.005
5668.48792 12.679 0.005
5669.48193 12.798 0.005
5670.53340 12.850 0.005
5671.48378 12.853 0.005
5672.47824 12.883 0.005
5674.48675 12.944 0.005
5675.47962 13.006 0.005
5676.53451 13.072 0.005
5677.47634 13.171 0.005
5678.51054 13.256 0.005
5679.47820 13.332 0.005
5680.52626 13.373 0.005
5681.48929 13.367 0.005
5682.49038 13.295 0.005
5683.49496 13.271 0.005
5684.49897 13.270 0.005
5685.47151 12.753 0.005
5686.47240 12.764 0.005
5687.47315 12.825 0.005
5691.46609 12.936 0.005
5692.51454 12.997 0.005
5694.48270 13.145 0.005
5695.46712 13.233 0.005
5696.47554 13.315 0.005
5697.46544 13.369 0.005
5699.47498 13.340 0.005
5700.46657 13.257 0.005
5702.46345 12.884 0.005
5706.46316 12.866 0.005
5709.45026 12.962 0.005
5784.92370 13.365 0.005
5795.92971 13.017 0.005
5806.89051 12.738 0.005
5810.85488 12.902 0.005
5812.84768 12.999 0.005
5814.86450 13.147 0.005
5815.87614 13.244 0.005
5816.85027 13.316 0.005
5817.85088 13.381 0.005
5818.87997 13.384 0.005
5819.83395 13.336 0.005
5820.90139 13.261 0.005
5822.82161 12.995 0.005
5823.89647 12.695 0.005
5824.81845 12.829 0.005
5825.80671 12.858 0.005
5826.85519 12.881 0.005
5827.84916 12.901 0.005
5828.87537 12.950 0.005
5829.84877 13.003 0.005
5830.84034 13.052 0.005
5831.83201 13.135 0.005
5832.82143 13.217 0.005
5833.80579 13.300 0.005
5834.80672 13.376 0.005
5835.86663 13.395 0.005
5836.77315 13.355 0.005
5837.85248 13.269 0.005
5839.83412 13.133 0.005
5840.81709 12.687 0.005
5841.81411 12.814 0.005
5842.83227 12.852 0.005
5843.84776 12.881 0.005
5845.86277 12.928 0.005
5846.82324 12.974 0.005
5850.78710 13.287 0.005
5851.79616 13.355 0.005
5852.77989 13.384 0.005
5853.84963 13.356 0.005
5854.75494 13.298 0.005
5855.82465 13.309 0.005
5856.79623 13.248 0.005
5857.78056 12.682 0.005
5858.83042 12.781 0.005
5859.79898 12.858 0.005
5860.78404 12.876 0.005
5861.79303 12.887 0.005
5863.79496 12.968 0.005
5864.70352 13.031 0.005
5865.77310 13.085 0.005
5866.79723 13.181 0.005
5867.73612 13.267 0.005
5868.83759 13.357 0.005
5869.80310 13.400 0.005
5870.74291 13.387 0.005
5871.72900 13.325 0.005
5872.73836 13.279 0.005
5873.73358 13.311 0.005
5874.76714 12.776 0.005
5875.70307 12.730 0.005
5878.75284 12.879 0.005
5879.68810 12.902 0.005
5880.73955 12.947 0.005
5880.79057 12.943 0.005
5881.72615 13.007 0.005
5882.75693 13.077 0.005
5883.76090 13.152 0.005
5886.72823 13.373 0.005
5887.80060 13.403 0.005
5888.78925 13.333 0.005
5889.83144 13.262 0.005
5890.76500 13.323 0.005
5891.72365 12.966 0.005
5892.74142 12.706 0.005
5893.75952 12.849 0.005
5894.78295 12.867 0.005
5895.80007 12.883 0.005
5896.78311 12.909 0.005
5897.72993 12.940 0.005
5898.71211 12.992 0.005
5899.77129 13.056 0.005
5900.72091 13.129 0.005
5901.77022 13.225 0.005
5902.72147 13.303 0.005
5903.77666 13.375 0.005
5904.75124 13.398 0.005
5905.72530 13.351 0.005
5906.73718 13.271 0.005
5907.71528 13.319 0.005
5908.74053 13.109 0.005
5909.78507 12.677 0.005
5910.69785 12.825 0.005
5911.72970 12.866 0.005
5912.75018 12.882 0.005
5913.72212 12.909 0.005
5914.74474 12.934 0.005
5915.70179 12.979 0.005
5916.75564 13.044 0.005
5917.71928 13.117 0.005
5922.73631 13.365 0.005
5923.71255 13.296 0.005
5924.69386 13.295 0.005
5925.70790 13.220 0.005
5926.71969 12.668 0.005
5927.71869 12.788 0.005
5929.69283 12.873 0.005
5930.83802 12.881 0.005
5931.65842 12.911 0.005
5932.65660 12.960 0.005
5933.70702 13.029 0.005
5934.70305 13.102 0.005
5935.65409 13.176 0.005
5936.64817 13.267 0.005
5937.67792 13.356 0.005
5938.67869 13.386 0.005
5939.72245 13.373 0.005
5940.75840 13.295 0.005
5941.75833 13.276 0.005
5942.78268 13.255 0.005
5943.74018 12.731 0.005
5944.73342 12.777 0.005
5945.71372 12.866 0.005
5946.65356 12.869 0.005
5946.76991 12.866 0.005
5947.72051 12.879 0.005
5948.70931 12.908 0.005
5949.72550 12.948 0.005
5950.64650 13.008 0.005
5951.67186 13.077 0.005
5952.69645 13.155 0.005
5953.69440 13.250 0.005
5954.69193 13.338 0.005
5955.71456 13.386 0.005
5956.71460 13.379 0.005
5958.73178 13.261 0.005
5959.70376 13.311 0.005
5960.70581 12.853 0.005
5961.63754 12.724 0.005
5962.63844 12.833 0.005
5963.60515 12.845 0.005
5964.61713 12.870 0.005
5967.63818 12.985 0.005
5968.63830 13.055 0.005
5969.61431 13.137 0.005
5970.59181 13.226 0.005
5971.68469 13.320 0.005
5972.67107 13.371 0.005
5973.65411 13.392 0.005
5976.64332 13.303 0.005
5977.67687 13.034 0.005
5978.65329 12.699 0.005
5979.60349 12.807 0.005
5980.61913 12.849 0.005
5981.64261 12.871 0.005
5982.64849 12.889 0.005
5983.69116 12.939 0.005
5984.63018 12.989 0.005
5985.66252 13.036 0.005
5986.59228 13.112 0.005
5987.66774 13.211 0.005
5988.63423 13.291 0.005
5989.59817 13.362 0.005
5990.59167 13.382 0.005
5991.66669 13.356 0.005
5992.62693 13.274 0.005
5993.58383 13.294 0.005
5994.58248 13.203 0.005
5995.63020 12.666 0.005
5996.60027 12.796 0.005
5997.60244 12.843 0.005
5998.60079 12.864 0.005
5998.66122 12.885 0.005
6000.61688 12.913 0.005
6002.58060 13.023 0.005
6003.54672 13.088 0.005
6004.60713 13.186 0.005
6005.57477 13.266 0.005
6006.57412 13.353 0.005
6007.57244 13.396 0.005
6009.54807 13.301 0.005
6010.60011 13.264 0.005
6011.56239 13.273 0.005
6012.56146 12.729 0.005
6013.54320 12.754 0.005
6014.56215 12.823 0.005
6015.55752 12.863 0.005
6016.59815 12.898 0.005
6017.56132 12.908 0.005
6019.56331 12.994 0.005
6020.58692 13.075 0.005
6021.57500 13.157 0.005
6022.58650 13.248 0.005
6023.56054 13.330 0.005
6024.58339 13.385 0.005
6025.58339 13.374 0.005
6026.52968 13.317 0.005
6028.56642 13.301 0.005
6031.51178 12.829 0.005
6032.50432 12.843 0.005
6033.49187 12.867 0.005
6034.49748 12.891 0.005
6035.52287 12.928 0.005
6036.49969 12.975 0.005
6037.49939 13.042 0.005
6038.49111 13.124 0.005
6039.49778 13.215 0.005
6040.50008 13.306 0.005
6042.49770 13.388 0.005
6047.47476 12.667 0.005
6048.47347 12.821 0.005
6049.49678 12.860 0.005
6050.47237 12.863 0.005
6052.48801 12.933 0.005
6053.48508 12.980 0.005
6055.49368 13.111 0.005
6056.48066 13.191 0.005
6057.47654 13.293 0.005
6058.47703 13.350 0.005
6059.47787 13.375 0.005
6060.48062 13.352 0.005
6061.47175 13.261 0.005
6062.46579 13.291 0.005
6123.91514 13.078 0.005
6137.91309 12.900 0.005
6149.93671 12.942 0.005
6164.92720 13.267 0.005
6174.90465 13.031 0.005
6179.90484 13.390 0.005
6181.87158 13.286 0.005
6182.87614 13.291 0.005
6183.87783 13.227 0.005
6185.85410 12.789 0.005
6193.86844 13.174 0.005
6194.88543 13.270 0.005
6196.80772 13.387 0.005
6196.89463 13.384 0.005
6198.85265 13.299 0.005
6198.89483 13.299 0.005
6199.80766 13.267 0.005
6199.87810 13.270 0.005
6200.82781 13.289 0.005
6200.88391 13.279 0.005
6202.74219 12.719 0.005
6202.81301 12.734 0.005
6202.88197 12.745 0.005
6202.90056 12.748 0.005
6203.74151 12.821 0.005
6203.81141 12.828 0.005
6203.86403 12.834 0.005
6203.89980 12.837 0.005
6204.72554 12.844 0.005
6204.72843 12.846 0.005
6204.78946 12.852 0.005
6204.84794 12.860 0.005
6204.89696 12.858 0.005
6206.78333 12.893 0.005
6207.87530 12.933 0.005
6208.77068 12.988 0.005
6210.85807 13.150 0.005
6212.82675 13.321 0.005
6216.82463 13.256 0.005
6219.80963 12.680 0.005
6222.82381 12.874 0.005
6223.85349 12.902 0.005
6223.87511 12.910 0.005
6224.83243 12.927 0.005
6224.87001 12.930 0.005
6225.64502 12.976 0.005
6225.72848 12.973 0.005
6225.82355 12.983 0.005
6226.68346 13.043 0.005
6226.79546 13.050 0.005
6226.87271 13.052 0.005
6227.81290 13.130 0.005
6228.62401 13.201 0.005
6228.68148 13.222 0.005
6229.62664 13.294 0.005
6229.69570 13.299 0.005
6229.77242 13.303 0.005
6229.86498 13.314 0.005
6230.64934 13.358 0.005
6230.71435 13.364 0.005
6230.86806 13.369 0.005
6231.86140 13.391 0.005
6232.81803 13.344 0.005
6232.87190 13.340 0.005
6233.82457 13.261 0.005
6235.77582 13.099 0.005
6237.86942 12.837 0.005
6238.82716 12.849 0.005
6239.80117 12.872 0.005
6241.79809 12.919 0.005
6242.84103 12.980 0.005
6243.80940 13.047 0.005
6244.74284 13.110 0.005
6252.75321 13.211 0.005
6252.83372 13.171 0.005
6252.85770 13.162 0.005
6254.78390 12.800 0.005
6257.81172 12.883 0.005
6265.80802 13.386 0.005
6277.52819 12.987 0.005
6277.53043 12.988 0.005
6277.53267 12.988 0.005
6277.53524 12.986 0.005
6277.67123 13.005 0.005
6282.78551 13.375 0.005
6286.71877 13.314 0.005
6299.76652 13.371 0.005
6300.59093 13.384 0.005
6300.67895 13.382 0.005
6300.75468 13.384 0.005
6301.54984 13.351 0.005
6301.57127 13.349 0.005
6301.59310 13.354 0.005
6301.61524 13.347 0.005
6301.63511 13.342 0.005
6301.65735 13.342 0.005
6301.67972 13.347 0.005
6301.69561 13.340 0.005
6301.72208 13.342 0.005
6301.74234 13.347 0.005
6301.76291 13.349 0.005
6301.78297 13.338 0.005
6301.80621 13.367 0.005
6301.82555 13.343 0.005
6302.56536 13.268 0.005
6302.67071 13.268 0.005
6302.76890 13.261 0.005
6303.54191 13.306 0.005
6303.74010 13.318 0.005
6304.54790 13.146 0.005
6305.69024 12.665 0.005
6306.63288 12.820 0.005
6307.62210 12.868 0.005
6308.68125 12.876 0.005
6311.69781 12.984 0.005
6312.68104 13.044 0.005
6323.66541 12.804 0.005
6329.62460 13.014 0.005
6347.59765 13.074 0.005
6356.61510 12.848 0.005
6363.53251 12.984 0.005
6371.55721 13.263 0.005
6372.51917 13.323 0.005
6372.58204 13.317 0.005
6373.53275 13.081 0.005
6373.56419 13.074 0.005
6373.59887 13.049 0.005
6374.60602 12.703 0.005
6376.52055 12.842 0.005
6376.59120 12.847 0.005
6508.93702 13.290 0.005
6520.88964 13.192 0.005
6531.90078 12.871 0.005
6547.86625 12.833 0.005
6561.83433 13.302 0.005
6568.90006 12.933 0.005
6569.66468 12.965 0.005
6569.71274 12.972 0.005
6569.75777 12.977 0.005
6569.85213 12.979 0.005
6569.89132 12.994 0.005
6571.84109 13.122 0.005
6577.88166 13.283 0.005
6580.79188 12.674 0.005
6583.78784 12.891 0.005
6592.73784 13.389 0.005
6592.75027 13.391 0.005
6592.77858 13.391 0.005
6593.63576 13.382 0.005
6593.66056 13.380 0.005
6593.68250 13.375 0.005
6593.70263 13.371 0.005
6593.72099 13.374 0.005
6593.74911 13.372 0.005
6593.76941 13.380 0.005
6593.84030 13.362 0.005
6593.85420 13.366 0.005
6593.86829 13.372 0.005
6594.71017 13.327 0.005
6594.72972 13.320 0.005
6595.70974 13.262 0.005
6595.76252 13.269 0.005
6596.77333 13.294 0.005
6608.82809 13.333 0.005
6612.76429 13.269 0.005
6616.72615 12.844 0.005
6622.78011 13.057 0.005
6628.80774 13.335 0.005
6638.73311 12.985 0.005
6645.73102 13.364 0.005
6649.73796 12.659 0.005
6654.75807 12.936 0.005
6658.77471 13.198 0.005
6662.73654 13.375 0.005
6667.79669 12.773 0.005
6672.77141 12.947 0.005
6680.76565 13.327 0.005
6690.64827 13.015 0.005
6697.70893 13.348 0.005
6705.67216 12.891 0.005
6712.64150 13.357 0.005
6736.61145 12.810 0.005
6871.92099 13.321 0.005
6887.91891 13.268 0.005
6896.88970 12.969 0.005
6907.87185 12.710 0.005
6926.80156 12.849 0.005
6932.81022 13.073 0.005
6938.79567 13.333 0.005
6942.79315 12.724 0.005
6950.84395 13.155 0.005
6956.76766 13.265 0.005
6956.84679 13.259 0.005
6961.84138 12.862 0.005
6967.71280 13.108 0.005
6973.71826 13.287 0.005
6980.75521 12.909 0.005
6987.78616 13.348 0.005
6992.75833 13.281 0.005
6997.76408 12.888 0.005
7002.70789 13.160 0.005
7007.71921 13.324 0.005
7013.67258 12.858 0.005
7016.77825 12.945 0.005
7020.78032 13.242 0.005
7024.75815 13.341 0.005
7028.71132 12.703 0.005
7033.76538 12.934 0.005
7037.73892 13.218 0.005
7042.73649 13.275 0.005
7046.73769 12.810 0.005
7051.72823 12.973 0.005
7056.66864 13.361 0.005
7062.66034 12.705 0.005
7069.65649 13.011 0.005
7074.66764 13.380 0.005
7080.58394 12.729 0.005
7083.61068 12.883 0.005
7086.61881 13.014 0.005
7091.59964 13.374 0.005
7103.56763 12.998 0.005
7112.57999 13.301 0.005
7115.57454 12.815 0.005
7119.53461 12.912 0.005
7126.52357 13.398 0.005
7131.52813 12.702 0.005
7134.49841 12.863 0.005
7137.52831 12.955 0.005
7143.49298 13.384 0.005
7277.90020 13.140 0.005
7287.90032 12.826 0.005
7292.83291 12.968 0.005
7294.79589 13.123 0.005
7297.79481 13.354 0.005
7304.87369 12.818 0.005
7312.79166 13.185 0.005
7319.77027 13.286 0.005
7322.74301 12.848 0.005
7327.84694 13.009 0.005
7339.75707 12.856 0.005
7345.71557 13.056 0.005
7354.79240 13.016 0.005
7361.81525 12.991 0.005
7366.68782 13.365 0.005
7373.84112 12.829 0.005
7377.81301 12.926 0.005
7382.71124 13.282 0.005
7385.72467 13.377 0.005
7390.74648 12.863 0.005
7399.75108 13.260 0.005
7404.74067 13.279 0.005
7408.71377 12.861 0.005
7410.71515 12.907 0.005
7413.67791 12.997 0.005
7416.68479 13.238 0.005
7424.62716 12.803 0.005
7427.66273 12.897 0.005
7431.65292 13.084 0.005
7435.64650 13.369 0.005
7439.65268 13.328 0.005
7443.62429 12.997 0.005
7449.63001 13.120 0.005
7453.60446 13.396 0.005
7462.61893 12.903 0.005
7466.56660 13.084 0.005
7472.57338 13.315 0.005
7476.52907 12.766 0.005
7488.48287 13.385 0.005
7499.50603 13.012 0.005
7507.47825 13.276 0.005
