5261.67951 15.418 0.005
5262.67301 15.205 0.005
5264.64361 15.230 0.005
5265.64159 15.384 0.006
5266.63531 15.253 0.005
5268.50394 15.240 0.006
5269.59879 15.331 0.005
5270.60111 15.295 0.005
5271.60828 15.275 0.005
5273.59659 15.235 0.005
5275.59605 15.191 0.005
5276.60716 15.367 0.005
5280.56365 15.401 0.005
5281.58548 15.171 0.005
5282.59039 15.422 0.006
5284.57871 15.421 0.006
5286.57860 15.406 0.005
5290.51282 15.378 0.005
5293.50606 15.293 0.005
5295.53485 15.325 0.005
5297.55779 15.351 0.005
5298.58738 15.170 0.005
5299.54017 15.381 0.006
5301.56396 15.393 0.005
5305.52476 15.417 0.006
5307.55815 15.418 0.006
5309.50907 15.414 0.006
5311.55415 15.350 0.006
5313.53665 15.318 0.006
5315.51742 15.279 0.006
5322.51400 15.379 0.006
5323.50337 15.156 0.005
5325.49847 15.176 0.005
5327.52095 15.195 0.005
5337.49777 15.323 0.006
5341.51286 15.370 0.007
5343.51537 15.398 0.007
5436.87208 15.334 0.005
5443.88568 15.182 0.005
5448.88514 15.410 0.005
5451.86016 15.267 0.005
5455.88903 15.328 0.005
5457.80397 15.322 0.005
5459.90012 15.380 0.005
5462.85685 15.153 0.005
5467.88417 15.415 0.005
5468.88803 15.211 0.005
5470.84799 15.214 0.005
5471.89561 15.385 0.005
5473.83050 15.372 0.005
5477.83373 15.269 0.005
5478.85539 15.334 0.005
5481.77942 15.204 0.005
5482.83331 15.374 0.005
5484.82487 15.392 0.005
5485.87591 15.165 0.005
5487.77548 15.163 0.005
5488.83201 15.422 0.005
5489.82032 15.190 0.005
5490.87151 15.420 0.005
5491.79042 15.218 0.006
5492.86354 15.385 0.005
5494.75449 15.392 0.005
5497.75953 15.284 0.005
5503.85671 15.364 0.005
5507.82330 15.400 0.005
5510.83904 15.199 0.005
5512.85753 15.226 0.005
5514.86015 15.253 0.005
5517.72197 15.376 0.005
5519.81821 15.277 0.005
5522.79501 15.334 0.005
5524.77011 15.360 0.005
5526.77376 15.393 0.005
5528.75202 15.398 0.005
5529.82612 15.175 0.005
5530.81044 15.432 0.005
5531.73813 15.164 0.005
5533.76715 15.197 0.005
5534.84911 15.399 0.005
5536.69991 15.417 0.005
5540.84422 15.268 0.005
5542.80002 15.242 0.005
5544.70737 15.238 0.005
5546.76222 15.182 0.005
5548.81339 15.171 0.005
5550.78225 15.167 0.005
5553.85814 15.429 0.007
5556.84181 15.238 0.005
5557.80313 15.384 0.005
5558.81325 15.268 0.005
5559.83024 15.323 0.005
5560.84251 15.297 0.005
5561.81554 15.289 0.005
5562.84113 15.337 0.005
5563.80143 15.247 0.005
5565.82883 15.191 0.005
5566.82072 15.382 0.005
5568.83772 15.404 0.005
5571.82837 15.183 0.005
5572.83185 15.422 0.005
5573.84145 15.176 0.005
5574.85754 15.424 0.006
5575.84031 15.216 0.005
5576.84243 15.406 0.005
5577.83351 15.238 0.005
5578.79919 15.388 0.005
5579.83303 15.270 0.006
5580.77980 15.354 0.005
5581.78186 15.276 0.005
5582.81132 15.289 0.005
5583.76316 15.308 0.005
5584.77834 15.255 0.005
5585.75093 15.334 0.005
5589.75198 15.381 0.005
5590.71517 15.169 0.005
5592.80771 15.152 0.005
5594.72401 15.172 0.005
5595.75246 15.423 0.005
5596.78276 15.205 0.005
5597.75197 15.427 0.005
5598.76149 15.224 0.005
5599.74165 15.397 0.005
5600.77874 15.262 0.005
5601.77325 15.364 0.005
5602.75998 15.274 0.005
5604.76441 15.300 0.005
5605.76776 15.269 0.005
5606.74690 15.313 0.005
5608.74653 15.349 0.006
5609.75437 15.195 0.005
5614.69959 15.407 0.005
5616.71659 15.419 0.005
5623.66675 15.260 0.005
5624.66662 15.362 0.005
5626.62398 15.350 0.005
5629.64404 15.323 0.005
5631.60271 15.343 0.005
5633.65257 15.369 0.005
5635.64346 15.391 0.006
5639.62808 15.412 0.006
5641.61590 15.423 0.005
5643.57946 15.421 0.005
5645.58834 15.397 0.005
5647.61189 15.356 0.005
5649.59409 15.317 0.005
5652.59911 15.332 0.005
5654.59958 15.353 0.005
5656.58659 15.378 0.005
5657.58745 15.160 0.005
5660.58648 15.409 0.005
5666.56734 15.411 0.006
5668.55214 15.376 0.005
5669.55183 15.262 0.005
5671.56532 15.301 0.006
5674.57120 15.228 0.005
5675.56312 15.347 0.005
5677.56273 15.366 0.005
5678.54349 15.172 0.005
5681.53933 15.405 0.005
5684.53269 15.189 0.005
5686.53575 15.207 0.005
5687.52180 15.414 0.005
5691.50102 15.354 0.006
5694.51921 15.306 0.006
5696.50741 15.335 0.006
5698.51813 15.356 0.006
5699.51376 15.184 0.006
5702.49793 15.401 0.006
5709.47989 15.204 0.005
5787.91629 15.251 0.005
5802.92623 15.193 0.006
5804.90495 15.196 0.005
5810.90208 15.282 0.005
5813.87407 15.273 0.005
5817.89961 15.182 0.005
5820.88175 15.405 0.005
5823.87407 15.181 0.005
5825.87600 15.200 0.005
5827.89557 15.233 0.005
5830.88678 15.357 0.005
5832.86791 15.324 0.005
5834.86845 15.277 0.005
5835.89815 15.333 0.005
5837.81492 15.334 0.005
5839.88035 15.384 0.005
5842.86377 15.169 0.005
5846.85512 15.180 0.005
5851.87564 15.375 0.005
5858.86240 15.337 0.005
5859.84842 15.200 0.005
5860.83155 15.360 0.005
5863.85024 15.162 0.005
5864.79780 15.397 0.005
5865.86341 15.173 0.005
5866.86121 15.423 0.005
5870.77486 15.420 0.005
5871.76510 15.209 0.005
5873.81071 15.244 0.005
5874.84911 15.339 0.005
5875.84102 15.283 0.005
5879.81506 15.329 0.005
5881.83760 15.359 0.005
5882.85996 15.169 0.005
5885.81658 15.401 0.005
5887.85714 15.420 0.005
5889.72898 15.425 0.005
5891.75563 15.425 0.005
5893.79417 15.396 0.005
5895.83170 15.346 0.005
5897.81737 15.311 0.005
5898.85798 15.315 0.005
5899.82250 15.256 0.005
5901.71028 15.280 0.005
5902.82331 15.357 0.005
5904.82603 15.385 0.005
5905.83133 15.159 0.005
5906.82445 15.402 0.005
5907.82815 15.162 0.005
5908.82286 15.417 0.005
5910.83397 15.426 0.005
5911.82780 15.200 0.005
5912.86352 15.391 0.006
5913.82162 15.220 0.005
5914.85890 15.383 0.005
5915.83751 15.257 0.005
5916.85614 15.336 0.005
5917.83455 15.291 0.005
5923.80346 15.352 0.005
5924.81895 15.192 0.005
5926.85973 15.168 0.005
5927.81863 15.402 0.005
5929.84078 15.419 0.005
5931.78840 15.437 0.005
5932.81345 15.193 0.005
5933.83977 15.409 0.005
5934.84339 15.236 0.005
5937.78877 15.376 0.005
5938.80603 15.273 0.005
5939.80933 15.326 0.005
5940.82557 15.310 0.005
5941.81021 15.270 0.005
5942.83512 15.340 0.005
5943.80949 15.217 0.005
5944.79999 15.348 0.005
5945.79966 15.194 0.005
5947.78713 15.182 0.005
5948.77690 15.385 0.005
5949.79182 15.163 0.005
5950.75136 15.395 0.005
5952.78655 15.419 0.005
5953.79965 15.203 0.005
5954.79991 15.417 0.005
5955.78219 15.216 0.005
5958.76848 15.391 0.005
5961.76349 15.286 0.005
5962.72906 15.320 0.005
5965.70418 15.331 0.005
5967.72187 15.373 0.005
5968.75412 15.177 0.005
5969.76647 15.391 0.005
5970.73254 15.160 0.005
5971.78235 15.412 0.005
5973.71005 15.411 0.005
5973.78298 15.429 0.005
5974.69093 15.166 0.005
5976.76281 15.193 0.005
5978.72171 15.217 0.005
5979.72791 15.406 0.005
5981.69712 15.382 0.005
5983.72829 15.327 0.005
5985.72957 15.276 0.005
5987.63782 15.259 0.005
5988.70064 15.350 0.005
5991.70324 15.168 0.005
5993.67330 15.166 0.005
5994.69148 15.412 0.005
5996.67205 15.432 0.006
5997.67667 15.188 0.005
6001.64718 15.232 0.005
6004.65969 15.368 0.005
6007.63367 15.299 0.005
6012.62839 15.186 0.005
6015.61813 15.398 0.005
6016.63620 15.169 0.005
6020.62366 15.200 0.005
6021.62698 15.423 0.005
6026.61011 15.273 0.005
6034.54922 15.359 0.005
6035.57428 15.184 0.005
6036.58309 15.391 0.005
6037.56839 15.186 0.005
6038.58915 15.419 0.005
6039.57897 15.168 0.005
6040.58087 15.428 0.005
6048.53977 15.383 0.005
6049.56297 15.273 0.005
6053.52184 15.313 0.005
6059.52191 15.399 0.005
6083.47229 15.164 0.005
6151.91760 15.236 0.005
6167.91860 15.265 0.005
6185.90608 15.411 0.005
6196.83853 15.346 0.005
6200.87816 15.401 0.005
6202.89779 15.421 0.006
6203.89491 15.188 0.005
6208.87326 15.404 0.005
6212.88891 15.307 0.006
6213.86582 15.331 0.006
6215.85871 15.345 0.005
6220.78862 15.186 0.005
6223.84791 15.425 0.005
6226.81316 15.189 0.005
6230.82467 15.224 0.005
6234.87195 15.299 0.005
6238.87021 15.355 0.005
6243.84574 15.174 0.005
6245.80840 15.162 0.005
6249.76224 15.194 0.005
6252.76821 15.408 0.005
6255.77092 15.278 0.005
6258.75191 15.281 0.005
6263.83266 15.397 0.005
6267.79765 15.422 0.005
6272.81248 15.238 0.005
6277.80013 15.307 0.005
6281.85330 15.182 0.005
6285.74616 15.167 0.005
6289.82397 15.184 0.005
6293.86420 15.260 0.005
6296.82173 15.356 0.005
6301.82132 15.330 0.005
6305.77108 15.380 0.005
6311.71377 15.414 0.005
6318.71005 15.254 0.005
6339.65417 15.226 0.005
6343.64764 15.294 0.005
6353.66515 15.418 0.005
6362.53911 15.231 0.005
6371.59075 15.184 0.005
6377.55519 15.166 0.005
6386.53593 15.357 0.005
6388.53640 15.308 0.005
6390.53450 15.270 0.005
6391.52831 15.336 0.005
6395.49614 15.386 0.005
6396.51782 15.178 0.005
6397.51898 15.403 0.005
6398.50992 15.153 0.005
6399.50716 15.424 0.005
6400.50682 15.172 0.005
6401.49319 15.438 0.005
6402.48177 15.195 0.005
6402.53056 15.220 0.005
6404.50413 15.225 0.005
6407.50130 15.374 0.005
6516.92168 15.180 0.005
6522.86585 15.217 0.005
6533.88120 15.195 0.005
6548.87923 15.338 0.005
6568.89053 15.267 0.005
6575.89144 15.182 0.005
6582.83466 15.421 0.005
6586.79141 15.420 0.005
6596.80022 15.244 0.005
6609.75981 15.412 0.005
6613.82236 15.322 0.005
6617.74261 15.266 0.005
6627.81078 15.194 0.005
6636.82151 15.269 0.005
6643.79970 15.386 0.005
6648.83230 15.187 0.005
6653.77941 15.396 0.005
6659.72500 15.278 0.005
6663.80749 15.173 0.005
6670.78055 15.421 0.005
6675.81430 15.261 0.005
6680.81092 15.226 0.005
6685.77024 15.400 0.005
6692.73592 15.190 0.005
6696.74786 15.252 0.005
6701.67033 15.307 0.005
6706.72798 15.372 0.005
6709.70729 15.167 0.005
6716.67336 15.416 0.005
6735.65989 15.440 0.005
6890.92747 15.212 0.006
6910.90633 15.339 0.005
6922.84983 15.417 0.005
6929.88359 15.303 0.005
6937.80961 15.375 0.005
6941.82992 15.418 0.006
6951.87246 15.270 0.005
6957.82698 15.168 0.005
6963.82004 15.177 0.005
6968.82988 15.397 0.005
6973.83416 15.319 0.005
6978.79346 15.188 0.005
6985.83931 15.426 0.005
6994.81800 15.299 0.005
6999.85076 15.187 0.005
7004.80405 15.404 0.005
7008.77660 15.407 0.005
7013.80635 15.280 0.005
7017.82261 15.335 0.005
7021.80476 15.373 0.005
7025.79321 15.405 0.005
7029.74447 15.428 0.005
7033.79983 15.372 0.005
7036.77838 15.289 0.005
7045.74379 15.165 0.005
7050.72228 15.417 0.005
7055.73845 15.248 0.005
7056.74734 15.346 0.005
7061.72240 15.322 0.005
7075.71311 15.402 0.005
7079.70036 15.329 0.005
7082.65224 15.305 0.005
7085.66795 15.203 0.005
7087.63754 15.166 0.005
7090.63195 15.400 0.005
7093.62321 15.159 0.005
7102.60897 15.324 0.005
7112.61431 15.176 0.005
7114.59376 15.163 0.005
7120.59392 15.233 0.005
7129.55262 15.225 0.005
7132.54730 15.381 0.005
7136.50966 15.404 0.005
7141.53703 15.218 0.005
7290.88753 15.328 0.005
7293.84641 15.187 0.005
7297.85056 15.173 0.005
7306.86750 15.350 0.005
7312.84288 15.218 0.005
7324.81040 15.199 0.005
7338.77134 15.374 0.005
7342.74130 15.406 0.005
7348.71364 15.416 0.005
7355.78832 15.325 0.005
7366.77503 15.194 0.005
7376.78334 15.330 0.005
7380.72552 15.363 0.005
7384.69906 15.395 0.005
7387.76260 15.187 0.005
7391.72732 15.225 0.005
7398.77888 15.219 0.005
7401.77013 15.363 0.005
7404.76686 15.151 0.005
7408.75101 15.175 0.005
7412.70925 15.210 0.005
7416.72348 15.284 0.005
7426.70146 15.393 0.005
7431.68922 15.192 0.005
7436.66643 15.375 0.005
7440.65700 15.289 0.005
7444.67083 15.202 0.005
7449.66742 15.404 0.005
7456.62820 15.225 0.005
7464.56264 15.314 0.005
7470.55609 15.386 0.005
7474.57924 15.420 0.005
7485.56849 15.318 0.005
7492.48745 15.177 0.005
7508.50271 15.321 0.005
