5260.64086 15.535 0.007
5261.64422 15.780 0.008
5262.63801 15.970 0.008
5264.60542 15.770 0.008
5265.60667 15.953 0.009
5266.59924 15.529 0.008
5267.61248 15.773 0.008
5268.59514 15.963 0.008
5269.56442 15.508 0.007
5270.55103 15.768 0.008
5271.57381 15.955 0.008
5273.56227 15.781 0.008
5274.59340 15.953 0.008
5275.57665 15.518 0.007
5276.57271 15.764 0.008
5279.56083 15.784 0.008
5281.53626 15.508 0.007
5282.55570 15.772 0.008
5284.55930 15.517 0.007
5286.54200 15.959 0.008
5288.55569 15.770 0.008
5291.54983 15.772 0.008
5293.54115 15.521 0.008
5295.49732 15.960 0.008
5297.52306 15.771 0.008
5298.56807 15.967 0.008
5301.52886 15.966 0.008
5306.52535 15.766 0.008
5308.53311 15.513 0.008
5309.55378 15.772 0.008
5311.51872 15.517 0.008
5313.50270 15.962 0.009
5314.51747 15.517 0.008
5322.46497 15.949 0.009
5325.47925 15.944 0.009
5327.48156 15.769 0.008
5335.47226 15.507 0.007
5341.49376 15.521 0.008
5343.49636 15.975 0.010
5430.91444 15.865 0.008
5439.92393 15.846 0.009
5444.89399 15.867 0.008
5448.91293 15.851 0.008
5451.82634 15.927 0.008
5454.90530 15.851 0.008
5457.76920 15.946 0.007
5459.88114 15.862 0.007
5462.87008 15.875 0.008
5467.85001 15.648 0.007
5468.83893 15.867 0.008
5470.81386 15.639 0.007
5471.86160 15.864 0.007
5473.79644 15.640 0.007
5477.79840 15.862 0.007
5478.80588 15.917 0.007
5481.74524 15.959 0.008
5484.79060 15.932 0.008
5485.81736 15.633 0.007
5487.73823 15.952 0.008
5488.74125 15.624 0.007
5489.83351 15.862 0.008
5490.74236 15.957 0.008
5491.85574 15.645 0.008
5492.77779 15.856 0.008
5493.80010 15.918 0.008
5494.84485 15.654 0.007
5495.80200 15.853 0.007
5496.79985 15.907 0.008
5497.83000 15.643 0.007
5502.80718 15.892 0.008
5503.76239 15.627 0.007
5505.73208 15.961 0.008
5506.74959 15.623 0.006
5507.76770 15.854 0.007
5509.67609 15.607 0.007
5510.73198 15.844 0.008
5511.70819 15.966 0.008
5512.75126 15.631 0.007
5513.72157 15.846 0.007
5514.75411 15.935 0.008
5515.67136 15.598 0.007
5516.75693 15.846 0.007
5517.67006 15.972 0.008
5518.76646 15.643 0.008
5519.69288 15.841 0.008
5521.70973 15.618 0.008
5524.70800 15.632 0.007
5525.74107 15.849 0.007
5527.77382 15.638 0.007
5528.71494 15.849 0.008
5529.69521 15.952 0.008
5530.70244 15.625 0.007
5531.78562 15.858 0.007
5532.69377 15.968 0.008
5533.71712 15.624 0.007
5534.74862 15.859 0.008
5535.72549 15.940 0.008
5536.72812 15.626 0.007
5543.77864 15.870 0.008
5546.70507 15.852 0.008
5547.76487 15.912 0.008
5548.72613 15.635 0.007
5549.69102 15.851 0.008
5550.74488 15.923 0.008
5551.70238 15.631 0.008
5554.68173 15.630 0.008
5556.69637 15.948 0.008
5558.67844 15.856 0.008
5559.72162 15.924 0.008
5560.66031 15.616 0.007
5561.69411 15.851 0.008
5562.71345 15.933 0.008
5563.64740 15.611 0.007
5566.70602 15.634 0.006
5568.72630 15.921 0.008
5569.72086 15.643 0.007
5570.76042 15.860 0.008
5571.69143 15.951 0.008
5572.80863 15.662 0.007
5576.68715 15.854 0.007
5577.68941 15.931 0.008
5578.69570 15.632 0.007
5579.74665 15.869 0.008
5580.69069 15.934 0.008
5581.69281 15.642 0.007
5582.69978 15.858 0.008
5583.70654 15.916 0.007
5584.69258 15.628 0.007
5585.69245 15.851 0.007
5586.65623 15.942 0.008
5587.63839 15.622 0.006
5588.71574 15.862 0.007
5588.74233 15.883 0.008
5589.64838 15.958 0.008
5591.68571 15.862 0.007
5593.65093 15.627 0.007
5595.64583 15.956 0.007
5596.70894 15.632 0.006
5598.69272 15.935 0.008
5599.65634 15.621 0.007
5600.68907 15.863 0.007
5601.66871 15.928 0.007
5602.66744 15.629 0.007
5603.64959 15.857 0.008
5604.57786 15.982 0.008
5604.64718 15.953 0.008
5604.71998 15.899 0.008
5605.73912 15.648 0.006
5606.55597 15.835 0.007
5606.71788 15.873 0.008
5607.72220 15.873 0.008
5609.69342 15.854 0.008
5611.67688 15.628 0.008
5612.67598 15.853 0.008
5613.62269 15.947 0.008
5613.67804 15.915 0.009
5614.66927 15.624 0.007
5615.58172 15.852 0.008
5615.71248 15.866 0.008
5616.70119 15.898 0.008
5617.53432 15.591 0.007
5617.66574 15.632 0.007
5619.54979 15.973 0.008
5619.66053 15.928 0.007
5620.54297 15.597 0.008
5622.64577 15.941 0.008
5623.60861 15.616 0.007
5624.54977 15.835 0.008
5625.64135 15.931 0.008
5626.60245 15.632 0.007
5627.56720 15.837 0.007
5629.60743 15.618 0.007
5630.61886 15.848 0.008
5632.56698 15.614 0.007
5633.61595 15.852 0.008
5634.57642 15.967 0.008
5635.58072 15.620 0.007
5638.58532 15.614 0.008
5639.59560 15.842 0.008
5640.53455 15.975 0.008
5641.56223 15.612 0.007
5647.52467 15.615 0.007
5649.54011 15.955 0.008
5650.52054 15.595 0.007
5653.55145 15.610 0.007
5654.56000 15.843 0.008
5655.55117 15.974 0.008
5656.56006 15.610 0.007
5657.52001 15.848 0.008
5659.51933 15.610 0.007
5660.56471 15.847 0.007
5664.49889 15.970 0.008
5665.51413 15.611 0.008
5666.51096 15.851 0.008
5667.49311 15.970 0.008
5668.49866 15.607 0.007
5669.49264 15.840 0.008
5670.54415 15.954 0.008
5671.49453 15.629 0.008
5672.48943 15.844 0.008
5674.49749 15.608 0.007
5675.49033 15.842 0.008
5676.54562 15.931 0.005
5677.48704 15.604 0.007
5678.52128 15.834 0.008
5679.48888 15.970 0.008
5680.53767 15.622 0.008
5681.50173 15.841 0.008
5682.50116 15.975 0.008
5683.50607 15.616 0.007
5684.51050 15.839 0.008
5686.48310 15.608 0.007
5687.48525 15.843 0.008
5691.47678 15.970 0.008
5692.52813 15.617 0.008
5694.49337 15.965 0.008
5695.47780 15.614 0.007
5696.48620 15.847 0.008
5697.47614 15.977 0.008
5699.48567 15.854 0.008
5700.47725 15.973 0.009
5702.47410 15.856 0.008
5706.47381 15.990 0.008
5709.46090 15.991 0.008
5784.93399 15.497 0.007
5796.90153 15.503 0.007
5803.88529 15.725 0.007
5805.84978 15.509 0.006
5806.90075 15.726 0.007
5809.86196 15.713 0.006
5810.86508 15.929 0.008
5812.85800 15.717 0.007
5814.90700 15.493 0.007
5815.88636 15.722 0.007
5816.86053 15.946 0.008
5817.86217 15.491 0.006
5818.89016 15.731 0.007
5819.84417 15.924 0.008
5820.91158 15.488 0.007
5822.83183 15.926 0.008
5823.90666 15.479 0.008
5824.82863 15.718 0.007
5825.81689 15.897 0.007
5826.86539 15.489 0.006
5827.85937 15.720 0.007
5828.88559 15.932 0.008
5829.85894 15.487 0.006
5830.85052 15.713 0.007
5831.84220 15.910 0.007
5832.83163 15.488 0.006
5833.81600 15.704 0.007
5834.81693 15.914 0.007
5835.87683 15.494 0.006
5836.78335 15.705 0.007
5837.86269 15.927 0.007
5839.84435 15.723 0.007
5840.82784 15.920 0.007
5841.82488 15.499 0.006
5842.84246 15.720 0.008
5843.85798 15.917 0.007
5845.87295 15.733 0.008
5846.83344 15.923 0.009
5850.79809 15.502 0.006
5851.80631 15.706 0.007
5852.79008 15.917 0.008
5853.86181 15.485 0.007
5854.76512 15.702 0.006
5855.83484 15.912 0.007
5856.80641 15.493 0.007
5858.84064 15.946 0.008
5859.80915 15.508 0.006
5860.79420 15.712 0.007
5861.80321 15.917 0.008
5863.80638 15.728 0.006
5865.78328 15.509 0.006
5866.80741 15.721 0.007
5867.74633 15.911 0.007
5868.84781 15.482 0.006
5869.81332 15.723 0.006
5870.75313 15.912 0.007
5871.73923 15.529 0.006
5872.74857 15.710 0.007
5874.77737 15.511 0.006
5875.71327 15.698 0.007
5878.81424 15.726 0.008
5879.69833 15.911 0.008
5880.74981 15.522 0.006
5881.73636 15.707 0.007
5882.76714 15.915 0.007
5883.77109 15.504 0.007
5886.73847 15.522 0.007
5887.81086 15.724 0.006
5888.79952 15.935 0.008
5889.84168 15.480 0.006
5890.77523 15.717 0.007
5891.73390 15.902 0.007
5892.75166 15.518 0.006
5893.76979 15.723 0.007
5894.79328 15.918 0.007
5895.81035 15.488 0.006
5896.79341 15.725 0.007
5897.74022 15.917 0.007
5898.72241 15.527 0.006
5899.78156 15.724 0.007
5900.73122 15.914 0.007
5901.78048 15.493 0.007
5902.73176 15.705 0.008
5903.78693 15.920 0.008
5904.76158 15.504 0.006
5905.73560 15.712 0.007
5906.74749 15.905 0.008
5907.72556 15.518 0.006
5908.75089 15.715 0.007
5909.79540 15.917 0.007
5910.70822 15.523 0.006
5911.74006 15.709 0.007
5912.76053 15.916 0.007
5913.73248 15.505 0.006
5914.75511 15.715 0.007
5915.71214 15.913 0.007
5916.76850 15.496 0.006
5917.72967 15.721 0.007
5922.74672 15.501 0.006
5923.72294 15.710 0.006
5924.70427 15.913 0.007
5925.71828 15.516 0.006
5926.73008 15.710 0.007
5927.72910 15.918 0.008
5929.70328 15.712 0.007
5930.84845 15.939 0.006
5931.67029 15.544 0.007
5932.66760 15.694 0.007
5933.71749 15.919 0.008
5934.71355 15.511 0.006
5935.66454 15.702 0.008
5936.65908 15.898 0.008
5937.68839 15.536 0.006
5938.68917 15.718 0.007
5939.73325 15.929 0.008
5940.76886 15.501 0.006
5941.76956 15.725 0.007
5942.79417 15.937 0.007
5943.75102 15.490 0.006
5944.74392 15.722 0.006
5945.72463 15.922 0.007
5946.66447 15.537 0.006
5946.78044 15.495 0.007
5947.73101 15.721 0.007
5948.71986 15.936 0.007
5949.73604 15.493 0.006
5950.65700 15.712 0.006
5951.68239 15.924 0.008
5952.70698 15.524 0.006
5953.70492 15.721 0.007
5954.70247 15.934 0.007
5955.72513 15.502 0.006
5956.72515 15.731 0.006
5958.74237 15.497 0.006
5959.71432 15.713 0.007
5961.64813 15.550 0.006
5962.64901 15.711 0.008
5963.61574 15.940 0.009
5964.62771 15.565 0.007
5967.64881 15.538 0.007
5968.64891 15.714 0.007
5969.62493 15.893 0.007
5970.60241 15.595 0.006
5971.69531 15.724 0.006
5972.68169 15.923 0.007
5973.66476 15.490 0.006
5976.65394 15.525 0.006
5978.66394 15.927 0.007
5979.61410 15.563 0.007
5980.64425 15.716 0.007
5981.65323 15.926 0.008
5982.65917 15.522 0.006
5983.70231 15.726 0.006
5984.64129 15.927 0.007
5985.67318 15.513 0.007
5986.60295 15.724 0.006
5987.67874 15.930 0.007
5988.64489 15.525 0.006
5989.60883 15.715 0.007
5990.60237 15.940 0.008
5991.67736 15.501 0.006
5992.63766 15.707 0.007
5993.59450 15.912 0.008
5994.59397 15.575 0.007
5995.64090 15.722 0.008
5996.61098 15.920 0.008
5997.61315 15.549 0.007
5998.61150 15.709 0.007
5998.68116 15.726 0.007
5999.65223 15.929 0.007
6000.62760 15.528 0.006
6002.59129 15.914 0.007
6003.55746 15.609 0.007
6004.61784 15.718 0.007
6005.60087 15.912 0.007
6006.58484 15.562 0.006
6007.58315 15.704 0.007
6009.55873 15.605 0.007
6010.61430 15.709 0.007
6011.57310 15.907 0.007
6012.57218 15.566 0.007
6013.55392 15.710 0.007
6014.57285 15.909 0.007
6015.56821 15.572 0.006
6016.60889 15.712 0.006
6017.57256 15.903 0.006
6019.57602 15.710 0.007
6020.59799 15.925 0.007
6021.58574 15.546 0.007
6022.59723 15.715 0.007
6023.57129 15.910 0.007
6024.59412 15.532 0.007
6025.59414 15.712 0.007
6026.54041 15.915 0.008
6028.57717 15.697 0.008
6029.59476 15.928 0.008
6032.51504 15.907 0.008
6033.50261 15.645 0.007
6034.50821 15.690 0.007
6035.53361 15.911 0.007
6036.51045 15.634 0.007
6037.51009 15.699 0.008
6038.50182 15.911 0.009
6039.50852 15.628 0.007
6040.51082 15.701 0.007
6042.50844 15.620 0.008
6047.48543 15.913 0.008
6048.48420 15.650 0.007
6049.50747 15.695 0.007
6050.48305 15.895 0.008
6052.49875 15.700 0.008
6053.49578 15.899 0.008
6055.50438 15.689 0.007
6056.49135 15.901 0.008
6057.50153 15.611 0.006
6058.49492 15.700 0.007
6059.48856 15.906 0.008
6060.49183 15.626 0.007
6061.48244 15.701 0.007
6062.47646 15.914 0.008
6123.92554 15.568 0.006
6137.92347 15.991 0.008
6165.92385 15.565 0.006
6171.88904 15.557 0.006
6174.91517 15.580 0.008
6179.91503 15.970 0.009
6180.86758 15.571 0.007
6181.88177 15.818 0.007
6182.88632 15.979 0.007
6185.86428 15.951 0.007
6186.86580 15.553 0.006
6193.89940 15.803 0.007
6196.88107 15.803 0.007
6204.87264 15.558 0.006
6210.88418 15.574 0.007
6212.83699 15.975 0.008
6224.85666 15.979 0.007
6225.73866 15.536 0.006
6226.75104 15.789 0.007
6230.73746 15.968 0.008
6233.83747 15.968 0.007
6234.83866 15.564 0.006
6235.78605 15.794 0.007
6236.80365 15.968 0.007
6241.80831 15.798 0.007
6242.85125 15.977 0.007
6244.76038 15.794 0.007
6245.77689 15.960 0.007
6248.79363 15.981 0.007
6262.74628 15.805 0.006
6265.81865 15.813 0.006
6270.83995 15.564 0.006
6282.79590 15.565 0.006
6286.72915 15.793 0.006
6294.82041 15.572 0.006
6312.70821 15.552 0.005
6317.70345 15.969 0.007
6323.67636 15.979 0.007
6329.63519 15.941 0.008
6340.63822 15.785 0.006
6343.58200 15.782 0.006
6363.54323 15.513 0.006
6387.54133 15.524 0.006
6391.52599 15.766 0.007
6395.49385 15.970 0.007
6399.50492 15.513 0.005
6401.49041 15.951 0.007
6404.50190 15.952 0.007
6414.46746 15.519 0.007
6416.47775 15.966 0.007
6419.50079 15.961 0.008
6423.46047 15.513 0.007
6509.92679 15.802 0.006
6520.89996 15.877 0.006
6531.91110 15.649 0.006
6547.87774 15.866 0.006
6561.84458 15.645 0.006
6571.85133 15.873 0.006
6577.89193 15.881 0.008
6583.79810 15.858 0.006
6608.83837 15.799 0.006
6612.77461 15.635 0.006
6616.73646 15.846 0.006
6622.79042 15.875 0.007
6628.81810 15.877 0.006
6638.74388 15.875 0.006
6645.74144 15.647 0.006
6649.74837 15.878 0.006
6654.76853 15.650 0.005
6658.78741 15.866 0.006
6662.77696 15.808 0.006
6672.78192 15.660 0.007
6680.77622 15.787 0.006
6690.66888 15.640 0.006
6705.68284 15.647 0.006
6712.65013 15.862 0.006
6722.61094 15.920 0.006
6871.93138 15.936 0.008
6887.92970 15.483 0.006
6896.90001 15.489 0.006
6907.88274 15.926 0.007
6926.81182 15.489 0.006
6932.82045 15.482 0.006
6938.80588 15.492 0.006
6942.80339 15.724 0.007
6950.85420 15.486 0.006
6961.85162 15.938 0.007
6967.72306 15.914 0.008
6970.75934 15.923 0.008
6972.78311 15.729 0.006
6973.72853 15.911 0.007
6973.77403 15.934 0.007
6974.79900 15.497 0.006
6975.71420 15.711 0.007
6976.84202 15.937 0.007
6977.73804 15.497 0.006
6980.76550 15.487 0.006
6992.76864 15.483 0.006
7002.71827 15.722 0.007
7007.72957 15.492 0.006
7013.68299 15.501 0.006
7015.77083 15.946 0.007
7016.66624 15.523 0.006
7017.69846 15.717 0.007
7018.68389 15.917 0.007
7019.74684 15.479 0.006
7020.65863 15.701 0.006
7028.71970 15.484 0.006
7032.77406 15.747 0.006
7037.74945 15.489 0.006
7047.71023 15.729 0.006
7056.67923 15.715 0.007
7063.65825 15.918 0.008
7064.72165 15.482 0.006
7069.66764 15.922 0.007
7080.59459 15.702 0.006
7083.62137 15.709 0.006
7091.61037 15.513 0.006
7109.52792 15.564 0.007
7277.91044 15.594 0.008
7292.84315 15.570 0.007
7294.80686 15.972 0.008
7297.80556 15.970 0.008
7304.88446 15.579 0.006
7312.80186 15.970 0.007
7322.75617 15.562 0.007
7327.85890 15.970 0.008
7339.76729 15.956 0.007
7345.72586 15.970 0.008
7354.80271 15.974 0.007
7361.82555 15.587 0.006
7366.69811 15.973 0.007
7373.85149 15.594 0.006
7377.82340 15.824 0.006
7382.72164 15.564 0.007
7385.73513 15.561 0.006
7390.75696 15.979 0.007
7399.76157 15.965 0.008
7404.75118 15.821 0.006
7408.72428 15.980 0.007
7410.72567 15.810 0.007
7413.68842 15.801 0.007
7416.69535 15.794 0.006
7424.63775 15.551 0.006
7427.66923 15.566 0.006
7431.66463 15.807 0.006
7435.65757 15.976 0.007
7439.66409 15.572 0.006
7443.63496 15.793 0.006
7453.61606 15.980 0.007
7462.62984 15.953 0.006
7466.57731 15.544 0.006
7476.53983 15.787 0.007
7488.49363 15.772 0.007
7499.51675 15.536 0.006
7507.48895 15.968 0.007
