5261.66150 15.295 0.006
5265.62407 15.418 0.007
5266.61805 15.589 0.007
5267.62984 15.149 0.006
5268.61221 15.305 0.006
5269.58159 15.486 0.006
5270.58380 15.680 0.007
5271.59110 15.199 0.006
5273.57941 15.595 0.007
5274.61065 15.099 0.006
5276.59004 15.502 0.006
5279.57818 15.432 0.007
5281.56834 15.086 0.005
5282.57294 15.315 0.006
5285.56297 15.228 0.006
5287.55656 15.626 0.008
5290.49295 15.521 0.007
5293.48886 15.438 0.007
5295.51768 15.087 0.006
5296.59288 15.350 0.007
5297.54047 15.526 0.006
5299.52305 15.244 0.006
5301.54608 15.643 0.007
5305.54372 15.483 0.007
5307.48010 15.453 0.007
5311.53712 15.538 0.007
5313.51969 15.265 0.006
5315.50041 15.656 0.007
5322.49704 15.686 0.008
5326.50887 15.229 0.006
5327.49888 15.298 0.006
5335.48933 15.511 0.007
5342.48951 15.520 0.008
5430.93153 15.132 0.007
5443.86866 15.679 0.007
5448.90011 15.290 0.006
5454.89246 15.107 0.006
5457.78705 15.663 0.006
5461.86490 15.070 0.005
5467.86697 15.614 0.007
5468.85597 15.083 0.006
5470.83100 15.507 0.006
5481.76225 15.625 0.007
5483.79519 15.347 0.006
5484.80764 15.532 0.006
5486.78937 15.242 0.006
5487.79061 15.457 0.006
5494.73733 15.461 0.006
5499.81062 15.325 0.006
5506.77623 15.269 0.005
5511.74292 15.388 0.006
5513.77120 15.177 0.005
5515.70604 15.478 0.006
5517.70482 15.167 0.006
5521.74448 15.291 0.006
5526.71639 15.583 0.006
5528.77294 15.326 0.006
5530.79327 15.626 0.006
5531.75463 15.210 0.005
5533.68678 15.603 0.006
5539.85814 15.453 0.007
5542.68837 15.327 0.005
5543.84865 15.551 0.006
5544.84391 15.406 0.006
5546.67515 15.447 0.006
5548.79315 15.129 0.005
5550.76499 15.533 0.006
5553.80667 15.481 0.007
5554.82537 15.666 0.006
5556.78765 15.372 0.006
5557.78587 15.563 0.006
5558.79453 15.268 0.006
5560.82346 15.495 0.006
5561.77865 15.670 0.006
5562.82384 15.176 0.006
5563.78435 15.398 0.006
5565.81129 15.141 0.005
5575.77713 15.668 0.006
5580.76097 15.312 0.006
5581.76338 15.488 0.006
5583.77843 15.229 0.006
5584.71197 15.412 0.006
5585.79940 15.621 0.007
5587.70805 15.318 0.006
5589.76697 15.614 0.006
5590.78819 15.237 0.005
5592.79007 15.636 0.006
5593.70727 15.079 0.005
5594.77240 15.345 0.006
5595.73525 15.531 0.006
5596.76549 15.557 0.006
5597.73477 15.236 0.005
5598.74437 15.457 0.006
5599.75911 15.650 0.006
5600.75868 15.117 0.005
5601.75220 15.364 0.006
5602.74246 15.548 0.006
5604.74708 15.249 0.006
5605.75068 15.469 0.006
5608.72750 15.369 0.007
5609.73707 15.553 0.006
5611.72359 15.255 0.006
5612.72237 15.486 0.007
5615.68392 15.375 0.006
5623.62793 15.550 0.006
5625.66072 15.292 0.006
5627.65708 15.676 0.007
5630.63805 15.585 0.006
5632.60141 15.278 0.006
5634.61286 15.681 0.007
5638.60471 15.179 0.006
5640.56988 15.476 0.006
5642.54609 15.168 0.005
5644.54640 15.568 0.006
5646.54210 15.291 0.006
5648.54492 15.677 0.006
5650.57462 15.414 0.006
5653.59205 15.302 0.005
5655.57093 15.666 0.006
5657.57007 15.423 0.006
5659.59006 15.085 0.005
5667.54491 15.333 0.006
5668.53466 15.504 0.006
5671.54796 15.440 0.007
5674.55411 15.344 0.006
5675.54540 15.532 0.006
5677.54390 15.258 0.005
5681.52171 15.370 0.006
5683.52534 15.424 0.006
5686.51848 15.661 0.006
5687.50465 15.118 0.006
5692.48930 15.480 0.007
5695.49684 15.402 0.006
5697.49883 15.257 0.006
5700.49634 15.675 0.008
5787.89889 15.083 0.005
5802.89351 15.376 0.006
5805.86918 15.254 0.006
5810.88478 15.549 0.006
5817.88127 15.554 0.006
5820.86457 15.477 0.006
5823.85708 15.396 0.006
5830.86971 15.408 0.005
5832.85096 15.098 0.005
5834.83610 15.488 0.006
5836.81897 15.201 0.005
5844.80671 15.433 0.006
5850.88253 15.236 0.006
5851.85785 15.459 0.006
5852.83905 15.617 0.008
5855.86945 15.524 0.006
5856.87587 15.455 0.007
5860.84734 15.124 0.005
5861.86992 15.372 0.006
5862.82811 15.541 0.005
5864.76497 15.239 0.005
5866.82730 15.641 0.006
5870.82087 15.353 0.006
5871.78005 15.261 0.005
5873.79348 15.653 0.006
5874.83215 15.161 0.006
5878.86028 15.288 0.006
5881.77268 15.169 0.006
5882.83203 15.405 0.006
5885.83192 15.297 0.006
5886.84974 15.506 0.006
5887.82976 15.658 0.006
5890.84128 15.595 0.006
5891.82834 15.087 0.005
5893.73979 15.482 0.006
5895.78049 15.206 0.006
5896.82785 15.436 0.006
5898.82159 15.094 0.005
5899.80098 15.317 0.005
5900.85879 15.512 0.006
5901.84785 15.608 0.006
5902.80177 15.213 0.005
5903.83629 15.440 0.006
5904.80453 15.604 0.006
5905.80974 15.087 0.005
5906.80283 15.327 0.006
5907.78504 15.523 0.006
5908.80136 15.585 0.006
5910.81252 15.443 0.006
5911.76011 15.615 0.006
5912.84211 15.120 0.005
5913.84772 15.349 0.006
5914.83718 15.542 0.005
5915.80074 15.501 0.005
5917.79801 15.455 0.006
5924.79763 15.467 0.005
5925.83596 15.659 0.007
5927.79726 15.376 0.006
5929.81907 15.284 0.005
5931.76672 15.475 0.006
5932.79143 15.661 0.006
5933.81845 15.172 0.006
5934.81988 15.395 0.006
5937.76456 15.280 0.006
5938.78464 15.474 0.006
5941.78879 15.410 0.006
5942.81381 15.593 0.006
5943.78694 15.140 0.005
5944.77804 15.296 0.005
5945.75942 15.486 0.005
5947.76577 15.204 0.005
5948.75478 15.410 0.005
5949.77038 15.596 0.006
5950.72301 15.142 0.005
5952.79768 15.511 0.006
5954.74490 15.192 0.005
5956.76086 15.593 0.006
5959.74962 15.520 0.006
5962.66854 15.420 0.006
5965.67951 15.301 0.005
5969.72764 15.448 0.005
5972.73702 15.354 0.005
5974.66625 15.595 0.006
5976.69520 15.451 0.005
5977.70692 15.626 0.006
5979.70634 15.360 0.006
5981.67249 15.538 0.006
5982.69353 15.246 0.005
5984.69327 15.604 0.006
5986.71602 15.339 0.005
5988.67916 15.405 0.006
5989.66439 15.258 0.005
5990.65002 15.461 0.006
5992.67186 15.136 0.005
5994.66476 15.531 0.006
5995.68493 15.307 0.006
5997.64754 15.482 0.006
5999.67476 15.168 0.005
6001.62575 15.555 0.006
6004.63798 15.500 0.006
6009.59898 15.244 0.005
6017.59252 15.296 0.005
6018.59599 15.510 0.006
6019.62446 15.681 0.006
6021.60541 15.458 0.007
6022.61891 15.614 0.007
6023.59125 15.098 0.005
6024.61403 15.312 0.006
6033.57902 15.634 0.007
6035.55291 15.447 0.006
6037.54707 15.103 0.005
6038.55307 15.329 0.006
6039.55761 15.527 0.006
6040.54484 15.611 0.006
6042.54309 15.433 0.006
6047.53446 15.559 0.006
6048.51853 15.243 0.005
6049.52684 15.455 0.006
6052.51868 15.340 0.006
6056.51177 15.481 0.006
6059.50790 15.370 0.006
6068.47890 15.344 0.005
6080.46705 15.416 0.006
6149.91710 15.401 0.006
6163.92210 15.449 0.006
6173.90867 15.359 0.006
6183.90763 15.259 0.005
6196.81709 15.251 0.005
6199.86886 15.678 0.007
6207.85538 15.200 0.006
6216.88714 15.587 0.007
6218.86034 15.332 0.005
6220.76598 15.656 0.007
6223.82633 15.606 0.006
6226.78637 15.514 0.006
6230.80302 15.629 0.007
6233.85699 15.543 0.006
6236.87301 15.455 0.007
6241.85136 15.306 0.005
6244.86055 15.674 0.007
6257.84498 15.500 0.006
6262.78108 15.116 0.005
6265.84599 15.645 0.005
6269.82166 15.083 0.005
6275.82602 15.621 0.005
6280.77871 15.229 0.005
6284.84171 15.354 0.005
6288.74969 15.448 0.005
6292.81925 15.549 0.005
6297.76662 15.131 0.005
6308.78300 15.288 0.005
6321.53774 15.415 0.005
6321.71818 15.124 0.005
6322.68971 15.284 0.005
6338.64025 15.652 0.005
6355.56677 15.613 0.005
6361.61450 15.443 0.005
6375.58936 15.451 0.005
6382.55547 15.485 0.005
6390.54821 15.660 0.005
6399.49405 15.408 0.005
6568.87304 15.289 0.005
6582.81347 15.288 0.005
6586.76718 15.415 0.005
6607.80767 15.457 0.005
6614.75838 15.448 0.005
6618.81404 15.571 0.005
6627.78943 15.283 0.005
6637.84192 15.222 0.005
6644.81996 15.234 0.005
6650.79735 15.608 0.005
6654.78907 15.095 0.005
6659.70371 15.437 0.005
6663.79137 15.545 0.005
6668.79458 15.141 0.005
6674.73363 15.637 0.006
6680.79676 15.490 0.005
6685.74892 15.200 0.005
6693.67416 15.289 0.005
6698.72093 15.610 0.006
6703.68500 15.232 0.005
6708.68836 15.505 0.005
6712.68862 15.617 0.005
6715.67924 15.530 0.005
6729.67186 15.540 0.005
6741.63868 15.145 0.005
6910.87899 15.592 0.007
6921.85228 15.108 0.005
6928.81408 15.118 0.005
6936.81965 15.365 0.005
6939.82829 15.280 0.006
6949.84571 15.179 0.005
6955.82103 15.639 0.005
6961.87101 15.514 0.006
6967.80536 15.335 0.006
6972.77734 15.598 0.006
6973.76874 15.096 0.005
6973.78445 15.097 0.005
6974.79378 15.327 0.005
6975.70891 15.499 0.006
6976.83159 15.486 0.005
6977.73299 15.217 0.005
6978.76551 15.445 0.005
6978.77760 15.447 0.005
6984.75938 15.240 0.005
6990.76578 15.398 0.006
6995.78544 15.367 0.005
7000.82200 15.653 0.006
7004.83104 15.111 0.005
7008.80270 15.178 0.005
7012.75929 15.294 0.005
7015.77995 15.199 0.005
7019.74904 15.300 0.005
7019.78075 15.317 0.005
7020.66083 15.481 0.005
7021.74091 15.647 0.006
7022.67342 15.185 0.005
7023.66408 15.414 0.006
7023.78925 15.425 0.006
7024.67938 15.587 0.006
7025.62733 15.121 0.005
7026.78072 15.319 0.005
7030.79309 15.431 0.005
7034.74710 15.520 0.006
7038.77222 15.630 0.006
7042.76639 15.410 0.005
7048.74866 15.549 0.005
7057.71264 15.267 0.005
7062.70764 15.554 0.005
7067.70294 15.162 0.005
7068.67873 15.392 0.005
7071.73024 15.299 0.005
7072.71096 15.503 0.006
7075.69143 15.404 0.005
7080.64213 15.648 0.006
7082.63079 15.411 0.006
7085.64646 15.305 0.005
7088.62774 15.204 0.005
7091.62981 15.085 0.005
7098.61241 15.081 0.005
7104.60133 15.601 0.005
7111.59869 15.635 0.006
7114.57222 15.524 0.005
7117.57526 15.452 0.006
7120.57259 15.371 0.005
7127.55594 15.377 0.005
7132.55893 15.655 0.006
7135.54187 15.553 0.005
7139.52716 15.682 0.006
7142.50500 15.551 0.005
7282.89560 15.233 0.005
7291.89582 15.649 0.006
7299.86712 15.123 0.005
7306.82709 15.149 0.005
7312.82175 15.662 0.006
7324.75887 15.288 0.006
7341.73744 15.214 0.005
7346.76482 15.514 0.005
7355.72260 15.228 0.005
7366.75243 15.366 0.005
7374.85525 15.573 0.006
7377.84247 15.506 0.005
7382.74217 15.155 0.005
7386.72145 15.183 0.005
7389.76428 15.087 0.005
7398.71885 15.496 0.005
7402.77544 15.607 0.005
7405.74893 15.523 0.005
7409.71787 15.620 0.006
7413.70757 15.531 0.006
7425.70145 15.362 0.005
7429.66846 15.458 0.005
7436.64478 15.467 0.005
7441.65143 15.192 0.005
7445.63016 15.170 0.005
7450.63321 15.492 0.006
7457.60420 15.495 0.005
7463.60495 15.310 0.005
7467.56571 15.418 0.005
7471.59673 15.536 0.006
7475.57058 15.613 0.006
7487.51992 15.255 0.006
7495.49437 15.474 0.006
7508.48143 15.265 0.005
