5260.61208 17.439 0.015
5261.52711 17.396 0.013
5262.62377 17.439 0.013
5263.60456 17.420 0.013
5265.52131 17.445 0.015
5266.58619 17.435 0.016
5267.59850 17.365 0.014
5268.58219 17.391 0.016
5269.55139 17.402 0.013
5270.56855 17.386 0.012
5271.56038 17.364 0.013
5273.54931 17.349 0.012
5274.58031 17.225 0.013
5275.56377 17.260 0.012
5276.55943 17.196 0.011
5279.54784 17.189 0.015
5280.54614 17.151 0.012
5281.52305 17.218 0.013
5282.54200 17.184 0.012
5283.49365 17.220 0.017
5286.52310 17.301 0.013
5288.53977 17.317 0.014
5291.53128 17.408 0.014
5294.56308 17.429 0.015
5295.48426 17.429 0.017
5296.57425 17.399 0.016
5298.55491 17.432 0.016
5301.51503 17.401 0.015
5306.51249 17.295 0.013
5307.54054 17.163 0.013
5310.54063 17.180 0.015
5313.48974 17.207 0.016
5314.50442 17.234 0.019
5321.46662 17.345 0.018
5323.48600 17.431 0.015
5324.48514 17.385 0.018
5326.49306 17.435 0.014
5328.48606 17.431 0.015
5337.48054 17.203 0.016
5341.48053 17.193 0.016
5430.90168 17.146 0.012
5439.91101 17.385 0.014
5445.84384 17.418 0.012
5449.82877 17.466 0.013
5453.88383 17.358 0.011
5455.85740 17.345 0.011
5457.90050 17.206 0.010
5462.89661 17.213 0.011
5465.85929 17.271 0.016
5468.82605 17.269 0.012
5470.79851 17.286 0.011
5471.84886 17.380 0.012
5473.77695 17.332 0.011
5477.75274 17.402 0.010
5478.79317 17.447 0.012
5481.73239 17.450 0.013
5482.78315 17.480 0.014
5484.77724 17.438 0.012
5485.78662 17.412 0.011
5486.87200 17.235 0.014
5487.86868 17.230 0.010
5488.87760 17.137 0.010
5490.72862 17.393 0.013
5491.74911 17.332 0.012
5492.77166 17.197 0.012
5493.79399 17.171 0.012
5494.83870 17.217 0.013
5495.79588 17.232 0.010
5496.79368 17.198 0.014
5497.82386 17.300 0.013
5499.73086 17.217 0.011
5502.80103 17.389 0.011
5503.75627 17.328 0.011
5505.72593 17.371 0.013
5506.74342 17.385 0.011
5507.76156 17.446 0.010
5509.66992 17.375 0.011
5510.72585 17.438 0.012
5511.70205 17.428 0.012
5512.74509 17.448 0.011
5513.71541 17.459 0.012
5514.74796 17.450 0.011
5515.66521 17.464 0.014
5516.75077 17.421 0.011
5517.66390 17.429 0.013
5518.76029 17.373 0.018
5519.68670 17.383 0.018
5521.70358 17.340 0.014
5522.72870 17.266 0.014
5523.69339 17.334 0.013
5524.70184 17.252 0.010
5525.73492 17.212 0.010
5526.68694 17.205 0.010
5527.76769 17.281 0.010
5528.70872 17.155 0.011
5529.68905 17.224 0.011
5530.69627 17.187 0.011
5531.77945 17.364 0.010
5532.68758 17.215 0.010
5533.71092 17.324 0.012
5534.74245 17.383 0.011
5535.71927 17.378 0.011
5536.72193 17.397 0.011
5539.73217 17.464 0.012
5540.81633 17.416 0.012
5541.68249 17.439 0.014
5542.74089 17.440 0.011
5543.77244 17.407 0.013
5544.75993 17.424 0.011
5545.74919 17.377 0.012
5546.69886 17.436 0.013
5547.75866 17.345 0.013
5548.71991 17.413 0.013
5549.68477 17.388 0.014
5550.73863 17.310 0.012
5551.69615 17.321 0.014
5553.74219 17.198 0.012
5554.67552 17.321 0.017
5556.69012 17.152 0.012
5557.67129 17.189 0.010
5558.67217 17.180 0.013
5559.66238 17.215 0.013
5560.65405 17.163 0.010
5561.68764 17.257 0.014
5562.70721 17.291 0.010
5563.64116 17.257 0.012
5565.67248 17.341 0.011
5566.69973 17.361 0.011
5568.72006 17.426 0.015
5569.71460 17.440 0.013
5570.75414 17.427 0.015
5571.68515 17.429 0.012
5572.80236 17.365 0.012
5575.70666 17.378 0.012
5576.68086 17.431 0.011
5577.68280 17.392 0.012
5578.68942 17.391 0.013
5579.73955 17.259 0.014
5580.68437 17.373 0.011
5581.68620 17.289 0.012
5582.69350 17.255 0.012
5583.70026 17.212 0.010
5584.68628 17.141 0.010
5585.68616 17.177 0.010
5586.64993 17.166 0.011
5587.63206 17.230 0.011
5588.73601 17.220 0.011
5589.64207 17.205 0.010
5591.67939 17.293 0.010
5592.66164 17.239 0.010
5593.64462 17.295 0.011
5594.66082 17.317 0.012
5595.63948 17.342 0.011
5596.70262 17.398 0.011
5597.62009 17.362 0.012
5598.68640 17.440 0.011
5599.65001 17.416 0.013
5600.68275 17.441 0.011
5601.66239 17.450 0.011
5602.66109 17.445 0.012
5603.66986 17.443 0.013
5604.67026 17.440 0.014
5605.67209 17.395 0.011
5606.68346 17.400 0.012
5607.69487 17.346 0.014
5608.68173 17.346 0.017
5609.71347 17.280 0.014
5611.64403 17.348 0.017
5612.69654 17.146 0.013
5613.65974 17.228 0.013
5614.65167 17.207 0.011
5615.64546 17.230 0.011
5616.65422 17.124 0.011
5622.63936 17.265 0.012
5623.60224 17.275 0.011
5624.54332 17.166 0.012
5625.63499 17.369 0.013
5626.59609 17.299 0.013
5627.56082 17.291 0.011
5629.60103 17.386 0.011
5630.61247 17.363 0.014
5632.56058 17.399 0.014
5633.60958 17.416 0.013
5634.57000 17.426 0.014
5635.57433 17.454 0.015
5638.57893 17.446 0.020
5639.58918 17.338 0.017
5640.52815 17.431 0.017
5641.55582 17.406 0.014
5642.50407 17.424 0.012
5643.50183 17.417 0.012
5644.50457 17.413 0.012
5645.50332 17.376 0.016
5646.51630 17.396 0.014
5647.51826 17.316 0.011
5648.51896 17.344 0.012
5649.53370 17.208 0.012
5650.51412 17.256 0.011
5651.52004 17.191 0.010
5652.51499 17.181 0.011
5653.54507 17.204 0.011
5654.55360 17.201 0.011
5655.54476 17.250 0.012
5656.55366 17.260 0.011
5657.51361 17.287 0.013
5659.51292 17.327 0.012
5660.55829 17.381 0.013
5664.49248 17.365 0.017
5665.50772 17.408 0.018
5666.50453 17.370 0.017
5667.48671 17.427 0.016
5668.49223 17.441 0.016
5669.48627 17.447 0.014
5670.53773 17.407 0.016
5672.48304 17.424 0.014
5674.49107 17.380 0.012
5675.48394 17.373 0.015
5676.53920 17.258 0.007
5677.48066 17.351 0.012
5678.51485 17.273 0.012
5679.48249 17.278 0.013
5680.53055 17.139 0.012
5681.49457 17.156 0.013
5682.49469 17.184 0.014
5683.49925 17.180 0.013
5684.50408 17.160 0.012
5685.47581 17.203 0.014
5686.47670 17.183 0.010
5687.47885 17.244 0.014
5691.47038 17.317 0.015
5692.51999 17.388 0.020
5694.48701 17.363 0.016
5695.47144 17.404 0.015
5696.47981 17.388 0.018
5697.46974 17.434 0.017
5699.47928 17.400 0.021
5700.47086 17.391 0.018
5702.46774 17.398 0.017
5706.46744 17.353 0.016
5709.45452 17.245 0.015
5784.92782 17.465 0.014
5795.93380 17.364 0.018
5803.87913 17.193 0.011
5805.84359 17.208 0.011
5806.89458 17.247 0.010
5809.85582 17.285 0.009
5810.85893 17.267 0.011
5812.85176 17.330 0.010
5814.90081 17.443 0.014
5815.88020 17.425 0.012
5816.85434 17.386 0.014
5817.85603 17.444 0.012
5818.88402 17.471 0.013
5819.83801 17.442 0.013
5820.90545 17.438 0.013
5822.82566 17.460 0.013
5823.90054 17.373 0.013
5824.82250 17.451 0.012
5825.81075 17.427 0.011
5826.85926 17.385 0.012
5827.85322 17.348 0.010
5828.87942 17.258 0.010
5829.85281 17.288 0.009
5830.84439 17.273 0.010
5831.83607 17.255 0.009
5832.82548 17.221 0.009
5833.80984 17.238 0.010
5834.81078 17.163 0.009
5835.87068 17.249 0.010
5836.77722 17.149 0.009
5837.85653 17.265 0.011
5839.83820 17.296 0.011
5840.82117 17.255 0.010
5841.81873 17.314 0.012
5842.83634 17.341 0.014
5843.85181 17.395 0.011
5845.86683 17.441 0.018
5846.82727 17.427 0.020
5850.79117 17.459 0.012
5851.80020 17.435 0.013
5853.85371 17.383 0.018
5854.75900 17.439 0.011
5855.82871 17.380 0.010
5856.80026 17.455 0.016
5858.83450 17.353 0.015
5859.80301 17.358 0.011
5860.78809 17.379 0.012
5861.79709 17.295 0.012
5863.79902 17.216 0.010
5864.70756 17.387 0.010
5865.77715 17.200 0.010
5866.80127 17.146 0.009
5867.74019 17.209 0.010
5868.84166 17.255 0.009
5869.80716 17.284 0.010
5870.74697 17.169 0.010
5871.73306 17.243 0.010
5872.74243 17.220 0.010
5873.73765 17.291 0.011
5874.77120 17.305 0.012
5875.70714 17.281 0.012
5878.76378 17.439 0.017
5879.69219 17.372 0.015
5880.74365 17.479 0.015
5881.73021 17.441 0.011
5882.76100 17.438 0.012
5883.76494 17.436 0.014
5885.69624 17.451 0.017
5886.73232 17.440 0.016
5887.80469 17.348 0.010
5888.79336 17.366 0.011
5889.83553 17.214 0.011
5890.76905 17.357 0.011
5891.72775 17.376 0.012
5892.74550 17.353 0.011
5893.76360 17.221 0.010
5894.78707 17.137 0.009
5895.80416 17.224 0.011
5896.78722 17.172 0.010
5897.73403 17.200 0.010
5898.71620 17.143 0.010
5899.77539 17.301 0.011
5900.72501 17.186 0.010
5901.77432 17.343 0.012
5902.72557 17.230 0.014
5903.78076 17.389 0.013
5904.75538 17.332 0.011
5905.72941 17.384 0.013
5906.74130 17.362 0.014
5907.71937 17.373 0.013
5908.74468 17.396 0.013
5909.78921 17.443 0.013
5910.70200 17.383 0.011
5911.73382 17.456 0.012
5912.75429 17.458 0.011
5913.72628 17.454 0.010
5914.74888 17.432 0.010
5915.70593 17.448 0.010
5916.75977 17.409 0.010
5917.72343 17.416 0.010
5922.74047 17.277 0.009
5923.71671 17.267 0.009
5924.69801 17.325 0.010
5925.71205 17.187 0.010
5926.72384 17.157 0.010
5927.72285 17.193 0.010
5929.69701 17.221 0.010
5930.84218 17.344 0.009
5931.66351 17.210 0.011
5932.66076 17.183 0.010
5933.71121 17.314 0.012
5934.70726 17.309 0.011
5935.65826 17.344 0.021
5936.65239 17.254 0.012
5937.68210 17.377 0.011
5938.68290 17.374 0.012
5939.72665 17.447 0.012
5940.76259 17.447 0.013
5941.76254 17.427 0.012
5942.78734 17.423 0.012
5943.74476 17.439 0.013
5944.73765 17.415 0.010
5945.71791 17.411 0.010
5946.65777 17.456 0.011
5946.77413 17.360 0.013
5947.72473 17.386 0.012
5948.71354 17.400 0.012
5949.72972 17.323 0.011
5950.65071 17.408 0.010
5951.67608 17.356 0.011
5952.70068 17.333 0.009
5953.69863 17.244 0.010
5954.69616 17.243 0.008
5955.71878 17.196 0.010
5956.71884 17.106 0.009
5958.73603 17.199 0.011
5959.70801 17.257 0.010
5960.71005 17.222 0.010
5961.64177 17.211 0.009
5962.64269 17.188 0.014
5963.60940 17.176 0.014
5964.62137 17.196 0.013
5965.62031 17.299 0.011
5967.64246 17.360 0.014
5968.64256 17.327 0.013
5969.61858 17.368 0.010
5970.59607 17.306 0.010
5971.68895 17.452 0.010
5972.67533 17.444 0.011
5973.65839 17.445 0.010
5974.61345 17.410 0.013
5976.64758 17.464 0.012
5977.68115 17.405 0.011
5978.65758 17.421 0.011
5979.60775 17.465 0.012
5980.62342 17.440 0.010
5981.64690 17.339 0.011
5982.65280 17.362 0.011
5983.69544 17.196 0.009
5984.63446 17.360 0.010
5985.66680 17.218 0.013
5986.59657 17.353 0.010
5987.67204 17.178 0.010
5988.63852 17.182 0.010
5989.60245 17.161 0.010
5990.59597 17.188 0.014
5991.67099 17.274 0.013
5992.63123 17.193 0.012
5993.58812 17.206 0.011
5994.53128 17.168 0.013
5994.58679 17.199 0.012
5994.67618 17.320 0.013
5995.52628 17.169 0.011
5995.63451 17.324 0.014
5995.67544 17.367 0.016
5996.51004 17.169 0.010
5996.60457 17.260 0.014
5996.65397 17.309 0.015
5997.50765 17.160 0.009
5997.60677 17.341 0.013
5997.66206 17.405 0.014
5998.51776 17.207 0.014
5998.60511 17.320 0.012
5998.66551 17.396 0.013
5999.53425 17.282 0.010
5999.64584 17.434 0.012
6000.49456 17.246 0.017
6000.62121 17.374 0.011
6000.65795 17.427 0.012
6001.49929 17.278 0.012
6001.61270 17.419 0.013
6002.58492 17.383 0.011
6003.55102 17.387 0.013
6004.61143 17.439 0.013
6005.57910 17.463 0.012
6006.57843 17.436 0.011
6007.57677 17.461 0.010
6008.61122 17.429 0.011
6009.55236 17.443 0.014
6010.60443 17.421 0.014
6010.60790 17.417 0.014
6011.56669 17.413 0.012
6012.56578 17.408 0.013
6013.54752 17.424 0.012
6014.56646 17.395 0.011
6015.56183 17.362 0.011
6016.60247 17.310 0.010
6017.56566 17.281 0.010
6018.52105 17.369 0.013
6019.56907 17.139 0.012
6020.59158 17.149 0.011
6021.57932 17.181 0.013
6022.59081 17.191 0.012
6023.56487 17.176 0.010
6024.58770 17.233 0.013
6025.58772 17.313 0.015
6026.53401 17.209 0.016
6028.57075 17.324 0.014
6031.51612 17.359 0.016
6032.50865 17.329 0.015
6033.49621 17.386 0.014
6034.50180 17.334 0.012
6035.52719 17.425 0.013
6036.50401 17.416 0.013
6037.50371 17.426 0.016
6039.50209 17.449 0.016
6040.50440 17.424 0.014
6047.47903 17.377 0.014
6048.47777 17.382 0.014
6049.50108 17.279 0.011
6050.47667 17.351 0.015
6052.49234 17.249 0.013
6053.48938 17.140 0.013
6055.49798 17.170 0.013
6056.48496 17.165 0.012
6057.49091 17.234 0.011
6058.48851 17.243 0.011
6059.48217 17.266 0.012
6060.48492 17.258 0.013
6061.47604 17.276 0.015
6062.47009 17.282 0.013
6123.91929 17.367 0.011
6137.91725 17.371 0.012
6158.93027 17.447 0.014
6164.90457 17.421 0.013
6165.91709 17.392 0.012
6171.88289 17.249 0.010
6174.90873 17.136 0.013
6179.90889 17.327 0.013
6180.86145 17.250 0.012
6181.87565 17.334 0.010
6182.88018 17.318 0.010
6183.88189 17.384 0.009
6184.90844 17.365 0.011
6185.85816 17.413 0.010
6186.85964 17.379 0.011
6191.88524 17.452 0.010
6193.87251 17.442 0.010
6194.88948 17.420 0.010
6196.87494 17.402 0.010
6199.82391 17.396 0.015
6202.83138 17.375 0.014
6204.86650 17.147 0.009
6207.87935 17.287 0.013
6210.87804 17.265 0.011
6212.83083 17.263 0.010
6214.88201 17.400 0.016
6215.86981 17.408 0.014
6216.82866 17.362 0.010
6219.81365 17.447 0.012
6221.82694 17.445 0.013
6222.82785 17.450 0.013
6223.78496 17.470 0.011
6224.85054 17.447 0.010
6225.73253 17.442 0.014
6226.74491 17.460 0.013
6229.78745 17.398 0.013
6230.73133 17.435 0.015
6231.75614 17.387 0.013
6232.82211 17.313 0.010
6233.82864 17.164 0.009
6234.83251 17.156 0.009
6235.77990 17.220 0.010
6236.79747 17.178 0.009
6237.87349 17.277 0.014
6238.83123 17.216 0.009
6239.80526 17.214 0.010
6240.84852 17.279 0.011
6241.80217 17.282 0.010
6242.84510 17.329 0.009
6243.81347 17.339 0.011
6244.74692 17.247 0.009
6245.77074 17.351 0.010
6248.78747 17.404 0.011
6251.77809 17.471 0.009
6254.78800 17.428 0.009
6257.81637 17.392 0.012
6262.74012 17.405 0.010
6265.81213 17.153 0.008
6270.82811 17.279 0.010
6274.81975 17.368 0.009
6278.76682 17.432 0.011
6282.78965 17.446 0.010
6286.72292 17.436 0.010
6289.79225 17.301 0.011
6294.81416 17.154 0.009
6299.77069 17.258 0.010
6306.71084 17.322 0.010
6312.68525 17.406 0.010
6317.69640 17.447 0.011
6323.66962 17.391 0.011
6329.62885 17.227 0.010
6333.61969 17.140 0.009
6340.63186 17.337 0.009
6342.66092 17.399 0.012
6343.55706 17.353 0.013
6343.57565 17.350 0.011
6344.58701 17.379 0.009
6347.60194 17.458 0.012
6348.58749 17.435 0.013
6349.59420 17.468 0.013
6350.62836 17.413 0.014
6356.61938 17.336 0.010
6363.53683 17.260 0.010
6370.53397 17.229 0.010
6371.55947 17.303 0.010
6372.61022 17.397 0.010
6378.54255 17.437 0.011
6387.53480 17.445 0.011
6396.54063 17.204 0.010
6404.52576 17.344 0.013
6416.50181 17.362 0.012
6508.94118 17.438 0.026
6520.89374 17.221 0.008
6531.90489 17.445 0.010
6547.87032 17.126 0.008
6561.83840 17.468 0.011
6571.84517 17.389 0.009
6577.88575 17.190 0.008
6583.79190 17.185 0.009
6608.83220 17.185 0.008
6612.76840 17.243 0.009
6616.73025 17.242 0.009
6622.78422 17.463 0.010
6628.81187 17.393 0.009
6638.73764 17.256 0.008
6645.73519 17.203 0.009
6654.76225 17.442 0.009
6658.78106 17.401 0.008
6662.77068 17.332 0.011
6667.80307 17.145 0.010
6672.77562 17.291 0.013
6680.76989 17.418 0.011
6685.60079 17.316 0.009
6687.70046 17.457 0.012
6688.63346 17.457 0.011
6689.65724 17.464 0.010
6690.65253 17.485 0.009
6691.68247 17.442 0.009
6692.70444 17.400 0.008
6693.65248 17.417 0.009
6694.69634 17.377 0.008
6695.64145 17.445 0.009
6696.62902 17.418 0.010
6697.68709 17.354 0.008
6698.68745 17.281 0.012
6699.52747 17.454 0.010
6700.56083 17.444 0.010
6700.67533 17.191 0.009
6701.54847 17.435 0.012
6701.68826 17.136 0.009
6702.55854 17.401 0.013
6702.68685 17.171 0.011
6703.56915 17.424 0.014
6703.70408 17.197 0.015
6704.56548 17.278 0.009
6704.71327 17.246 0.013
6705.55867 17.341 0.009
6705.67645 17.203 0.010
6706.63584 17.202 0.008
6707.64855 17.198 0.009
6708.63842 17.264 0.009
6709.63278 17.232 0.009
6710.64215 17.324 0.009
6711.62911 17.269 0.008
6712.57972 17.268 0.008
6722.60449 17.464 0.010
6736.61575 17.195 0.013
6871.92515 17.430 0.012
6887.92303 17.161 0.009
6896.89380 17.324 0.011
6907.87656 17.446 0.011
6926.80565 17.232 0.009
6932.81429 17.391 0.011
6938.79973 17.459 0.013
6942.79721 17.444 0.011
6950.84802 17.181 0.008
6956.85084 17.342 0.010
6961.84545 17.386 0.010
6967.71687 17.392 0.017
6973.72236 17.445 0.011
6980.75931 17.256 0.009
6987.79028 17.250 0.011
6992.76244 17.389 0.010
6997.76821 17.457 0.012
7002.71203 17.475 0.011
7007.72335 17.367 0.011
7016.78242 17.293 0.009
7020.78661 17.398 0.011
7024.76022 17.427 0.011
7028.71341 17.451 0.012
7032.76778 17.398 0.011
7037.74314 17.337 0.010
7042.74073 17.142 0.008
7046.74192 17.235 0.010
7051.73248 17.369 0.010
7056.67289 17.424 0.014
7062.66461 17.466 0.011
7063.66028 17.447 0.013
7064.72370 17.361 0.012
7065.70877 17.373 0.012
7066.70444 17.374 0.011
7067.69813 17.404 0.011
7068.67397 17.378 0.009
7069.66077 17.366 0.011
7069.68359 17.368 0.010
7070.71922 17.160 0.009
7071.72546 17.194 0.010
7072.70615 17.152 0.012
7074.67195 17.122 0.011
7075.65176 17.191 0.011
7076.65689 17.137 0.010
7077.63574 17.180 0.009
7078.63559 17.171 0.012
7080.58822 17.152 0.009
7083.61499 17.283 0.010
7086.62312 17.355 0.012
7091.60396 17.433 0.012
7103.57196 17.364 0.009
7110.50848 17.201 0.010
7111.53144 17.231 0.011
7112.52945 17.139 0.011
7113.52461 17.204 0.011
7114.53337 17.187 0.010
7115.52767 17.274 0.011
7115.57885 17.322 0.012
7117.54457 17.310 0.011
7118.51766 17.280 0.011
7119.50458 17.315 0.013
7126.52790 17.454 0.011
7131.53246 17.352 0.012
7134.50272 17.387 0.013
7143.49729 17.213 0.014
7277.90426 17.458 0.016
7287.90439 17.289 0.015
7292.83697 17.149 0.011
7294.80069 17.162 0.010
7297.79889 17.211 0.011
7304.87832 17.432 0.010
7312.79572 17.442 0.012
7319.77738 17.346 0.015
7322.75003 17.373 0.013
7327.85274 17.347 0.014
7339.76112 17.437 0.009
7345.71967 17.415 0.011
7354.79650 17.156 0.010
7361.81935 17.386 0.011
7366.69191 17.291 0.010
7373.84524 17.372 0.011
7377.81717 17.269 0.010
7382.71540 17.356 0.012
7385.72885 17.221 0.011
7390.75067 17.262 0.009
7399.75528 17.474 0.016
7404.74488 17.407 0.010
7408.71800 17.392 0.011
7410.71939 17.378 0.013
7413.68210 17.266 0.012
7416.68902 17.136 0.009
7424.63143 17.239 0.009
7427.66705 17.406 0.010
7431.65789 17.433 0.010
7435.65118 17.433 0.011
7439.65726 17.384 0.013
7443.62860 17.333 0.009
7449.63431 17.177 0.010
7453.60874 17.254 0.010
7462.62344 17.425 0.009
7466.57092 17.437 0.013
7472.57769 17.421 0.013
7476.53340 17.371 0.010
7488.48721 17.214 0.010
7499.51033 17.472 0.013
7507.48254 17.374 0.011
