5260.61208 15.151 0.005
5261.52711 15.298 0.005
5262.62377 15.262 0.005
5263.60456 15.024 0.005
5265.52131 15.353 0.006
5266.58619 14.987 0.005
5267.59850 15.094 0.005
5268.58219 15.262 0.006
5269.55139 15.406 0.006
5270.56855 14.970 0.005
5271.56038 15.153 0.005
5273.54931 15.271 0.005
5274.58031 15.036 0.005
5275.56377 15.224 0.005
5276.55943 15.374 0.005
5279.54784 15.270 0.006
5280.54614 15.401 0.006
5281.52305 14.975 0.005
5282.54200 15.164 0.005
5283.49365 15.307 0.006
5286.52310 15.222 0.005
5288.53977 14.946 0.005
5291.53128 15.390 0.006
5294.56308 15.330 0.006
5295.48426 15.227 0.006
5296.57425 15.063 0.005
5298.55491 15.385 0.006
5301.51503 15.295 0.006
5306.51249 15.138 0.005
5307.54054 15.058 0.005
5310.54063 14.953 0.005
5313.48974 15.376 0.006
5314.50442 15.011 0.006
5321.46662 14.944 0.005
5323.48600 15.302 0.005
5324.48514 15.363 0.006
5326.49306 15.195 0.005
5328.48606 15.046 0.005
5337.48054 15.214 0.006
5341.48053 15.259 0.006
5430.90168 14.951 0.005
5439.91101 15.264 0.005
5445.84384 15.022 0.005
5449.82877 15.072 0.005
5453.88383 15.143 0.005
5455.85740 15.295 0.005
5457.90050 15.216 0.005
5462.89661 15.411 0.005
5465.85929 15.317 0.006
5468.82605 15.223 0.005
5470.79851 14.985 0.005
5471.84886 15.087 0.005
5473.77695 15.397 0.005
5477.75274 15.297 0.005
5478.79317 15.037 0.005
5481.73239 14.987 0.005
5482.78315 15.098 0.005
5484.77724 15.401 0.005
5485.78662 14.988 0.005
5486.87200 15.181 0.005
5487.86868 15.337 0.005
5488.87760 15.119 0.005
5490.72862 15.228 0.005
5491.74911 15.380 0.005
5492.77166 14.952 0.005
5493.79399 15.111 0.005
5494.83870 15.280 0.005
5495.79588 15.389 0.005
5496.79368 15.002 0.005
5497.82386 15.181 0.005
5499.73086 15.208 0.005
5503.75627 14.947 0.005
5505.72593 15.301 0.005
5506.74342 15.394 0.005
5507.76156 15.010 0.005
5509.66992 15.332 0.005
5510.72585 15.153 0.005
5511.70205 15.056 0.005
5512.74509 15.243 0.005
5513.71541 15.389 0.005
5514.74796 14.958 0.005
5515.66521 15.109 0.005
5516.75077 15.298 0.005
5517.66390 15.399 0.005
5518.76029 15.025 0.005
5519.68670 15.171 0.006
5521.70358 15.114 0.005
5522.72870 15.063 0.005
5523.69339 15.249 0.005
5524.70184 15.394 0.005
5525.73492 14.950 0.005
5526.68694 15.135 0.005
5527.76769 15.301 0.005
5528.70872 15.355 0.005
5529.68905 15.015 0.005
5530.69627 15.199 0.005
5531.77945 15.362 0.005
5532.68758 15.073 0.005
5533.71092 15.075 0.005
5534.74245 15.260 0.005
5535.71927 15.406 0.005
5536.72193 14.958 0.005
5539.73217 15.301 0.005
5540.81633 15.039 0.005
5541.68249 15.203 0.005
5542.74089 15.362 0.005
5543.77244 14.966 0.005
5544.75993 15.094 0.005
5545.74919 15.270 0.005
5546.69886 15.409 0.005
5547.75866 14.971 0.005
5548.71991 15.150 0.005
5549.68477 15.323 0.005
5550.73863 15.249 0.005
5551.69615 15.032 0.005
5553.74219 15.378 0.005
5554.67552 14.990 0.005
5556.69012 15.278 0.005
5557.67129 15.403 0.005
5558.67217 14.984 0.005
5559.66238 15.156 0.005
5560.65405 15.320 0.005
5561.68764 15.238 0.006
5562.70721 15.050 0.005
5563.64116 15.226 0.005
5565.67248 14.986 0.005
5566.69973 15.108 0.005
5568.72006 15.400 0.006
5569.71460 14.995 0.005
5570.75414 15.190 0.005
5571.68515 15.333 0.005
5572.80236 15.072 0.005
5575.70666 15.392 0.005
5576.68086 14.944 0.005
5577.68280 15.117 0.005
5578.68942 15.288 0.005
5579.73955 15.375 0.006
5580.68437 15.004 0.005
5581.68620 15.184 0.005
5582.69350 15.342 0.005
5583.70026 15.111 0.005
5584.68628 15.064 0.005
5585.68616 15.251 0.005
5586.64993 15.397 0.005
5587.63206 14.949 0.005
5588.73601 15.148 0.005
5589.64207 15.287 0.005
5591.67939 15.009 0.005
5592.66164 15.201 0.005
5594.66082 15.100 0.005
5595.63948 15.065 0.005
5596.70262 15.255 0.005
5597.62009 15.390 0.005
5598.68640 14.954 0.005
5599.65001 15.133 0.005
5600.68275 15.300 0.005
5601.66239 15.351 0.005
5602.66109 15.020 0.005
5603.66986 15.213 0.005
5604.67026 15.362 0.005
5605.67209 15.024 0.005
5606.68346 15.090 0.005
5607.69487 15.258 0.005
5608.68173 15.420 0.006
5609.71347 14.963 0.005
5611.64403 15.305 0.006
5612.69654 15.285 0.005
5613.65974 15.034 0.005
5614.65167 15.214 0.005
5615.64546 15.373 0.005
5616.65422 14.987 0.005
5622.63936 15.308 0.005
5623.60224 15.318 0.005
5624.54332 15.030 0.005
5625.63499 15.218 0.005
5626.59609 15.370 0.006
5627.56082 15.026 0.005
5629.60103 15.259 0.005
5630.61247 15.410 0.005
5632.56058 15.148 0.005
5633.60958 15.318 0.005
5634.57000 15.291 0.005
5635.57433 15.035 0.005
5638.57893 14.979 0.005
5639.58918 15.093 0.005
5640.52815 15.263 0.006
5641.55582 15.402 0.005
5642.50407 14.976 0.005
5643.50183 15.153 0.005
5644.50457 15.316 0.005
5646.51630 15.038 0.005
5647.51826 15.212 0.005
5648.51896 15.370 0.005
5649.53370 14.956 0.005
5650.51412 15.094 0.005
5651.52004 15.273 0.005
5652.51499 15.398 0.005
5653.54507 14.983 0.005
5654.55360 15.169 0.005
5655.54476 15.317 0.005
5656.55366 15.189 0.005
5657.51361 15.049 0.005
5659.51292 15.377 0.005
5660.55829 14.941 0.005
5664.49248 14.989 0.005
5665.50772 15.169 0.005
5666.50453 15.327 0.006
5667.48671 15.208 0.005
5668.49223 15.058 0.005
5669.48627 15.238 0.005
5670.53773 15.392 0.005
5672.48304 15.108 0.005
5674.49107 15.398 0.005
5675.48394 14.996 0.005
5676.53920 15.196 0.005
5677.48066 15.326 0.005
5678.51485 15.112 0.005
5679.48249 15.059 0.005
5680.53055 15.244 0.005
5681.49457 15.376 0.006
5682.49469 14.940 0.005
5683.49925 15.119 0.005
5684.50408 15.292 0.005
5685.47581 15.371 0.006
5686.47670 15.016 0.005
5687.47885 15.180 0.005
5691.47038 15.247 0.005
5692.51999 15.401 0.006
5694.48701 15.134 0.005
5695.47144 15.300 0.005
5696.47981 15.344 0.006
5697.46974 15.014 0.005
5699.47928 15.356 0.006
5700.47086 15.034 0.005
5702.46774 15.260 0.005
5706.46744 15.311 0.006
5709.45452 15.208 0.005
5784.92782 15.004 0.005
5795.93380 15.030 0.005
5803.87913 15.129 0.005
5805.84359 15.366 0.005
5806.89458 15.018 0.005
5809.85582 15.061 0.005
5810.85893 15.074 0.005
5812.85176 15.398 0.005
5814.90081 15.149 0.005
5815.88020 15.314 0.005
5816.85434 15.330 0.005
5817.85603 15.026 0.005
5818.88402 15.215 0.005
5819.83801 15.359 0.005
5820.90545 14.970 0.005
5822.82566 15.254 0.005
5823.90054 15.403 0.005
5824.82250 14.961 0.005
5825.81075 15.140 0.005
5826.85926 15.313 0.005
5827.85322 15.289 0.005
5828.87942 15.034 0.005
5829.85281 15.219 0.005
5830.84439 15.364 0.005
5831.83607 14.982 0.005
5832.82548 15.091 0.005
5833.80984 15.276 0.005
5834.81078 15.402 0.005
5835.87068 14.983 0.005
5836.77722 15.147 0.005
5837.85653 15.323 0.005
5839.83820 15.040 0.005
5840.82117 15.221 0.005
5841.81873 15.365 0.005
5842.83634 14.955 0.005
5843.85181 15.106 0.005
5845.86683 15.385 0.006
5846.82727 14.989 0.005
5850.79117 15.036 0.005
5851.80020 15.234 0.005
5853.85371 14.959 0.005
5854.75900 15.100 0.005
5855.82871 15.288 0.005
5856.80026 15.392 0.006
5858.83450 15.179 0.005
5859.80301 15.332 0.005
5860.78809 15.182 0.005
5861.79709 15.047 0.005
5863.79902 15.388 0.005
5864.70756 14.951 0.005
5865.77715 15.110 0.005
5866.80127 15.281 0.005
5867.74019 15.399 0.005
5868.84166 15.008 0.005
5869.80716 15.185 0.005
5870.74697 15.334 0.005
5871.73306 15.179 0.005
5872.74243 15.056 0.005
5873.73765 15.247 0.005
5874.77120 15.385 0.005
5875.70714 14.955 0.005
5878.76378 15.388 0.006
5879.69219 14.998 0.005
5880.74365 15.184 0.005
5881.73021 15.343 0.005
5882.76100 15.099 0.005
5883.76494 15.076 0.005
5885.69624 15.382 0.006
5886.73232 14.954 0.005
5887.80469 15.140 0.005
5888.79336 15.314 0.005
5889.83553 15.303 0.005
5890.76905 15.023 0.005
5891.72775 15.198 0.005
5892.74550 15.359 0.005
5893.76360 15.037 0.005
5894.78707 15.088 0.005
5895.80416 15.263 0.005
5896.78722 15.413 0.005
5897.73403 14.960 0.005
5898.71620 15.140 0.005
5899.77539 15.314 0.005
5900.72501 15.342 0.005
5901.77432 15.032 0.005
5902.72557 15.208 0.005
5903.78076 15.374 0.005
5904.75538 14.994 0.005
5905.72941 15.087 0.005
5906.74130 15.262 0.005
5907.71937 15.403 0.005
5908.74468 14.971 0.005
5909.78921 15.161 0.005
5910.70200 15.310 0.005
5911.73382 15.292 0.005
5912.75429 15.041 0.005
5913.72628 15.212 0.005
5914.74888 15.376 0.005
5915.70593 14.992 0.005
5916.75977 15.097 0.005
5917.72343 15.263 0.005
5922.74047 15.228 0.005
5923.71671 15.040 0.005
5924.69801 15.220 0.005
5925.71205 15.370 0.005
5926.72384 14.955 0.005
5927.72285 15.102 0.005
5929.69701 15.398 0.005
5930.84218 15.001 0.005
5931.66351 15.163 0.005
5932.66076 15.319 0.005
5933.71121 15.204 0.005
5934.70726 15.055 0.005
5936.65239 15.384 0.005
5937.68210 14.949 0.005
5938.68290 15.108 0.005
5939.72665 15.281 0.005
5940.76259 15.376 0.005
5941.76254 15.007 0.005
5942.78734 15.190 0.005
5943.74476 15.353 0.005
5944.73765 15.112 0.005
5945.71791 15.066 0.005
5946.65777 15.230 0.005
5946.77413 15.254 0.005
5947.72473 15.400 0.005
5948.71354 14.950 0.005
5949.72972 15.128 0.005
5950.65071 15.285 0.005
5951.67608 15.387 0.005
5952.70068 15.010 0.005
5953.69863 15.191 0.005
5954.69616 15.339 0.005
5955.71878 15.072 0.005
5956.71884 15.074 0.005
5958.73603 15.406 0.005
5959.70801 14.962 0.005
5960.71005 15.136 0.005
5961.64177 15.297 0.005
5962.64269 15.373 0.006
5963.60940 14.998 0.005
5964.62137 15.180 0.005
5965.62031 15.340 0.005
5967.64246 15.075 0.005
5968.64256 15.254 0.005
5969.61858 15.403 0.005
5970.59607 14.947 0.005
5971.68895 15.142 0.005
5972.67533 15.309 0.005
5973.65839 15.343 0.005
5974.61345 15.003 0.005
5976.64758 15.346 0.005
5977.68115 15.004 0.005
5978.65758 15.087 0.005
5979.60775 15.251 0.005
5980.62342 15.396 0.005
5981.64690 14.965 0.005
5982.65280 15.148 0.005
5983.69544 15.323 0.005
5984.63446 15.316 0.005
5985.66680 15.031 0.005
5986.59657 15.206 0.005
5987.67204 15.358 0.005
5988.63852 14.991 0.005
5989.60245 15.082 0.005
5990.59597 15.253 0.005
5991.67099 15.409 0.005
5992.63123 14.967 0.005
5993.58812 15.148 0.005
5994.53128 15.301 0.005
5994.58679 15.301 0.005
5994.67618 15.316 0.005
5995.52628 15.351 0.005
5995.63451 15.275 0.005
5995.67544 15.207 0.005
5996.60457 15.038 0.005
5996.65397 15.039 0.005
5997.50765 15.199 0.005
5997.60677 15.217 0.005
5997.66206 15.222 0.005
5998.51776 15.353 0.006
5998.60511 15.377 0.005
5998.66551 15.381 0.005
5999.53425 15.023 0.005
5999.64584 14.966 0.005
6000.49456 15.074 0.005
6000.62121 15.097 0.005
6000.65795 15.106 0.005
6001.49929 15.264 0.005
6001.61270 15.278 0.005
6002.58492 15.406 0.005
6003.55102 14.969 0.005
6004.61143 15.158 0.005
6005.57910 15.325 0.005
6006.57843 15.270 0.005
6007.57677 15.041 0.005
6008.61122 15.226 0.005
6009.55236 15.356 0.005
6010.60443 14.957 0.005
6010.60790 14.958 0.005
6011.56669 15.099 0.005
6012.56578 15.278 0.005
6013.54752 15.406 0.005
6014.56646 14.982 0.005
6015.56183 15.167 0.005
6016.60247 15.325 0.005
6017.56566 15.230 0.005
6018.52105 15.034 0.005
6019.56907 15.230 0.005
6020.59158 15.394 0.005
6021.57932 14.960 0.005
6022.59081 15.115 0.005
6023.56487 15.287 0.005
6024.58770 15.397 0.005
6025.58772 14.995 0.005
6026.53401 15.174 0.005
6028.57075 15.157 0.005
6031.51612 15.378 0.006
6032.50865 14.957 0.005
6033.49621 15.113 0.005
6034.50180 15.282 0.005
6035.52719 15.391 0.005
6036.50401 14.993 0.005
6037.50371 15.181 0.005
6039.50209 15.174 0.005
6040.50440 15.060 0.005
6047.47903 14.997 0.005
6048.47777 15.190 0.005
6049.50108 15.342 0.005
6050.47667 15.139 0.005
6052.49234 15.244 0.005
6053.48938 15.398 0.006
6055.49798 15.120 0.005
6056.48496 15.293 0.005
6057.49091 15.363 0.005
6058.48851 15.017 0.005
6059.48217 15.194 0.005
6060.48492 15.354 0.005
6061.47604 15.089 0.005
6062.47009 15.080 0.005
6123.91929 14.970 0.005
6137.91725 15.220 0.005
6158.93027 15.358 0.005
6164.90457 15.129 0.005
6165.91709 15.295 0.005
6171.88289 15.065 0.005
6174.90873 14.958 0.005
6179.90889 15.215 0.005
6180.86145 15.346 0.005
6181.87565 15.015 0.005
6182.88018 15.080 0.005
6183.88189 15.255 0.005
6184.90844 15.410 0.005
6185.85816 14.953 0.005
6186.85964 15.138 0.005
6191.88524 15.360 0.005
6193.87251 15.088 0.005
6194.88948 15.277 0.005
6196.87494 14.966 0.005
6199.82391 15.291 0.005
6202.83138 15.379 0.005
6204.86650 15.092 0.005
6207.87935 14.983 0.005
6210.87804 15.189 0.005
6212.83083 15.225 0.005
6214.88201 14.948 0.005
6215.86981 15.118 0.005
6216.82866 15.273 0.005
6219.81365 15.161 0.005
6221.82694 15.171 0.005
6222.82785 15.064 0.005
6223.78496 15.223 0.005
6224.85054 15.372 0.005
6225.73253 14.969 0.005
6226.74491 15.091 0.005
6229.78745 14.980 0.005
6230.73133 15.159 0.005
6231.75614 15.326 0.005
6232.82211 15.129 0.005
6233.82864 15.069 0.005
6234.83251 15.238 0.005
6235.77990 15.390 0.005
6236.79747 14.949 0.005
6237.87349 15.144 0.005
6238.83123 15.294 0.005
6239.80526 15.382 0.005
6240.84852 15.018 0.005
6241.80217 15.185 0.005
6242.84510 15.352 0.005
6243.81347 15.085 0.005
6244.74692 15.054 0.005
6245.77074 15.247 0.005
6248.78747 15.125 0.005
6251.77809 15.012 0.005
6254.78800 15.041 0.005
6257.81637 15.394 0.005
6262.74012 15.014 0.005
6265.81213 14.976 0.005
6270.82811 15.165 0.005
6274.81975 15.224 0.005
6278.76682 15.262 0.005
6282.78965 15.337 0.005
6286.72292 15.372 0.005
6289.79225 15.285 0.005
6294.81416 15.131 0.005
6299.77069 15.110 0.005
6306.71084 15.052 0.005
6312.68525 15.388 0.005
6317.69640 15.058 0.005
6323.66962 15.370 0.005
6329.62885 15.233 0.005
6333.61969 15.286 0.005
6340.63186 15.254 0.005
6342.66092 14.969 0.005
6343.55706 15.120 0.005
6343.57565 15.121 0.005
6344.58701 15.287 0.005
6347.60194 15.196 0.005
6348.58749 15.350 0.005
6349.59420 15.059 0.005
6350.62836 15.083 0.005
6356.61938 15.305 0.005
6363.53683 15.392 0.005
6370.53397 15.365 0.005
6371.55947 14.978 0.005
6372.61022 15.095 0.005
6378.54255 15.286 0.005
6387.53480 15.165 0.005
6396.54063 15.396 0.005
6404.52576 14.943 0.005
6416.50181 15.112 0.005
6508.94118 15.326 0.006
6520.89374 15.165 0.005
6531.90489 15.093 0.005
6547.87032 15.132 0.005
6561.83840 15.021 0.005
6571.84517 15.263 0.005
6577.88575 15.285 0.005
6583.79190 15.044 0.005
6608.83220 14.945 0.005
6612.76840 15.000 0.005
6616.73025 15.065 0.005
6622.78422 15.359 0.005
6628.81187 15.264 0.005
6638.73764 15.086 0.005
6645.73519 15.033 0.005
6649.74213 15.093 0.005
6654.76225 15.331 0.005
6658.78106 15.383 0.005
6662.77068 15.403 0.005
6667.80307 15.056 0.005
6672.77562 15.294 0.005
6680.76989 15.389 0.005
6685.60079 14.985 0.005
6687.70046 15.345 0.005
6688.63346 15.173 0.005
6689.65724 15.060 0.005
6690.65253 15.239 0.005
6691.68247 15.392 0.005
6692.70444 14.953 0.005
6693.65248 15.123 0.005
6694.69634 15.308 0.005
6695.64145 15.391 0.005
6696.62902 14.996 0.005
6697.68709 15.189 0.005
6698.68745 15.347 0.005
6699.52747 15.226 0.005
6700.56083 15.050 0.005
6700.67533 15.081 0.005
6701.54847 15.245 0.005
6701.68826 15.254 0.005
6702.55854 15.363 0.005
6702.68685 15.388 0.005
6703.56915 14.948 0.005
6703.70408 14.957 0.005
6704.56548 15.107 0.005
6704.71327 15.137 0.005
6705.55867 15.287 0.005
6705.67645 15.302 0.005
6706.63584 15.368 0.005
6707.64855 15.016 0.005
6708.63842 15.193 0.005
6709.63278 15.346 0.005
6710.64215 15.046 0.005
6711.62911 15.073 0.005
6712.57972 15.250 0.005
6722.60449 15.078 0.005
6736.61575 14.975 0.005
6871.92515 15.049 0.005
6887.92303 15.289 0.005
6896.89380 14.937 0.005
6907.87656 14.949 0.005
6926.80565 15.072 0.005
6932.81429 15.322 0.005
6938.79973 15.265 0.005
6942.79721 15.318 0.005
6950.84802 15.403 0.005
6956.85084 15.231 0.005
6961.84545 15.393 0.005
6967.71687 15.224 0.005
6973.72236 14.985 0.005
6980.75931 14.951 0.005
6987.79028 15.073 0.005
6992.76244 15.131 0.005
6997.76821 15.358 0.005
7002.71203 14.948 0.005
7007.72335 15.199 0.005
7013.67673 14.960 0.005
7016.78242 15.255 0.005
7020.78661 14.953 0.005
7024.76022 14.978 0.005
7028.71341 15.040 0.005
7032.76778 15.106 0.005
7037.74314 15.327 0.005
7042.74073 14.945 0.005
7046.74192 14.998 0.005
7051.73248 15.247 0.005
7056.67289 15.387 0.005
7062.66461 15.237 0.005
7063.66028 15.384 0.005
7064.72370 14.943 0.005
7065.70877 15.132 0.005
7066.70444 15.299 0.005
7067.69813 15.357 0.005
7068.67397 15.015 0.005
7070.71922 15.349 0.005
7071.72546 15.015 0.005
7072.70615 15.088 0.005
7074.67195 15.396 0.005
7075.65176 14.947 0.005
7076.65689 15.126 0.005
7077.63574 15.295 0.005
7078.63559 15.351 0.005
7080.58822 15.187 0.005
7083.61499 15.069 0.005
7086.62312 14.953 0.005
7091.60396 15.197 0.005
7103.57196 15.359 0.005
7110.50848 15.308 0.005
7111.53144 15.314 0.005
7112.52945 15.031 0.005
7113.52461 15.210 0.005
7114.53337 15.366 0.005
7115.52767 14.985 0.005
7115.57885 14.956 0.005
7117.54457 15.264 0.005
7118.51766 15.408 0.005
7119.50458 14.967 0.005
7126.52790 14.951 0.005
7131.53246 15.166 0.005
7134.50272 15.042 0.005
7137.53264 14.940 0.005
7143.49729 15.333 0.005
7277.90426 15.261 0.005
7287.90439 15.085 0.005
7292.83697 15.298 0.005
7294.80069 15.010 0.005
7297.79889 15.057 0.005
7304.87832 15.261 0.005
7312.79572 14.964 0.005
7319.77738 14.970 0.005
7322.75003 15.393 0.005
7327.85274 15.051 0.005
7339.76112 15.227 0.005
7345.71967 14.991 0.005
7354.79650 15.290 0.005
7361.81935 15.251 0.005
7366.69191 15.381 0.005
7373.84524 15.403 0.005
7377.81717 15.258 0.005
7382.71540 15.083 0.005
7385.72885 14.967 0.005
7390.75067 15.223 0.005
7399.75528 15.206 0.005
7404.74488 15.105 0.005
7408.71800 15.167 0.005
7410.71939 15.187 0.005
7413.68210 15.382 0.005
7416.68902 15.281 0.005
7424.63143 15.377 0.005
7427.66705 15.290 0.005
7431.65789 15.333 0.005
7435.65118 15.388 0.005
7439.65726 15.364 0.005
7443.62860 15.102 0.005
7449.63431 15.303 0.005
7453.60874 15.341 0.005
7462.62344 15.022 0.005
7466.57092 15.065 0.005
7472.57769 15.314 0.005
7476.53340 15.014 0.005
7488.48721 15.076 0.005
7499.51033 15.101 0.005
7507.48254 15.214 0.005
