5260.64507 15.108 0.005
5261.64842 15.319 0.006
5262.64219 15.471 0.006
5264.60958 15.297 0.006
5265.61092 15.469 0.007
5266.60342 15.079 0.006
5267.61665 15.310 0.006
5268.59928 15.472 0.006
5269.56856 15.068 0.005
5270.55517 15.279 0.006
5271.57795 15.478 0.006
5273.56640 15.291 0.006
5274.59756 15.455 0.006
5275.58078 15.063 0.005
5276.57682 15.279 0.006
5279.56494 15.294 0.006
5281.54035 15.043 0.005
5282.55982 15.275 0.006
5284.56342 15.043 0.005
5286.54610 15.449 0.006
5288.55978 15.273 0.006
5291.55389 15.264 0.006
5293.54524 15.027 0.006
5295.50138 15.429 0.006
5297.52708 15.241 0.006
5298.57215 15.431 0.006
5301.53291 15.412 0.006
5306.52939 15.230 0.006
5308.53711 14.991 0.006
5309.55778 15.236 0.006
5310.55762 15.407 0.007
5311.52401 14.999 0.006
5313.50666 15.402 0.007
5314.52147 15.013 0.006
5322.46892 15.371 0.007
5325.48323 15.369 0.007
5327.48552 15.203 0.006
5335.47619 15.252 0.006
5341.49769 15.287 0.007
5343.50030 15.373 0.007
5430.91851 15.338 0.006
5439.92804 15.324 0.007
5444.89818 15.099 0.005
5448.91708 15.307 0.006
5451.83049 15.297 0.006
5454.90948 15.309 0.006
5457.77339 15.281 0.005
5459.88535 15.064 0.005
5462.88367 15.062 0.005
5467.85422 15.454 0.006
5468.84316 15.038 0.005
5470.81812 15.432 0.006
5471.86585 15.040 0.005
5473.80069 15.433 0.006
5477.80270 15.009 0.005
5478.81015 15.244 0.005
5481.74951 15.240 0.006
5483.78278 15.025 0.006
5484.79487 15.240 0.005
5485.82167 15.419 0.006
5487.74341 15.227 0.005
5488.74557 15.403 0.006
5489.83782 15.004 0.005
5490.74669 15.217 0.005
5491.86010 15.429 0.007
5492.78213 15.031 0.005
5493.80443 15.223 0.006
5494.84920 15.397 0.006
5495.80635 15.026 0.005
5496.80420 15.221 0.006
5497.83434 15.409 0.006
5499.74135 15.207 0.006
5502.81151 15.217 0.005
5503.76675 15.401 0.006
5505.73646 15.184 0.005
5506.75395 15.392 0.005
5507.77206 15.167 0.005
5509.68043 15.371 0.006
5510.73634 15.259 0.005
5511.71258 15.187 0.005
5512.75565 15.381 0.006
5513.72595 15.307 0.005
5514.75849 15.187 0.005
5515.67574 15.354 0.006
5516.76131 15.282 0.005
5517.67443 15.164 0.005
5518.77086 15.369 0.006
5519.69728 15.413 0.007
5521.71410 15.352 0.006
5522.73925 15.374 0.006
5523.70394 15.161 0.005
5524.71243 15.354 0.005
5525.74545 15.385 0.005
5526.69754 15.156 0.005
5527.77824 15.362 0.005
5528.71933 15.419 0.006
5529.69964 15.150 0.005
5530.70682 15.348 0.006
5531.79005 15.390 0.005
5532.69819 15.145 0.005
5533.72153 15.349 0.006
5534.75300 15.430 0.006
5535.72989 15.148 0.005
5536.73253 15.352 0.005
5539.74278 15.344 0.006
5540.82697 15.417 0.006
5541.69313 15.137 0.005
5542.75228 15.336 0.005
5543.78307 15.448 0.006
5544.77052 15.129 0.005
5545.75982 15.339 0.006
5546.70951 15.483 0.006
5547.76930 15.153 0.005
5548.73053 15.324 0.005
5549.69705 15.478 0.006
5550.74932 15.126 0.005
5551.70681 15.323 0.006
5553.75281 15.137 0.005
5556.70080 15.122 0.005
5557.68192 15.286 0.005
5558.68283 15.498 0.006
5559.72603 15.088 0.005
5560.66472 15.292 0.005
5562.71787 15.095 0.005
5563.65181 15.291 0.006
5565.68371 15.079 0.005
5566.71042 15.299 0.005
5568.73070 15.081 0.005
5569.72528 15.300 0.006
5570.76478 15.474 0.006
5571.69640 15.090 0.005
5572.81301 15.316 0.006
5575.71733 15.304 0.005
5576.69150 15.445 0.006
5577.69379 15.035 0.005
5578.70114 15.267 0.005
5579.75103 15.447 0.006
5580.69506 15.054 0.005
5581.69718 15.270 0.005
5582.70415 15.458 0.006
5583.71211 15.049 0.005
5584.69691 15.272 0.005
5585.69681 15.437 0.006
5586.66059 15.032 0.005
5588.74669 15.467 0.006
5589.65270 15.021 0.005
5591.69005 15.418 0.005
5592.67227 15.009 0.005
5593.65526 15.236 0.005
5594.67150 15.429 0.006
5595.65014 15.001 0.005
5596.71324 15.238 0.005
5597.63072 15.405 0.005
5598.69703 14.995 0.005
5599.66067 15.225 0.005
5600.69337 15.394 0.005
5601.67301 14.985 0.005
5602.67175 15.208 0.005
5603.67842 15.394 0.006
5604.67882 15.006 0.005
5605.68133 15.213 0.005
5606.69327 15.381 0.005
5607.70419 14.990 0.005
5608.69480 15.221 0.006
5609.72201 15.390 0.006
5611.65256 15.212 0.006
5612.70509 15.376 0.006
5613.66825 15.003 0.005
5614.66059 15.201 0.005
5615.65399 15.379 0.005
5616.67001 15.025 0.005
5619.65192 15.046 0.005
5622.64996 15.058 0.005
5623.61281 15.166 0.005
5624.55400 15.354 0.005
5625.64553 15.111 0.005
5626.60662 15.192 0.005
5627.57140 15.349 0.005
5629.61161 15.156 0.005
5630.62302 15.345 0.006
5632.57120 15.159 0.005
5633.62011 15.355 0.005
5634.58060 15.279 0.006
5635.58487 15.156 0.005
5638.58947 15.151 0.006
5639.59972 15.370 0.006
5640.53869 15.406 0.006
5641.56635 15.166 0.005
5642.51459 15.352 0.005
5643.51235 15.456 0.006
5644.51510 15.140 0.005
5645.51380 15.339 0.006
5646.52682 15.434 0.006
5647.52877 15.141 0.005
5648.52945 15.346 0.005
5649.54420 15.445 0.006
5650.52464 15.129 0.005
5651.53052 15.341 0.005
5652.52548 15.463 0.006
5653.55551 15.137 0.005
5654.56405 15.336 0.006
5655.55523 15.478 0.006
5656.56414 15.123 0.005
5657.52406 15.334 0.006
5659.52338 15.123 0.005
5660.56876 15.332 0.005
5664.50294 15.480 0.007
5665.51816 15.108 0.005
5666.51497 15.333 0.006
5667.49714 15.485 0.006
5668.50310 15.104 0.006
5669.49665 15.292 0.005
5670.54818 15.475 0.006
5671.49855 15.100 0.006
5672.49344 15.302 0.006
5674.50149 15.077 0.005
5675.49476 15.304 0.006
5676.55001 15.466 0.005
5677.49102 15.080 0.005
5678.52526 15.307 0.005
5679.49288 15.462 0.006
5680.54166 15.096 0.006
5681.50571 15.307 0.006
5682.50518 15.483 0.007
5683.51005 15.077 0.005
5684.51506 15.291 0.006
5685.48654 15.449 0.006
5686.48706 15.068 0.005
5687.48922 15.296 0.006
5691.48073 15.458 0.006
5694.49732 15.457 0.006
5695.48175 15.057 0.005
5696.49015 15.276 0.006
5697.48008 15.446 0.006
5699.48961 15.263 0.006
5700.48116 15.461 0.007
5702.47803 15.274 0.006
5706.47774 15.465 0.006
5709.46483 15.436 0.005
5784.93803 15.406 0.007
5796.90560 15.399 0.006
5803.88943 15.176 0.005
5805.85387 15.363 0.005
5806.90487 15.182 0.005
5809.86608 15.274 0.005
5810.86925 15.166 0.005
5812.86215 15.312 0.005
5814.91115 15.372 0.006
5815.89051 15.294 0.005
5816.86467 15.160 0.005
5817.86632 15.352 0.005
5818.89434 15.332 0.005
5819.84836 15.150 0.005
5822.83601 15.156 0.005
5823.91084 15.361 0.007
5824.83284 15.445 0.006
5825.82108 15.145 0.005
5826.86960 15.357 0.006
5827.86357 15.438 0.005
5828.88980 15.147 0.005
5829.86317 15.333 0.005
5830.85473 15.428 0.005
5831.84644 15.136 0.005
5832.83586 15.339 0.005
5833.82023 15.464 0.005
5834.82118 15.121 0.005
5835.88109 15.350 0.005
5836.78758 15.468 0.005
5837.86788 15.130 0.005
5839.84862 15.475 0.006
5840.83211 15.121 0.005
5841.82914 15.329 0.006
5842.84678 15.463 0.006
5843.86225 15.124 0.005
5845.87725 15.469 0.007
5846.83776 15.114 0.006
5850.80239 15.320 0.005
5851.81060 15.496 0.006
5853.86612 15.344 0.005
5854.76980 15.475 0.005
5855.83915 15.104 0.005
5856.81076 15.302 0.006
5858.84497 15.098 0.005
5859.81349 15.304 0.005
5860.79854 15.471 0.006
5861.80755 15.077 0.005
5863.81072 15.479 0.005
5864.71802 15.050 0.005
5865.78764 15.294 0.005
5866.81177 15.470 0.005
5867.75068 15.049 0.005
5868.85218 15.316 0.005
5869.81770 15.458 0.005
5870.75748 15.038 0.005
5871.74361 15.272 0.005
5872.75293 15.455 0.005
5873.74818 15.033 0.005
5874.78174 15.277 0.006
5874.78381 15.278 0.006
5875.71766 15.449 0.006
5878.81862 15.456 0.006
5879.72593 15.024 0.005
5880.75419 15.257 0.005
5881.74074 15.436 0.006
5882.77154 15.020 0.005
5883.77549 15.257 0.006
5885.70680 15.001 0.005
5886.74288 15.240 0.006
5887.81524 15.434 0.005
5888.80391 15.014 0.005
5889.84610 15.263 0.005
5890.77964 15.419 0.006
5891.73831 15.012 0.005
5892.75606 15.246 0.005
5893.77421 15.423 0.005
5894.79768 15.009 0.005
5895.81476 15.251 0.005
5896.79781 15.431 0.005
5897.74463 14.998 0.005
5898.72683 15.231 0.005
5899.78598 15.421 0.005
5900.73563 15.006 0.005
5901.78491 15.234 0.005
5902.73620 15.406 0.006
5903.79135 14.996 0.005
5904.76598 15.233 0.005
5905.74001 15.396 0.005
5906.75188 15.025 0.005
5907.72996 15.213 0.005
5908.75531 15.396 0.005
5909.79981 15.022 0.005
5910.71265 15.201 0.005
5911.74447 15.396 0.005
5912.76495 15.041 0.005
5913.73687 15.199 0.005
5914.75953 15.396 0.005
5915.71657 15.137 0.005
5916.77291 15.201 0.005
5917.73411 15.382 0.005
5922.75112 15.197 0.005
5923.72734 15.377 0.005
5924.70866 15.249 0.005
5925.72269 15.186 0.005
5926.73448 15.372 0.005
5927.73348 15.245 0.005
5929.70770 15.371 0.005
5930.85284 15.107 0.005
5931.67469 15.167 0.005
5932.67199 15.360 0.005
5933.72186 15.315 0.005
5934.71793 15.176 0.005
5935.66894 15.346 0.006
5936.66349 15.416 0.005
5937.69276 15.165 0.005
5938.69353 15.357 0.005
5939.73765 15.355 0.005
5940.77323 15.176 0.005
5941.77392 15.365 0.006
5942.79854 15.307 0.005
5943.75541 15.167 0.005
5944.74829 15.367 0.005
5945.72901 15.424 0.005
5946.66883 15.147 0.005
5946.78481 15.170 0.005
5947.73537 15.363 0.005
5948.72421 15.432 0.005
5949.74039 15.150 0.005
5950.66136 15.339 0.005
5951.68675 15.458 0.006
5952.71133 15.144 0.005
5953.70927 15.342 0.005
5954.70682 15.463 0.005
5955.72946 15.135 0.005
5956.72947 15.337 0.005
5958.74669 15.151 0.005
5959.71865 15.342 0.005
5960.72067 15.471 0.005
5961.65243 15.117 0.005
5962.65334 15.297 0.006
5963.62009 15.479 0.006
5964.63202 15.103 0.005
5965.63091 15.318 0.005
5967.65309 15.083 0.006
5968.65319 15.321 0.005
5969.62921 15.466 0.005
5970.60670 15.083 0.005
5971.69959 15.324 0.005
5972.68593 15.472 0.005
5973.66903 15.086 0.005
5974.62404 15.283 0.005
5976.65821 15.078 0.005
5977.69176 15.308 0.005
5978.66817 15.468 0.005
5979.61833 15.062 0.005
5980.64851 15.285 0.005
5981.65746 15.480 0.006
5982.66344 15.072 0.005
5983.70653 15.300 0.005
5984.64552 15.466 0.005
5985.67739 15.061 0.005
5986.60717 15.283 0.005
5987.68298 15.472 0.005
5988.64909 15.031 0.005
5989.61305 15.268 0.005
5990.60655 15.455 0.006
5991.68157 15.041 0.005
5992.64185 15.267 0.005
5993.59869 15.431 0.006
5994.59816 15.027 0.005
5995.64506 15.256 0.006
5996.61518 15.427 0.006
5997.61732 15.015 0.005
5998.61568 15.255 0.005
5998.67490 15.280 0.005
5999.65638 15.452 0.005
6000.63175 15.029 0.005
6002.59543 15.434 0.006
6003.56163 15.005 0.005
6004.62198 15.262 0.005
6005.60504 15.432 0.005
6006.58896 15.005 0.005
6007.58727 15.239 0.005
6008.62178 15.449 0.006
6009.56284 14.997 0.005
6010.61840 15.249 0.006
6011.57721 15.423 0.005
6012.61291 14.993 0.005
6013.55799 15.232 0.005
6014.57693 15.420 0.005
6015.57231 15.014 0.005
6016.61328 15.240 0.005
6017.57667 15.410 0.005
6018.53182 15.048 0.005
6019.58054 15.238 0.005
6020.60205 15.413 0.005
6021.58982 15.008 0.005
6022.60171 15.220 0.005
6023.57535 15.389 0.005
6024.59817 15.017 0.005
6025.59821 15.195 0.006
6026.54446 15.378 0.006
6028.58121 15.236 0.005
6029.59878 15.365 0.006
6032.51907 15.359 0.006
6033.50663 15.204 0.005
6034.51221 15.190 0.005
6035.53763 15.379 0.005
6036.51446 15.236 0.005
6037.51410 15.174 0.006
6038.50583 15.362 0.006
6039.51252 15.275 0.006
6040.51482 15.161 0.005
6042.51245 15.284 0.006
6047.48942 15.354 0.006
6048.48818 15.364 0.006
6049.51145 15.160 0.005
6050.48700 15.345 0.006
6052.50272 15.142 0.005
6053.49973 15.347 0.006
6055.50834 15.148 0.005
6056.49529 15.339 0.006
6057.50548 15.420 0.005
6058.49888 15.136 0.005
6059.49252 15.352 0.005
6060.49579 15.438 0.006
6061.48896 15.140 0.005
6062.48040 15.339 0.006
6064.48220 15.127 0.005
6070.48358 15.107 0.005
6079.46558 15.090 0.005
6123.92952 15.459 0.005
6137.92746 15.304 0.005
6164.91562 15.255 0.005
6171.89317 15.444 0.005
6174.91953 15.442 0.007
6179.91917 15.247 0.007
6180.87176 15.381 0.006
6181.88594 14.986 0.005
6182.89049 15.238 0.005
6183.89219 15.419 0.005
6185.86847 15.224 0.005
6186.86996 15.431 0.005
6191.89560 15.244 0.005
6193.90363 14.987 0.005
6196.88528 14.990 0.005
6199.83430 15.055 0.006
6202.84175 15.038 0.005
6204.87691 15.388 0.005
6207.88975 15.413 0.006
6208.79144 15.149 0.005
6210.88845 15.372 0.006
6212.84130 15.186 0.005
6216.83910 15.362 0.005
6219.82409 15.351 0.006
6221.83739 15.164 0.005
6222.83831 15.353 0.006
6223.79543 15.310 0.005
6224.86100 15.165 0.005
6225.74300 15.340 0.006
6226.75541 15.379 0.006
6229.79795 15.381 0.006
6230.74181 15.141 0.005
6231.76662 15.321 0.005
6232.83264 15.358 0.005
6233.84184 15.153 0.005
6234.84301 15.354 0.005
6235.79040 15.417 0.005
6236.80801 15.139 0.005
6238.84176 15.387 0.005
6239.81582 15.132 0.005
6240.85904 15.341 0.006
6241.81269 15.406 0.006
6242.85562 15.146 0.005
6243.82443 15.351 0.005
6244.76476 15.442 0.005
6245.78130 15.116 0.005
6248.79803 15.120 0.005
6251.78864 15.111 0.005
6254.79856 15.117 0.005
6257.82752 15.118 0.005
6262.75073 15.463 0.005
6265.82355 15.476 0.005
6270.84464 15.297 0.005
6274.83040 15.484 0.005
6278.77784 15.065 0.005
6282.80031 15.281 0.005
6286.73357 15.434 0.005
6289.80290 15.458 0.005
6294.82484 15.274 0.005
6299.78137 15.009 0.005
6306.72152 15.222 0.005
6312.71298 15.210 0.005
6317.70779 15.021 0.005
6323.68069 15.065 0.005
6329.63950 15.192 0.005
6333.63058 15.174 0.005
6340.64250 15.357 0.005
6343.58625 15.379 0.005
6347.61259 15.423 0.005
6356.62991 15.434 0.005
6363.54739 15.111 0.005
6371.57022 15.483 0.005
6378.55323 15.095 0.005
6387.54545 15.058 0.005
6396.55107 15.054 0.005
6404.53622 15.453 0.005
6416.51220 15.429 0.005
6509.93081 15.393 0.005
6520.90404 15.166 0.005
6531.91523 15.415 0.005
6547.88191 15.111 0.005
6561.84882 15.470 0.005
6571.85561 15.060 0.005
6578.87529 15.290 0.005
6583.80240 15.024 0.005
6608.84277 15.233 0.005
6612.77902 15.390 0.005
6616.74090 15.152 0.005
6622.79485 15.132 0.005
6628.82253 15.150 0.005
6638.74833 15.172 0.005
6645.74587 15.365 0.005
6649.75282 15.443 0.005
6654.77293 15.359 0.005
6658.79823 15.453 0.005
6662.78135 15.149 0.005
6667.84048 15.465 0.005
6672.78631 15.336 0.005
6680.78059 15.094 0.005
6690.67323 15.278 0.005
6697.72182 15.443 0.005
6705.68713 15.260 0.005
6712.65436 15.423 0.005
6722.61516 15.001 0.005
6736.62633 15.374 0.005
6871.93541 15.256 0.005
6888.90395 15.023 0.005
6896.90409 15.416 0.005
6907.88690 15.208 0.005
6926.81607 15.366 0.005
6932.82472 15.358 0.005
6938.81015 15.338 0.005
6942.80769 15.446 0.005
6950.85852 15.349 0.005
6956.86135 15.338 0.005
6961.85600 15.105 0.005
6967.72746 15.078 0.005
6973.73292 15.048 0.005
6980.76991 15.281 0.005
6987.80090 15.437 0.005
6992.77307 15.244 0.005
6997.77886 15.003 0.005
7002.72063 15.405 0.005
7007.73191 15.203 0.005
7013.68739 15.180 0.005
7016.79103 15.192 0.005
7020.79559 15.376 0.005
7024.77097 14.989 0.005
7028.72411 15.180 0.005
7032.77843 15.380 0.005
7037.75384 15.181 0.005
7042.75144 15.202 0.005
7047.71460 15.357 0.005
7051.74319 15.296 0.005
7056.68356 15.351 0.005
7062.67528 15.337 0.005
7069.67191 15.486 0.005
7080.59884 15.304 0.005
7083.62559 15.309 0.005
7086.63465 15.306 0.005
7091.61452 15.073 0.005
7103.58549 15.046 0.005
7112.59277 15.039 0.005
7115.58933 15.010 0.005
7119.54735 15.243 0.005
7126.53837 15.420 0.005
7131.54288 15.229 0.005
7134.51317 15.228 0.005
7137.54305 15.220 0.005
7143.50768 15.206 0.006
7278.85945 15.054 0.005
7292.84742 15.428 0.006
7294.81109 15.238 0.005
7297.80983 15.243 0.005
7304.88874 15.429 0.006
7312.80616 15.214 0.005
7322.76119 15.386 0.005
7327.86773 15.200 0.005
7339.77168 15.159 0.005
7345.73029 15.147 0.005
7354.80712 15.153 0.005
7361.82999 15.351 0.005
7366.70255 15.101 0.005
7373.85593 15.349 0.005
7377.82780 15.481 0.005
7382.72604 15.309 0.005
7385.73950 15.299 0.005
7390.76136 15.064 0.005
7399.76594 15.054 0.005
7403.78133 15.272 0.005
7408.72863 15.011 0.005
7410.73002 15.409 0.005
7413.69274 15.419 0.006
7416.69967 15.434 0.005
7424.64205 15.205 0.005
7427.67565 15.202 0.005
7431.66975 15.385 0.005
7435.66182 15.065 0.005
7439.66871 15.188 0.005
7443.63920 15.375 0.005
7449.64490 15.364 0.005
7453.62028 15.319 0.005
7462.63399 15.364 0.005
7466.58143 15.151 0.005
7472.58822 15.126 0.005
7476.54395 15.336 0.005
7488.49765 15.300 0.005
7499.52077 15.073 0.005
7508.46628 15.019 0.005
