5260.64086 14.850 0.006
5261.64422 15.018 0.006
5262.63801 15.152 0.006
5264.60542 14.945 0.006
5265.60667 15.095 0.007
5266.59924 15.174 0.007
5267.61248 14.887 0.006
5268.59514 15.041 0.006
5269.56442 15.156 0.006
5270.55103 14.895 0.006
5271.57381 14.964 0.006
5273.56227 15.134 0.006
5274.59340 14.910 0.006
5275.57665 15.062 0.006
5276.57271 15.173 0.006
5279.56083 15.138 0.007
5281.53626 14.927 0.006
5282.55570 15.085 0.006
5284.55930 14.859 0.006
5286.54200 15.153 0.006
5288.55569 14.957 0.006
5291.54983 14.891 0.006
5293.54115 15.166 0.007
5295.49732 14.974 0.006
5297.52306 15.098 0.006
5298.56807 14.924 0.006
5301.52886 14.848 0.006
5306.52535 15.101 0.006
5308.53311 14.881 0.006
5309.55378 15.054 0.006
5310.55364 15.166 0.007
5311.51872 14.874 0.007
5313.50270 15.121 0.007
5314.51747 15.121 0.007
5322.46497 14.922 0.006
5325.47925 14.869 0.006
5327.48156 15.162 0.006
5335.47226 14.846 0.006
5341.49376 15.186 0.007
5343.49636 15.015 0.007
5430.91444 14.849 0.006
5439.92393 15.150 0.007
5444.89399 14.883 0.006
5448.91293 14.978 0.006
5451.82634 14.899 0.006
5454.90530 14.852 0.005
5457.76920 15.081 0.006
5459.88114 15.098 0.006
5462.87008 15.033 0.006
5462.87631 15.034 0.006
5467.85001 15.153 0.006
5468.83893 14.896 0.006
5470.81386 15.178 0.006
5471.86160 14.848 0.005
5473.79644 15.130 0.006
5477.79840 15.186 0.006
5478.80588 14.860 0.005
5481.74524 15.007 0.006
5484.79060 15.168 0.006
5485.81736 14.886 0.005
5487.73823 15.170 0.006
5488.74125 14.883 0.005
5489.83351 14.984 0.006
5490.74236 15.117 0.006
5491.85574 15.081 0.006
5492.77779 14.909 0.006
5493.80010 15.078 0.006
5494.84485 15.185 0.006
5495.80200 14.852 0.005
5496.79985 15.008 0.006
5497.83000 15.153 0.006
5499.73700 14.929 0.006
5502.80718 14.876 0.005
5503.76239 15.032 0.006
5505.73208 14.913 0.006
5506.74959 14.968 0.005
5507.76770 15.113 0.006
5509.67609 14.881 0.005
5510.73198 15.053 0.006
5511.70819 15.161 0.006
5512.75126 14.845 0.005
5513.72157 14.985 0.005
5514.75411 15.131 0.006
5515.67136 15.101 0.006
5516.75693 14.927 0.005
5517.67006 15.077 0.006
5518.76646 15.178 0.007
5519.69288 14.855 0.006
5521.70973 15.152 0.006
5522.73485 14.941 0.006
5523.69958 14.947 0.006
5524.70800 15.109 0.006
5525.74107 15.165 0.006
5526.69311 14.886 0.005
5527.77382 15.057 0.006
5528.71494 15.171 0.006
5529.69521 14.868 0.005
5530.70244 14.982 0.006
5531.78562 15.134 0.006
5532.69377 15.113 0.006
5533.71712 14.913 0.006
5534.74862 15.086 0.006
5535.72549 15.187 0.006
5536.72812 14.853 0.005
5539.73837 14.971 0.006
5540.82254 14.962 0.006
5541.68870 15.101 0.006
5542.74708 15.172 0.006
5543.77864 14.894 0.006
5544.76612 15.047 0.006
5545.75540 15.172 0.006
5546.70507 14.877 0.005
5547.76487 14.979 0.006
5548.72613 15.121 0.006
5549.69102 15.133 0.006
5550.74488 14.918 0.005
5551.70238 15.062 0.006
5553.74841 14.851 0.005
5554.68173 14.998 0.007
5556.69637 15.034 0.006
5557.67753 14.926 0.005
5558.67844 15.086 0.006
5559.72162 15.176 0.006
5560.66031 14.864 0.005
5561.69411 15.026 0.006
5562.71345 15.166 0.006
5563.64740 14.927 0.006
5565.67932 15.115 0.006
5566.70602 15.146 0.006
5568.72630 15.063 0.006
5569.72086 15.182 0.006
5570.76042 14.844 0.006
5571.69143 14.974 0.006
5572.80863 15.150 0.006
5575.71296 15.088 0.006
5576.68715 15.178 0.006
5577.68941 14.859 0.005
5578.69570 15.022 0.006
5579.74665 15.164 0.006
5580.69069 14.939 0.005
5581.69281 14.956 0.006
5582.69978 15.108 0.006
5583.70654 15.154 0.006
5584.69258 14.887 0.005
5585.69245 15.053 0.006
5586.65623 15.170 0.006
5587.63839 14.860 0.005
5587.65608 14.861 0.005
5588.71574 14.991 0.005
5588.74233 14.991 0.006
5589.64838 15.123 0.006
5591.68571 14.916 0.005
5592.66796 15.076 0.006
5593.65093 15.178 0.006
5594.66716 14.858 0.005
5595.64583 15.004 0.005
5596.70894 15.151 0.006
5597.62642 15.016 0.005
5598.69272 14.946 0.005
5599.65634 15.100 0.006
5600.68907 15.167 0.006
5601.66871 14.872 0.005
5602.66744 15.035 0.006
5603.64959 15.150 0.006
5604.57786 14.917 0.006
5604.64718 14.877 0.006
5604.71998 14.852 0.005
5605.56741 14.951 0.005
5605.73912 14.983 0.005
5606.55597 15.107 0.006
5606.71788 15.126 0.006
5607.58913 15.148 0.006
5607.59181 15.151 0.006
5607.72220 15.101 0.006
5608.60014 14.894 0.005
5609.56710 15.055 0.006
5609.69342 15.072 0.006
5611.57961 14.845 0.006
5611.67688 14.851 0.006
5612.57038 14.991 0.006
5612.67598 15.016 0.006
5613.62269 15.146 0.006
5613.67804 15.144 0.007
5614.56999 15.084 0.006
5614.66927 15.020 0.006
5615.58172 14.929 0.005
5615.71248 14.947 0.006
5616.56873 15.091 0.006
5616.70119 15.099 0.006
5617.53432 15.186 0.006
5617.66574 15.182 0.006
5619.54979 15.015 0.006
5619.66053 15.037 0.006
5620.54297 15.154 0.006
5622.64577 14.970 0.006
5623.60861 15.110 0.006
5624.54977 15.168 0.006
5625.64135 14.899 0.005
5626.60245 15.058 0.006
5627.56720 15.171 0.006
5629.60743 14.987 0.005
5630.61886 15.131 0.006
5632.56698 14.908 0.006
5633.61595 15.080 0.006
5634.57642 15.175 0.006
5635.58072 14.854 0.005
5638.58532 14.975 0.006
5639.59560 14.945 0.006
5640.53455 15.095 0.006
5641.56223 15.167 0.006
5642.51047 14.869 0.005
5643.50823 15.028 0.006
5644.51098 15.159 0.006
5645.50968 14.906 0.006
5646.52270 14.972 0.006
5647.52467 15.114 0.006
5648.52534 15.142 0.006
5649.54011 14.898 0.005
5650.52054 15.060 0.006
5651.52644 15.182 0.005
5652.52139 14.850 0.005
5653.55145 14.996 0.006
5654.56000 15.141 0.006
5655.55117 15.039 0.006
5656.56006 14.931 0.005
5657.52001 15.087 0.006
5659.51933 14.854 0.006
5660.56471 15.033 0.005
5664.49889 15.101 0.006
5665.51413 15.152 0.006
5666.51096 14.887 0.006
5667.49311 15.049 0.006
5668.49866 15.169 0.006
5669.49264 14.844 0.005
5670.54415 14.983 0.006
5671.49453 15.116 0.007
5672.48943 15.094 0.006
5674.49749 15.070 0.006
5675.49033 15.184 0.006
5676.54562 14.862 0.005
5677.48704 15.016 0.005
5678.52128 15.148 0.006
5679.48888 14.978 0.006
5680.53767 14.959 0.006
5681.50173 15.114 0.007
5682.50116 15.171 0.007
5683.50607 14.877 0.005
5684.51050 15.046 0.006
5685.48220 15.161 0.006
5686.48310 14.873 0.005
5687.48525 14.973 0.006
5691.47678 15.071 0.006
5692.52813 15.184 0.007
5694.49337 15.006 0.006
5695.47780 15.138 0.006
5696.48620 15.014 0.006
5697.47614 14.939 0.006
5699.48567 15.181 0.007
5700.47725 14.864 0.006
5702.47410 15.159 0.006
5706.47381 15.144 0.006
5709.46090 15.177 0.006
5784.93399 15.116 0.006
5796.90153 15.033 0.006
5803.88529 15.060 0.006
5805.84978 14.856 0.005
5806.90075 14.989 0.005
5809.86196 14.918 0.005
5810.86508 15.082 0.006
5812.85800 14.858 0.005
5814.90700 15.159 0.006
5815.88636 14.948 0.005
5816.86053 14.949 0.006
5817.86217 15.103 0.006
5818.89016 15.168 0.006
5819.84417 14.881 0.005
5820.91158 15.060 0.006
5822.83183 14.879 0.005
5823.90666 14.991 0.006
5824.82863 15.121 0.006
5825.81689 15.137 0.005
5826.86539 14.920 0.005
5827.85937 15.076 0.005
5828.88559 15.185 0.006
5829.85894 14.852 0.005
5830.85052 15.015 0.005
5831.84220 15.150 0.005
5832.83163 15.018 0.005
5833.81600 14.932 0.005
5834.81693 15.095 0.005
5835.87683 15.182 0.006
5836.78335 14.869 0.005
5837.86269 15.043 0.005
5839.84435 14.878 0.005
5840.82784 14.969 0.005
5841.82488 15.119 0.006
5842.84246 15.138 0.007
5843.85798 14.904 0.005
5845.87295 15.177 0.007
5846.83344 14.854 0.006
5850.79809 14.930 0.005
5851.80631 15.087 0.006
5852.79008 15.182 0.007
5853.86181 14.871 0.006
5854.76512 15.022 0.005
5855.83484 15.163 0.005
5856.80641 14.941 0.006
5858.84064 15.115 0.006
5859.80915 15.162 0.006
5860.79420 14.888 0.005
5861.80321 15.049 0.005
5863.80638 14.854 0.005
5864.71370 14.972 0.005
5865.78328 15.130 0.006
5866.80741 15.090 0.005
5867.74633 14.901 0.005
5868.84781 15.083 0.005
5869.81332 15.179 0.005
5871.73923 15.009 0.005
5872.74857 15.147 0.006
5873.74381 15.012 0.005
5874.77737 14.943 0.006
5875.71327 15.090 0.006
5878.81424 15.044 0.006
5879.69833 15.142 0.007
5880.74981 14.887 0.005
5881.73636 14.957 0.005
5882.76714 15.126 0.006
5883.77109 15.132 0.006
5885.70242 15.057 0.006
5886.73847 15.177 0.007
5887.81086 14.852 0.005
5888.79952 15.002 0.005
5889.84168 15.147 0.006
5890.77523 15.024 0.005
5891.73390 14.929 0.005
5892.75166 15.093 0.005
5893.76979 15.180 0.006
5894.79328 14.869 0.005
5895.81035 15.039 0.006
5896.79341 15.161 0.006
5897.74022 14.918 0.005
5898.72241 14.958 0.005
5899.78156 15.119 0.006
5900.73122 15.162 0.006
5901.78048 14.907 0.005
5902.73176 15.067 0.006
5903.78693 15.177 0.006
5904.76158 14.850 0.005
5905.73560 14.992 0.005
5906.74749 15.129 0.006
5907.72556 15.084 0.006
5908.75089 14.928 0.005
5909.79540 15.099 0.005
5910.70822 15.184 0.006
5911.74006 14.863 0.005
5912.76053 15.028 0.005
5913.73248 15.153 0.005
5914.75511 14.935 0.005
5915.71214 14.951 0.005
5916.76850 15.115 0.005
5917.72967 15.169 0.006
5922.74672 14.985 0.005
5923.72294 15.122 0.005
5924.70427 15.123 0.005
5925.71828 14.914 0.005
5926.73008 15.076 0.005
5927.72910 15.182 0.006
5929.70328 15.005 0.005
5930.84845 15.156 0.005
5931.67029 15.027 0.005
5932.66760 14.937 0.005
5933.71749 15.097 0.006
5934.71355 15.180 0.006
5935.66454 14.870 0.005
5936.65908 15.021 0.005
5937.68839 15.163 0.005
5938.68917 14.888 0.005
5939.73325 14.969 0.005
5940.76886 15.125 0.006
5941.76956 15.110 0.006
5942.79417 14.913 0.005
5943.75102 15.074 0.005
5944.74392 15.183 0.005
5945.72463 14.851 0.005
5946.66447 14.996 0.005
5946.78044 15.016 0.006
5947.73101 15.138 0.006
5948.71986 15.022 0.005
5949.73604 14.934 0.005
5950.65700 15.084 0.005
5951.68239 15.185 0.006
5952.70698 14.867 0.005
5953.70492 15.031 0.005
5954.70247 15.159 0.005
5955.72513 14.902 0.005
5956.72515 14.966 0.005
5958.74237 15.142 0.005
5959.71432 14.900 0.005
5960.71638 15.069 0.005
5961.64813 15.183 0.005
5962.64901 14.861 0.006
5963.61574 14.977 0.006
5964.62771 15.131 0.006
5965.62663 15.113 0.005
5967.64881 15.079 0.006
5968.64891 15.188 0.006
5969.62493 14.855 0.005
5970.60241 15.010 0.005
5971.69531 15.155 0.005
5972.68169 14.955 0.005
5973.66476 14.951 0.005
5974.61978 15.103 0.005
5976.65394 14.880 0.005
5977.68751 15.053 0.005
5978.66394 15.163 0.005
5979.61410 14.875 0.005
5980.64425 14.973 0.005
5981.65323 15.123 0.006
5982.65917 15.112 0.006
5983.70231 14.917 0.005
5984.64129 15.067 0.005
5985.67318 15.182 0.006
5986.60295 14.845 0.005
5987.67874 15.011 0.005
5988.64489 15.140 0.006
5989.60883 15.032 0.005
5991.67736 15.093 0.006
5992.63766 15.187 0.006
5993.59450 14.857 0.005
5994.59397 15.024 0.005
5995.64090 15.147 0.006
5996.61098 14.897 0.005
5997.61315 14.965 0.005
5998.61150 15.110 0.006
5998.68116 15.112 0.006
5999.65223 15.134 0.005
6000.62760 14.898 0.005
6002.59129 15.174 0.006
6003.55746 14.855 0.005
6004.61784 14.988 0.006
6005.60087 15.130 0.006
6006.58484 15.072 0.005
6007.58315 14.919 0.005
6008.61764 15.092 0.005
6009.55873 15.175 0.006
6010.61430 14.860 0.006
6011.57310 15.016 0.005
6012.57218 15.147 0.006
6013.55392 14.977 0.005
6014.57285 14.944 0.005
6015.56821 15.104 0.005
6016.60889 15.167 0.005
6017.57256 14.868 0.005
6018.52745 15.036 0.006
6019.57602 15.161 0.006
6020.59799 14.853 0.005
6021.58574 14.977 0.006
6022.59723 15.129 0.006
6023.57129 15.105 0.005
6024.59412 14.911 0.005
6025.59414 15.072 0.006
6026.54041 15.179 0.006
6028.57717 15.014 0.006
6029.59476 15.143 0.006
6032.51504 15.085 0.006
6033.50261 15.180 0.006
6034.50821 14.858 0.005
6035.53361 15.031 0.005
6036.51045 15.153 0.006
6037.51009 14.911 0.006
6038.50182 14.959 0.006
6039.50852 15.116 0.006
6040.51082 15.154 0.006
6042.50844 15.051 0.006
6047.48543 15.085 0.006
6048.48420 14.908 0.006
6049.50747 15.082 0.006
6050.48305 15.178 0.006
6052.49875 15.016 0.006
6053.49578 15.154 0.006
6055.50438 14.953 0.006
6056.49135 15.117 0.006
6057.50153 15.166 0.005
6058.49492 14.885 0.005
6059.48856 15.041 0.006
6060.49183 15.170 0.006
6061.48244 14.857 0.005
6062.47646 14.966 0.006
6123.92554 14.997 0.005
6137.92347 15.058 0.006
6164.91074 15.004 0.005
6165.92385 15.148 0.006
6171.88904 15.043 0.005
6174.91517 14.976 0.006
6179.91503 15.178 0.007
6180.86758 14.858 0.005
6181.88177 14.995 0.006
6182.88632 15.142 0.005
6183.88802 15.055 0.005
6185.86428 15.093 0.005
6186.86580 15.181 0.005
6191.89139 14.959 0.005
6193.89940 15.161 0.005
6196.88107 15.170 0.005
6199.83007 15.137 0.006
6202.83752 15.071 0.006
6204.87264 14.851 0.005
6207.88549 14.953 0.006
6210.88418 15.173 0.006
6212.83699 15.052 0.005
6216.83479 15.123 0.005
6219.81976 15.064 0.006
6221.83308 14.855 0.006
6222.83401 15.002 0.006
6223.79109 15.139 0.005
6224.85666 15.010 0.005
6225.73866 14.913 0.005
6226.75104 15.082 0.006
6229.79362 15.036 0.006
6230.73746 15.148 0.006
6231.76227 14.945 0.005
6232.82828 14.967 0.005
6233.83747 15.119 0.005
6234.83866 15.149 0.005
6235.78605 14.893 0.005
6236.80365 15.060 0.005
6238.83738 14.848 0.005
6239.81141 14.999 0.005
6240.85467 15.142 0.006
6241.80831 15.074 0.006
6242.85125 14.932 0.005
6243.82007 15.092 0.005
6244.76038 15.180 0.006
6245.77689 14.862 0.005
6248.79363 14.953 0.005
6251.78422 15.153 0.005
6254.79417 15.170 0.005
6257.82311 15.139 0.005
6262.74628 14.843 0.005
6265.81865 14.973 0.005
6270.83432 15.053 0.005
6270.83995 15.047 0.005
6274.82599 15.134 0.005
6278.77342 15.185 0.005
6282.79590 15.019 0.005
6286.72915 14.860 0.005
6289.79849 14.895 0.005
6294.82041 15.071 0.005
6299.77697 15.070 0.005
6306.71714 14.984 0.005
6312.70821 15.179 0.005
6317.70345 14.908 0.005
6323.67636 15.028 0.005
6329.63519 15.154 0.006
6333.62603 15.165 0.005
6340.63822 15.084 0.005
6343.58200 15.176 0.005
6347.60831 14.992 0.005
6356.62573 15.135 0.005
6363.54323 15.138 0.005
6371.56600 14.917 0.005
6378.54906 14.855 0.005
6387.54133 15.151 0.005
6388.53409 14.972 0.005
6390.53218 15.108 0.005
6391.52599 15.175 0.005
6395.49385 14.882 0.005
6396.51556 14.970 0.005
6396.54704 14.977 0.005
6397.51672 15.119 0.005
6398.50768 15.135 0.005
6399.50492 14.898 0.005
6400.50459 15.068 0.005
6401.49041 15.179 0.005
6402.52832 14.855 0.005
6404.50190 15.141 0.005
6404.53221 15.145 0.005
6407.49910 15.096 0.005
6414.46746 15.119 0.006
6416.47775 14.903 0.005
6416.50822 14.901 0.005
6419.50079 14.853 0.005
6423.46047 14.919 0.005
6509.92679 15.112 0.005
6520.89996 15.179 0.005
6531.91110 14.861 0.005
6547.87774 15.166 0.005
6561.84458 15.183 0.005
6571.85133 15.178 0.005
6577.89193 15.080 0.006
6583.79810 14.935 0.005
6608.83837 15.124 0.005
6612.77461 15.181 0.005
6616.73646 15.102 0.005
6622.79042 15.140 0.005
6628.81810 15.057 0.005
6638.74388 15.012 0.005
6645.74144 15.034 0.005
6649.74837 15.126 0.005
6654.76853 14.858 0.005
6658.78741 14.938 0.005
6662.77696 15.038 0.005
6667.83396 15.118 0.005
6672.78192 15.001 0.005
6680.77622 15.147 0.005
6690.66888 15.122 0.005
6697.71752 15.149 0.005
6705.68284 14.890 0.005
6712.65013 14.848 0.005
6722.61094 14.963 0.005
6736.62218 14.861 0.005
6871.93138 15.180 0.006
6887.92970 15.075 0.005
6896.90001 14.862 0.005
6907.88274 14.979 0.005
6926.81182 15.153 0.005
6932.82045 15.136 0.005
6938.80588 15.028 0.005
6942.80339 15.115 0.005
6950.85420 15.063 0.005
6956.85702 15.153 0.005
6961.85162 14.886 0.005
6967.72306 15.151 0.006
6970.75934 15.195 0.006
6972.78311 15.007 0.005
6973.72853 15.132 0.005
6973.77403 15.147 0.005
6974.79900 15.008 0.005
6975.71420 14.925 0.005
6976.84202 15.105 0.005
6977.73804 15.182 0.005
6980.76550 15.161 0.005
6987.79649 15.177 0.006
6992.76864 14.928 0.005
6997.77443 15.157 0.006
7002.71827 14.889 0.005
7007.72957 15.124 0.005
7013.68299 15.001 0.005
7015.77083 14.954 0.005
7016.66624 14.934 0.005
7017.69846 15.097 0.005
7018.68389 15.186 0.005
7019.74684 14.886 0.005
7020.65863 15.029 0.005
7024.76652 15.123 0.005
7028.71970 15.180 0.005
7032.77406 14.991 0.005
7037.74945 15.040 0.005
7042.74706 15.139 0.005
7047.71023 14.993 0.005
7051.73882 15.088 0.005
7056.67923 14.955 0.005
7060.67824 14.892 0.005
7061.70650 15.054 0.005
7062.67099 15.167 0.005
7062.69770 15.171 0.005
7063.65825 14.869 0.005
7064.72165 14.990 0.005
7065.70672 15.135 0.006
7066.70242 15.094 0.005
7069.66764 15.189 0.005
7080.59459 14.924 0.005
7083.62137 15.140 0.005
7086.63039 15.177 0.006
7091.61037 14.929 0.005
7103.57836 15.170 0.005
7109.52792 15.065 0.006
7110.51316 15.175 0.006
7112.58866 15.013 0.006
7115.58524 14.936 0.005
7119.54329 15.038 0.005
7126.53431 15.063 0.005
7131.53884 15.053 0.005
7134.50915 15.180 0.006
7137.53906 15.157 0.005
7143.50371 15.046 0.006
7277.91044 15.153 0.007
7292.84315 14.943 0.005
7294.80686 15.179 0.006
7297.80556 15.163 0.006
7304.88446 15.182 0.006
7312.80186 14.870 0.005
7322.75617 14.853 0.005
7327.85890 15.094 0.006
7339.76729 14.863 0.005
7345.72586 15.181 0.006
7354.80271 15.043 0.005
7361.82555 15.077 0.005
7366.69811 15.079 0.005
7373.85149 14.870 0.005
7377.82340 14.907 0.005
7382.72164 15.130 0.005
7385.73513 15.087 0.005
7390.75696 14.948 0.005
7399.76157 15.126 0.006
7404.75118 14.858 0.005
7408.72428 14.945 0.005
7410.72567 15.173 0.006
7413.68842 15.165 0.006
7416.69535 15.125 0.005
7424.63775 15.090 0.005
7427.66923 15.187 0.005
7431.66463 14.940 0.005
7435.65757 14.891 0.005
7439.66409 14.989 0.005
7443.63496 15.076 0.005
7449.64070 14.946 0.005
7453.61606 15.039 0.005
7462.62984 14.853 0.005
7466.57731 14.923 0.005
7472.58410 14.938 0.005
7476.53983 14.881 0.005
7488.49363 15.140 0.005
7499.51675 15.132 0.005
7507.48895 14.927 0.005
