5260.64296 15.938 0.008
5261.64632 16.033 0.008
5262.64009 15.981 0.008
5264.60750 16.009 0.008
5265.60876 16.049 0.008
5266.60133 15.864 0.008
5267.61457 15.983 0.008
5268.59721 16.059 0.008
5269.56649 15.874 0.008
5270.55309 15.953 0.007
5271.57589 16.062 0.008
5273.56434 15.911 0.008
5274.59547 16.022 0.008
5275.57871 16.012 0.008
5276.57476 15.892 0.007
5279.56288 15.852 0.008
5281.53830 16.056 0.008
5282.55775 15.878 0.008
5284.56137 16.033 0.008
5286.54406 15.893 0.008
5288.55772 16.035 0.008
5291.55185 16.060 0.008
5293.54320 15.954 0.008
5295.49934 15.901 0.008
5297.52506 16.021 0.008
5298.57010 15.967 0.008
5301.53090 16.046 0.008
5306.52737 15.935 0.008
5308.53511 15.911 0.008
5309.55579 15.917 0.008
5310.55563 16.031 0.008
5311.52202 15.992 0.008
5313.50467 15.998 0.008
5314.51946 16.059 0.010
5322.46695 15.890 0.008
5325.48124 15.855 0.008
5327.48355 16.048 0.008
5335.47424 15.880 0.008
5341.49572 15.845 0.008
5343.49832 16.049 0.010
5430.91646 15.991 0.008
5439.92600 15.897 0.009
5444.89610 16.061 0.008
5448.91500 15.907 0.007
5451.82841 16.023 0.008
5454.90739 16.056 0.008
5457.77129 16.063 0.007
5459.88324 15.948 0.007
5462.88155 15.914 0.008
5467.85212 16.071 0.008
5468.84104 15.858 0.007
5470.81598 16.059 0.008
5471.86371 15.889 0.007
5473.79855 16.032 0.008
5477.80055 16.048 0.007
5478.80801 15.872 0.007
5481.74738 15.870 0.007
5483.78061 16.048 0.008
5484.79273 15.922 0.007
5485.81951 15.931 0.007
5487.74125 16.012 0.007
5488.74340 15.886 0.007
5489.83566 16.005 0.007
5490.74452 16.056 0.008
5491.85791 15.872 0.008
5492.77997 15.976 0.008
5493.80227 16.064 0.008
5494.84703 15.867 0.008
5495.80418 15.942 0.007
5496.80202 16.039 0.008
5497.83216 15.918 0.007
5499.73919 16.015 0.007
5502.80934 16.002 0.007
5503.76457 16.052 0.007
5505.73426 15.965 0.008
5506.75177 16.061 0.007
5507.76988 15.878 0.007
5509.67826 16.025 0.007
5510.73416 15.965 0.008
5511.71039 15.902 0.007
5512.75345 16.008 0.007
5513.72377 16.038 0.007
5514.75630 15.866 0.007
5515.67356 15.966 0.008
5516.75912 16.049 0.007
5517.67224 15.854 0.007
5518.76867 15.962 0.008
5519.69506 16.044 0.008
5521.71192 15.907 0.007
5522.73706 16.038 0.008
5523.70175 15.989 0.008
5524.71020 15.876 0.007
5525.74325 15.986 0.007
5526.69532 16.026 0.007
5527.77604 15.851 0.006
5528.71714 15.960 0.007
5529.69741 16.060 0.008
5530.70463 15.858 0.007
5531.78783 15.940 0.007
5532.69597 16.034 0.007
5533.71932 15.915 0.008
5534.75081 15.910 0.007
5535.72769 16.023 0.008
5536.73032 15.992 0.007
5539.74059 16.032 0.007
5540.82475 15.863 0.007
5541.69091 15.960 0.008
5542.75006 16.049 0.007
5543.78086 15.861 0.008
5544.76832 15.929 0.007
5545.75762 16.025 0.007
5546.70729 15.924 0.007
5547.76709 15.899 0.007
5548.72833 16.009 0.007
5549.69485 16.008 0.008
5550.74711 15.861 0.007
5551.70459 15.978 0.008
5553.75060 15.849 0.007
5556.69860 15.876 0.008
5557.67973 15.917 0.007
5558.68064 16.023 0.008
5559.72383 15.942 0.007
5560.66252 15.885 0.007
5561.69631 16.005 0.008
5562.71565 16.014 0.007
5563.64961 15.849 0.007
5565.68153 16.052 0.007
5566.70821 15.845 0.007
5568.72851 16.051 0.008
5569.72307 15.881 0.007
5570.76260 15.926 0.007
5571.69418 16.007 0.008
5572.81082 15.928 0.007
5575.71516 16.034 0.007
5576.68932 15.848 0.007
5577.69160 15.968 0.007
5578.69787 16.054 0.008
5579.74884 15.850 0.008
5580.69288 15.930 0.007
5581.69499 16.038 0.008
5582.70197 15.915 0.007
5583.70924 15.905 0.007
5584.69474 16.024 0.007
5585.69463 15.988 0.007
5586.65841 15.871 0.007
5587.64057 15.993 0.007
5588.74450 16.038 0.007
5589.65054 15.852 0.007
5591.68787 16.047 0.007
5592.67012 15.859 0.007
5593.65310 15.926 0.007
5594.66933 16.033 0.008
5595.64797 15.936 0.007
5596.71109 15.897 0.006
5597.62856 15.997 0.007
5598.69487 16.000 0.007
5599.65850 15.862 0.007
5600.69121 15.981 0.007
5601.67085 16.054 0.007
5602.66959 15.850 0.007
5603.67627 15.950 0.008
5604.67667 16.053 0.008
5605.67920 15.866 0.007
5606.69113 15.922 0.007
5607.70205 16.029 0.008
5608.69265 15.934 0.008
5609.71988 15.900 0.008
5611.65046 16.025 0.008
5612.70298 15.877 0.008
5613.66614 15.973 0.007
5614.65846 16.043 0.007
5615.65187 15.857 0.007
5616.66788 15.940 0.007
5619.64980 15.919 0.007
5622.64786 15.877 0.007
5623.61071 15.988 0.007
5624.55189 16.051 0.007
5625.64343 15.861 0.007
5626.60454 15.970 0.008
5627.56930 16.058 0.007
5629.60952 15.940 0.007
5630.62095 16.042 0.008
5632.56909 15.899 0.008
5633.61803 16.013 0.007
5634.57851 16.016 0.008
5635.58280 15.867 0.007
5638.58739 15.853 0.008
5639.59766 15.961 0.008
5640.53662 16.051 0.008
5641.56428 15.880 0.008
5642.51253 15.925 0.007
5643.51029 16.030 0.007
5644.51305 15.967 0.007
5645.51174 15.895 0.008
5646.52477 16.008 0.008
5647.52672 16.027 0.007
5648.52739 15.859 0.007
5649.54215 15.973 0.007
5650.52260 16.058 0.007
5651.52849 15.846 0.005
5652.52344 15.946 0.007
5653.55348 16.043 0.008
5654.56203 15.907 0.007
5655.55320 15.920 0.008
5656.56210 16.035 0.007
5657.52203 15.979 0.008
5659.52136 16.001 0.008
5660.56673 16.041 0.007
5664.50091 15.862 0.008
5665.51614 15.939 0.008
5666.51297 16.034 0.008
5667.49514 15.944 0.008
5668.50109 15.905 0.008
5669.49464 16.017 0.008
5670.54616 15.996 0.008
5671.49655 15.871 0.008
5672.49144 15.987 0.008
5674.49948 15.853 0.007
5675.49276 15.963 0.008
5676.54801 16.071 0.005
5677.48902 15.894 0.007
5678.52328 15.940 0.007
5679.49087 16.042 0.008
5680.53966 15.945 0.008
5681.50372 15.904 0.008
5682.50315 16.015 0.008
5683.50806 16.012 0.008
5684.51308 15.870 0.007
5685.48454 15.990 0.008
5686.48508 16.060 0.007
5687.48724 15.850 0.008
5691.47874 15.923 0.008
5694.49535 15.889 0.008
5695.47976 16.012 0.008
5696.48818 16.042 0.008
5697.47811 15.862 0.007
5699.48765 16.066 0.009
5700.47920 15.846 0.008
5702.47607 16.038 0.008
5706.47578 15.980 0.008
5709.46285 16.046 0.007
5784.93602 15.951 0.008
5796.90356 16.030 0.008
5803.88735 16.067 0.007
5805.85183 15.939 0.007
5806.90282 16.043 0.007
5809.86402 16.012 0.007
5810.86716 15.998 0.007
5812.86008 15.986 0.007
5814.90907 15.853 0.007
5815.88843 15.967 0.007
5816.86260 16.062 0.008
5817.86425 15.874 0.007
5818.89226 15.933 0.007
5819.84626 16.038 0.007
5820.91367 15.927 0.008
5822.83392 16.001 0.007
5823.90874 16.013 0.008
5824.83073 15.867 0.007
5825.81899 16.007 0.007
5826.86749 16.061 0.007
5827.86147 15.853 0.006
5828.88768 15.951 0.007
5829.86106 16.049 0.007
5830.85262 15.876 0.006
5831.84431 15.924 0.006
5832.83374 16.033 0.007
5833.81810 15.975 0.007
5834.81906 15.887 0.006
5835.87896 16.008 0.007
5836.78546 16.047 0.007
5837.86482 15.863 0.007
5839.84649 16.057 0.007
5840.82998 15.857 0.006
5841.82701 15.949 0.007
5842.84462 16.050 0.008
5843.86011 15.894 0.007
5845.87509 16.020 0.008
5846.83561 15.986 0.009
5850.80023 15.861 0.007
5851.80845 15.966 0.007
5853.86396 15.867 0.007
5854.76727 15.931 0.007
5855.83699 16.047 0.007
5856.80859 15.936 0.007
5857.79343 15.909 0.008
5858.84280 16.025 0.008
5859.81131 16.014 0.007
5860.79638 15.872 0.007
5861.80536 15.986 0.007
5863.80855 15.866 0.007
5864.71584 15.960 0.006
5865.78546 16.051 0.007
5866.80958 15.865 0.006
5867.74850 15.920 0.007
5868.85000 16.051 0.007
5869.81551 15.947 0.006
5870.75529 15.897 0.007
5871.74142 16.006 0.007
5872.75075 16.035 0.007
5873.74600 15.868 0.006
5874.77956 15.976 0.007
5875.71547 16.061 0.008
5878.81642 16.061 0.008
5879.70054 15.931 0.008
5880.75201 15.920 0.007
5881.73854 16.021 0.007
5882.76935 15.970 0.007
5883.77329 15.906 0.007
5885.70461 16.050 0.008
5886.74067 15.861 0.008
5887.81306 15.980 0.007
5888.80171 16.060 0.007
5889.84389 15.863 0.007
5890.77744 15.953 0.007
5891.73610 16.051 0.007
5892.75387 15.912 0.007
5893.77199 15.915 0.006
5894.79548 16.026 0.007
5895.81255 15.986 0.007
5896.79561 15.899 0.006
5897.74241 16.004 0.007
5898.72463 16.059 0.007
5899.78378 15.850 0.006
5900.73342 15.971 0.007
5901.78269 16.055 0.007
5902.73398 15.877 0.007
5903.78914 15.943 0.007
5904.76378 16.048 0.007
5905.73781 15.948 0.007
5906.74969 15.914 0.007
5907.72776 16.014 0.007
5908.75310 16.010 0.007
5909.79760 15.888 0.007
5910.71042 15.989 0.007
5911.74228 16.050 0.007
5912.76275 15.854 0.006
5913.73468 15.968 0.007
5914.75732 16.065 0.007
5915.71436 15.897 0.006
5916.77070 15.938 0.006
5917.73188 16.031 0.007
5922.74892 15.871 0.006
5923.72513 15.997 0.006
5924.70647 16.057 0.007
5925.72051 15.854 0.007
5926.73227 15.962 0.007
5927.73130 16.051 0.007
5929.70548 15.919 0.006
5930.85066 16.028 0.006
5931.67250 15.982 0.007
5932.66981 15.880 0.007
5933.71967 16.004 0.007
5934.71573 16.027 0.007
5935.66674 15.849 0.007
5936.66129 15.966 0.007
5937.69057 16.054 0.007
5938.69135 15.852 0.006
5939.73544 15.937 0.007
5940.77105 16.030 0.007
5941.77174 15.900 0.007
5942.79637 15.921 0.007
5943.75322 16.017 0.007
5944.74610 15.988 0.007
5945.72682 15.876 0.006
5946.66666 15.992 0.007
5946.78263 16.001 0.008
5947.73320 16.042 0.007
5948.72205 15.863 0.006
5949.73822 15.969 0.007
5950.65919 16.047 0.007
5951.68457 15.863 0.007
5952.70916 15.931 0.006
5953.70709 16.025 0.007
5954.70464 15.927 0.006
5955.72731 15.899 0.006
5956.72730 16.011 0.007
5958.74454 15.869 0.007
5959.71648 15.985 0.007
5960.71854 16.040 0.007
5961.65028 15.839 0.006
5962.65118 15.953 0.008
5963.61791 16.053 0.008
5964.62987 15.881 0.007
5965.62877 15.908 0.007
5967.65096 15.964 0.008
5968.65105 15.892 0.007
5969.62707 15.986 0.007
5970.60456 16.028 0.006
5971.69744 15.858 0.006
5972.68381 15.975 0.007
5973.66689 16.045 0.006
5974.62191 15.849 0.006
5976.65607 16.040 0.007
5977.68964 15.893 0.006
5978.66605 15.912 0.006
5979.61622 16.012 0.007
5980.64638 15.978 0.007
5981.65535 15.876 0.007
5982.66131 15.993 0.007
5983.70440 16.032 0.006
5984.64340 15.848 0.006
5985.67528 15.973 0.007
5986.60506 16.046 0.007
5987.68086 15.853 0.007
5988.64698 15.935 0.007
5989.61093 16.041 0.007
5990.60445 15.935 0.007
5991.67947 15.896 0.007
5992.63976 16.024 0.008
5993.59659 16.011 0.007
5994.59607 15.866 0.007
5995.64297 15.997 0.008
5996.61308 16.055 0.008
5997.61524 15.858 0.007
5998.61358 15.952 0.007
5998.67699 15.961 0.007
5999.65429 16.040 0.007
6000.62969 15.857 0.006
6002.59335 16.021 0.007
6003.55954 15.965 0.008
6005.60294 15.997 0.007
6006.58690 16.014 0.007
6007.58522 15.860 0.006
6008.61971 15.975 0.007
6009.56079 16.046 0.008
6010.61636 15.843 0.007
6011.57515 15.940 0.007
6012.61084 16.046 0.008
6013.55596 15.895 0.006
6014.57488 15.907 0.007
6015.57026 16.015 0.007
6016.61124 15.954 0.006
6017.57461 15.865 0.006
6018.52948 15.992 0.007
6019.57851 16.039 0.008
6020.60003 15.858 0.007
6021.58777 15.982 0.008
6022.59968 16.063 0.008
6023.57332 15.844 0.007
6024.59615 15.943 0.008
6025.59617 16.040 0.008
6026.54243 15.930 0.008
6028.57919 16.018 0.008
6029.59677 16.008 0.008
6032.51706 16.051 0.008
6033.50463 15.848 0.008
6034.51020 15.950 0.007
6035.53563 16.053 0.007
6036.51247 15.873 0.007
6037.51209 15.924 0.008
6038.50382 16.038 0.008
6039.51052 15.953 0.008
6040.51282 15.901 0.007
6042.51044 16.015 0.008
6047.48742 15.953 0.007
6048.48618 16.057 0.008
6049.50945 15.882 0.007
6050.48503 15.922 0.008
6052.50075 15.958 0.008
6053.49776 15.875 0.007
6055.50635 16.019 0.008
6056.49333 15.860 0.007
6057.50351 15.983 0.006
6058.49689 16.062 0.007
6059.49054 15.849 0.007
6060.49381 15.944 0.007
6061.48698 16.038 0.008
6062.47843 15.910 0.007
6064.48024 16.017 0.008
6070.48161 15.965 0.008
6079.46362 15.874 0.008
6123.92752 16.057 0.007
6137.92547 15.847 0.007
6164.91279 15.936 0.007
6165.92590 16.034 0.007
6171.89110 15.980 0.007
6174.91747 15.963 0.008
6179.91711 15.920 0.009
6180.86967 15.901 0.008
6181.88386 16.010 0.007
6182.88841 16.013 0.007
6183.89010 15.865 0.006
6185.86638 16.050 0.007
6186.86788 15.844 0.006
6191.89349 16.017 0.006
6193.90150 15.880 0.007
6196.88318 15.865 0.006
6199.83219 15.856 0.008
6202.83963 15.900 0.007
6204.87478 16.012 0.007
6207.88762 15.998 0.008
6210.88632 15.965 0.008
6212.83915 15.857 0.007
6216.83695 15.904 0.006
6219.82192 15.857 0.007
6221.83524 16.055 0.008
6222.83616 15.849 0.007
6223.79326 15.951 0.007
6224.85882 16.037 0.007
6225.74083 15.880 0.007
6226.75322 15.911 0.007
6229.79578 15.877 0.007
6230.73964 15.998 0.008
6231.76446 16.022 0.007
6232.83047 15.856 0.006
6233.83965 15.974 0.006
6234.84084 16.043 0.007
6235.78822 15.847 0.006
6236.80583 15.945 0.006
6238.83956 15.866 0.006
6239.81362 15.912 0.007
6240.85686 16.025 0.008
6241.81050 15.969 0.007
6242.85343 15.876 0.006
6243.82223 15.996 0.007
6244.76257 16.040 0.007
6245.77910 15.857 0.006
6248.79582 15.849 0.006
6251.78643 15.893 0.006
6254.79636 15.989 0.006
6257.82530 16.029 0.007
6262.74850 15.924 0.006
6265.82134 15.895 0.006
6270.83652 16.053 0.007
6270.84245 16.041 0.007
6274.82819 15.853 0.006
6278.77564 15.887 0.006
6282.79812 15.981 0.006
6286.73137 16.042 0.006
6289.80069 16.025 0.006
6294.82262 15.862 0.006
6299.77918 16.061 0.007
6306.71933 16.056 0.006
6312.71038 16.042 0.006
6317.70562 15.888 0.006
6323.67853 15.901 0.006
6329.63735 16.028 0.008
6333.62844 15.866 0.006
6340.64036 15.892 0.006
6343.58413 15.866 0.006
6347.61045 15.940 0.006
6353.62721 15.891 0.006
6354.59161 16.001 0.006
6355.58068 16.078 0.006
6356.62781 15.860 0.006
6356.66531 15.876 0.006
6357.64315 15.974 0.006
6358.54062 16.055 0.006
6360.59220 15.934 0.006
6361.60251 16.042 0.006
6362.57596 15.972 0.006
6363.54531 15.897 0.006
6363.58006 15.902 0.006
6371.56810 16.037 0.006
6378.55115 16.054 0.007
6387.54338 16.025 0.006
6396.54905 15.939 0.006
6404.53421 16.059 0.007
6416.51022 15.965 0.006
6509.92880 15.852 0.005
6520.90200 15.962 0.006
6531.91317 16.055 0.006
6547.87983 16.063 0.006
6561.84670 15.916 0.006
6571.85347 15.870 0.005
6577.89410 16.004 0.008
6578.87312 15.879 0.006
6583.80024 16.049 0.007
6608.84055 15.926 0.005
6612.77682 16.017 0.006
6616.73868 16.060 0.006
6622.79264 16.032 0.006
6628.82031 15.983 0.006
6638.74610 15.997 0.006
6645.74365 16.033 0.006
6649.75060 15.974 0.006
6654.77073 15.971 0.005
6658.79386 16.020 0.005
6662.77915 15.987 0.006
6667.84245 15.968 0.007
6672.78411 15.913 0.007
6680.77839 15.942 0.006
6690.67106 15.958 0.006
6697.71966 16.017 0.006
6705.68499 15.859 0.006
6712.65223 15.864 0.006
6722.61304 15.882 0.006
6736.62425 16.011 0.007
6871.93340 15.901 0.007
6887.93174 16.008 0.008
6896.90205 16.041 0.007
6907.88482 15.885 0.006
6926.81395 16.054 0.006
6932.82261 16.037 0.007
6938.80800 15.984 0.008
6942.80555 16.048 0.007
6950.85636 15.883 0.006
6956.85920 15.886 0.006
6961.85381 16.001 0.007
6967.72526 15.942 0.008
6973.73073 15.888 0.006
6980.76770 15.938 0.006
6987.79870 15.984 0.007
6992.77084 15.883 0.006
6997.77665 16.004 0.007
7000.71052 15.973 0.006
7001.66558 16.049 0.007
7002.69934 15.856 0.006
7003.80595 15.955 0.006
7004.74983 16.043 0.007
7005.69798 15.913 0.007
7006.72760 15.918 0.007
7007.77563 16.030 0.007
7008.72662 15.987 0.006
7009.74027 15.875 0.006
7010.68158 15.990 0.006
7013.68520 15.964 0.007
7016.78881 15.934 0.006
7020.79339 16.013 0.007
7024.76875 16.046 0.007
7028.72190 15.858 0.006
7032.77624 15.890 0.006
7037.75165 16.044 0.006
7042.74924 15.908 0.006
7047.71241 16.023 0.007
7051.74101 15.846 0.006
7056.68140 16.024 0.007
7062.67313 15.963 0.007
7069.66976 16.012 0.007
7080.59672 15.964 0.006
7083.62348 16.023 0.007
7085.59517 15.966 0.007
7086.59076 16.047 0.008
7086.63248 16.034 0.007
7087.58565 15.855 0.007
7088.59706 15.919 0.006
7089.57761 16.040 0.007
7090.58179 15.895 0.007
7091.56966 15.902 0.006
7091.61244 15.907 0.006
7092.63366 16.029 0.007
7093.58774 15.973 0.006
7097.56217 15.849 0.007
7103.58342 15.917 0.006
7112.59070 16.057 0.008
7115.58728 16.024 0.007
7119.54531 16.018 0.007
7126.53635 15.887 0.006
7131.54085 15.986 0.007
7134.51115 15.959 0.007
7137.54105 15.933 0.007
7143.50569 15.875 0.008
7277.91252 15.946 0.008
7292.84527 15.928 0.007
7294.80897 15.999 0.007
7297.80771 15.976 0.007
7304.88661 16.024 0.007
7312.80401 15.842 0.006
7322.75835 15.843 0.007
7327.86556 16.045 0.008
7339.76949 15.915 0.006
7345.72806 15.852 0.006
7354.80492 15.940 0.007
7361.82776 15.842 0.006
7366.70033 16.010 0.007
7373.85371 16.034 0.007
7377.82560 15.880 0.006
7382.72385 15.979 0.007
7385.73731 15.943 0.006
7390.75916 15.934 0.006
7399.76376 16.052 0.008
7403.77913 15.943 0.006
7408.72646 15.968 0.007
7410.72786 15.849 0.007
7413.69057 15.915 0.007
7416.69750 15.994 0.006
7424.63989 15.924 0.006
7427.67348 15.904 0.006
7431.66726 15.981 0.006
7435.65969 16.040 0.006
7439.66653 15.965 0.007
7443.63708 15.864 0.006
7449.64279 15.897 0.006
7453.61817 15.876 0.006
7462.63192 15.909 0.006
7466.57937 15.872 0.007
7472.58617 15.864 0.006
7476.54188 15.882 0.006
7488.49564 15.988 0.006
7499.51876 15.894 0.007
7508.46430 15.855 0.007
