5261.55766 14.343 0.005
5261.59934 14.340 0.005
5262.57508 14.219 0.005
5262.59343 14.213 0.005
5264.54162 14.032 0.005
5264.55655 14.029 0.005
5265.53651 13.933 0.005
5265.55794 13.933 0.005
5266.53828 14.032 0.005
5266.55394 14.025 0.005
5267.53706 14.065 0.005
5268.54889 14.155 0.005
5269.52105 14.260 0.005
5271.52978 14.319 0.005
5273.51901 14.135 0.005
5274.55023 13.975 0.005
5275.54859 13.975 0.005
5277.54465 14.080 0.005
5280.53091 14.343 0.005
5281.55299 14.277 0.005
5282.51135 14.182 0.005
5283.52552 14.119 0.005
5284.53111 13.937 0.005
5285.53135 13.999 0.005
5286.50586 14.035 0.005
5288.52397 14.191 0.005
5291.51612 14.239 0.005
5294.52567 13.922 0.005
5296.55517 14.046 0.005
5298.53965 14.209 0.005
5301.49980 14.221 0.005
5306.47901 14.058 0.005
5309.52365 14.337 0.005
5312.49492 14.134 0.005
5314.48934 13.954 0.005
5324.47023 13.981 0.005
5326.47808 14.092 0.005
5328.46929 14.302 0.005
5337.46550 14.207 0.005
5341.46395 14.160 0.005
5343.46634 13.926 0.005
5429.91960 14.129 0.005
5430.87090 13.999 0.005
5439.87941 14.126 0.005
5449.89799 14.099 0.005
5451.90705 14.012 0.005
5454.86299 14.221 0.005
5456.88867 14.350 0.005
5457.87109 14.230 0.005
5462.84006 14.057 0.005
5465.84326 14.347 0.005
5468.79610 14.135 0.005
5471.81890 14.029 0.005
5476.77209 14.329 0.005
5478.76002 14.123 0.005
5480.77736 13.964 0.005
5482.75312 14.092 0.005
5483.72949 14.180 0.005
5485.77169 14.366 0.005
5486.84988 14.287 0.005
5488.72838 14.124 0.005
5489.74953 13.942 0.005
5490.83941 14.005 0.005
5492.75928 14.101 0.005
5493.78162 14.203 0.005
5494.82634 14.319 0.005
5495.78345 14.363 0.005
5496.78130 14.267 0.005
5497.81150 14.155 0.005
5499.71848 13.912 0.005
5502.78861 14.124 0.005
5503.74385 14.221 0.005
5505.71353 14.365 0.005
5506.73100 14.232 0.005
5507.74914 14.142 0.005
5509.65754 13.910 0.005
5510.71344 14.024 0.005
5511.68900 14.055 0.005
5512.73270 14.140 0.005
5513.70295 14.251 0.005
5514.73550 14.350 0.005
5515.65276 14.348 0.005
5516.73830 14.213 0.005
5517.65142 14.134 0.005
5517.85233 14.127 0.005
5518.74785 14.016 0.005
5519.67136 13.937 0.005
5521.69110 14.081 0.005
5522.71620 14.164 0.005
5523.68093 14.263 0.005
5524.68940 14.349 0.005
5525.72244 14.310 0.005
5526.67449 14.199 0.005
5527.75520 14.112 0.005
5528.69624 13.973 0.005
5529.67657 13.974 0.005
5530.68375 14.031 0.005
5531.76695 14.092 0.005
5532.67504 14.172 0.005
5533.69839 14.289 0.005
5534.72993 14.349 0.005
5535.70673 14.266 0.005
5536.70937 14.162 0.005
5539.71966 14.009 0.005
5540.80376 14.045 0.005
5541.66994 14.105 0.005
5542.72835 14.202 0.005
5543.75979 14.305 0.005
5544.74739 14.329 0.005
5545.73666 14.232 0.005
5546.68632 14.150 0.005
5547.74610 14.078 0.005
5548.70605 13.929 0.005
5549.67058 14.021 0.005
5550.72602 14.057 0.005
5551.67655 14.125 0.005
5553.72954 14.326 0.005
5554.66291 14.331 0.005
5556.67751 14.130 0.005
5557.65867 14.054 0.005
5558.65959 13.939 0.005
5559.64976 14.037 0.005
5560.64141 14.068 0.005
5561.67501 14.161 0.005
5562.69456 14.251 0.005
5563.62853 14.335 0.005
5565.65980 14.201 0.005
5566.68709 14.117 0.005
5568.70739 13.977 0.005
5569.70194 14.040 0.005
5570.73976 14.092 0.005
5571.67181 14.177 0.005
5572.78839 14.293 0.005
5575.69397 14.183 0.005
5576.66816 14.114 0.005
5577.66972 13.959 0.005
5578.67651 13.997 0.005
5579.72008 14.043 0.005
5579.72687 14.045 0.005
5580.67056 14.103 0.005
5581.67258 14.198 0.005
5582.68081 14.312 0.005
5583.68759 14.359 0.005
5584.67359 14.263 0.005
5585.67344 14.165 0.005
5586.63721 14.101 0.005
5587.61933 13.920 0.005
5589.62933 14.045 0.005
5591.66669 14.225 0.005
5592.64893 14.327 0.005
5593.63187 14.360 0.005
5594.64808 14.240 0.005
5595.62671 14.146 0.005
5596.68988 14.072 0.005
5597.60732 13.921 0.005
5598.67147 14.027 0.005
5599.63727 14.058 0.005
5600.67002 14.148 0.005
5601.64963 14.246 0.005
5602.64833 14.353 0.005
5603.65709 14.350 0.005
5604.65420 14.234 0.005
5605.65932 14.131 0.005
5606.67068 14.028 0.005
5607.68118 13.943 0.005
5608.66896 14.035 0.005
5609.70070 14.081 0.005
5611.63057 14.274 0.005
5612.68377 14.362 0.005
5613.64529 14.328 0.005
5614.63861 14.202 0.005
5615.63267 14.122 0.005
5616.64144 13.980 0.005
5619.63195 14.088 0.005
5620.57445 14.179 0.005
5622.62657 14.370 0.005
5623.58948 14.304 0.005
5624.53058 14.206 0.005
5625.62223 14.114 0.005
5626.58333 13.952 0.005
5627.54804 13.997 0.005
5629.55374 14.102 0.005
5630.59972 14.195 0.005
5632.54779 14.372 0.005
5633.59683 14.256 0.005
5634.55720 14.167 0.005
5635.56152 14.103 0.005
5638.56614 14.039 0.005
5639.57639 14.128 0.005
5640.51539 14.216 0.005
5641.54304 14.327 0.005
5642.49129 14.360 0.005
5643.48905 14.248 0.005
5644.49079 14.154 0.005
5645.49055 14.094 0.005
5646.50356 13.919 0.005
5647.50550 14.026 0.005
5648.50535 14.062 0.005
5649.52092 14.136 0.005
5650.50133 14.240 0.005
5651.50731 14.341 0.005
5652.50224 14.348 0.005
5653.53234 14.222 0.005
5654.54081 14.139 0.005
5655.53201 14.025 0.005
5656.54091 13.946 0.005
5656.57460 13.942 0.005
5657.50086 14.028 0.005
5659.50015 14.166 0.005
5660.54553 14.272 0.005
5664.47972 14.126 0.005
5665.49495 13.983 0.005
5666.49177 13.975 0.005
5667.47323 14.034 0.005
5668.47950 14.089 0.005
5669.47352 14.175 0.005
5670.52500 14.293 0.005
5671.47533 14.371 0.005
5672.46985 14.304 0.005
5674.47763 14.118 0.005
5675.47122 13.952 0.005
5676.52615 14.016 0.005
5677.46712 14.043 0.005
5678.50215 14.108 0.005
5679.46947 14.197 0.005
5680.51789 14.317 0.005
5681.48090 14.371 0.005
5682.48139 14.268 0.005
5683.48639 14.164 0.005
5684.49059 14.096 0.005
5685.46316 13.929 0.005
5686.46407 14.016 0.005
5687.46480 14.051 0.005
5691.45774 14.372 0.005
5692.50287 14.236 0.005
5694.46439 14.061 0.005
5695.45828 13.928 0.005
5697.45710 14.066 0.005
5699.46664 14.264 0.005
5700.45823 14.365 0.005
5702.45512 14.227 0.005
5783.93196 13.994 0.005
5795.92145 14.116 0.005
5803.86679 14.025 0.005
5805.83126 14.137 0.005
5806.88226 14.235 0.005
5809.84356 14.210 0.005
5810.84664 14.133 0.005
5812.83944 13.942 0.005
5814.85626 14.082 0.005
5815.86790 14.161 0.005
5816.84202 14.266 0.005
5817.84263 14.347 0.005
5818.87176 14.317 0.005
5819.82570 14.206 0.005
5820.89312 14.122 0.005
5822.81336 13.968 0.005
5823.88822 14.040 0.005
5824.81017 14.087 0.005
5825.79844 14.175 0.005
5826.84691 14.297 0.005
5827.84089 14.359 0.005
5828.86709 14.289 0.005
5829.83982 14.167 0.005
5830.83207 14.111 0.005
5831.82372 13.947 0.005
5832.81319 13.993 0.005
5833.79751 14.043 0.005
5834.79845 14.106 0.005
5835.85836 14.207 0.005
5836.76156 14.307 0.005
5837.84371 14.359 0.005
5839.82583 14.164 0.005
5840.80879 14.099 0.005
5841.80580 13.931 0.005
5842.82401 14.020 0.005
5843.83946 14.052 0.005
5845.80352 14.233 0.005
5846.81495 14.336 0.005
5850.77875 14.066 0.005
5851.78784 13.920 0.005
5852.77029 14.022 0.005
5853.84133 14.065 0.005
5854.74536 14.135 0.005
5855.81538 14.251 0.005
5856.78788 14.343 0.005
5857.77221 14.345 0.005
5858.82213 14.221 0.005
5859.79007 14.135 0.005
5860.77570 14.029 0.005
5861.78472 13.943 0.005
5862.83804 14.028 0.005
5863.78662 14.069 0.005
5864.69521 14.147 0.005
5865.76478 14.272 0.005
5866.78887 14.361 0.005
5867.72745 14.323 0.005
5868.82926 14.196 0.005
5869.79477 14.123 0.005
5870.73457 13.982 0.005
5871.72065 13.957 0.005
5872.73000 14.038 0.005
5873.72521 14.085 0.005
5874.75879 14.184 0.005
5875.69473 14.287 0.005
5878.73213 14.192 0.005
5879.67973 14.113 0.005
5880.73118 13.933 0.005
5880.78219 13.933 0.005
5881.71780 13.999 0.005
5882.74856 14.044 0.005
5883.75252 14.108 0.005
5885.68342 14.318 0.005
5886.71988 14.373 0.005
5887.79220 14.239 0.005
5888.78085 14.153 0.005
5889.81943 14.081 0.005
5890.75661 13.908 0.005
5891.71525 14.019 0.005
5892.73301 14.055 0.005
5893.75112 14.126 0.005
5894.77457 14.238 0.005
5895.79169 14.344 0.005
5896.77470 14.350 0.005
5897.72152 14.226 0.005
5898.70369 14.142 0.005
5899.76289 14.048 0.005
5900.71250 13.919 0.005
5901.76180 14.021 0.005
5902.71305 14.060 0.005
5903.76820 14.142 0.005
5904.74281 14.255 0.005
5905.71687 14.349 0.005
5906.72877 14.332 0.005
5907.70515 14.217 0.005
5908.73156 14.130 0.005
5909.77663 13.988 0.005
5910.68943 13.947 0.005
5911.72126 14.025 0.005
5912.74176 14.076 0.005
5913.71366 14.162 0.005
5914.73631 14.285 0.005
5915.69332 14.357 0.005
5916.74720 14.307 0.005
5917.71083 14.201 0.005
5922.72785 14.090 0.005
5923.70411 14.185 0.005
5924.68540 14.298 0.005
5925.69942 14.371 0.005
5926.71123 14.273 0.005
5927.71023 14.178 0.005
5929.68438 13.923 0.005
5930.82956 14.018 0.005
5931.64993 14.038 0.005
5932.64737 14.111 0.005
5933.69780 14.213 0.005
5934.69425 14.323 0.005
5935.64559 14.358 0.005
5935.80858 14.357 0.005
5936.63924 14.252 0.005
5937.66948 14.153 0.005
5938.67021 14.085 0.005
5940.74909 14.011 0.005
5941.74985 14.056 0.005
5942.77420 14.139 0.005
5943.73169 14.255 0.005
5944.72655 14.347 0.005
5945.70483 14.344 0.005
5946.64456 14.228 0.005
5946.76143 14.220 0.005
5947.71155 14.137 0.005
5948.70083 14.034 0.005
5949.71699 13.943 0.005
5950.63804 14.024 0.005
5951.66336 14.069 0.005
5952.68794 14.151 0.005
5953.68591 14.263 0.005
5954.68346 14.352 0.005
5955.70545 14.325 0.005
5956.70613 14.207 0.005
5958.72328 13.973 0.005
5959.69456 13.966 0.005
5960.69567 14.029 0.005
5961.62905 14.077 0.005
5962.62997 14.173 0.005
5963.59664 14.280 0.005
5964.60864 14.363 0.005
5965.60759 14.308 0.005
5967.62973 14.115 0.005
5968.62981 13.949 0.005
5969.60582 13.998 0.005
5970.58330 14.036 0.005
5971.67619 14.102 0.005
5972.66258 14.194 0.005
5973.64564 14.309 0.005
5974.60067 14.373 0.005
5976.63482 14.165 0.005
5977.66833 14.105 0.005
5978.64422 13.920 0.005
5979.59498 14.005 0.005
5980.61064 14.047 0.005
5981.63413 14.122 0.005
5982.63998 14.222 0.005
5983.68268 14.339 0.005
5984.62167 14.362 0.005
5985.65403 14.234 0.005
5986.58377 14.151 0.005
5987.65887 14.059 0.005
5988.62521 13.912 0.005
5989.58972 14.020 0.005
5990.58320 14.056 0.005
5991.65822 14.152 0.005
5992.61845 14.245 0.005
5993.57533 14.357 0.005
5994.57401 14.348 0.005
5995.62169 14.219 0.005
5996.59181 14.144 0.005
5997.59396 14.014 0.005
5998.59231 13.932 0.005
5998.65275 13.942 0.005
5999.63104 14.025 0.005
6000.60843 14.074 0.005
6002.57215 14.270 0.005
6003.53823 14.357 0.005
6004.57702 14.323 0.005
6005.56451 14.231 0.005
6006.56474 14.129 0.005
6007.56397 13.969 0.005
6008.57178 13.958 0.005
6009.53961 14.030 0.005
6010.59164 14.099 0.005
6011.55391 14.176 0.005
6012.55302 14.288 0.005
6013.53474 14.361 0.005
6014.55372 14.293 0.005
6015.54884 14.181 0.005
6016.58968 14.118 0.005
6017.55256 13.931 0.005
6018.50780 13.996 0.005
6019.55366 14.043 0.005
6020.57847 14.102 0.005
6021.56654 14.198 0.005
6022.57659 14.307 0.005
6023.55210 14.347 0.005
6024.57494 14.243 0.005
6025.57496 14.153 0.005
6026.52124 14.091 0.005
6028.55800 14.011 0.005
6033.48346 14.336 0.005
6034.48908 14.220 0.005
6035.51446 14.143 0.005
6036.49129 14.067 0.005
6037.49099 13.930 0.005
6038.48271 14.040 0.005
6039.48939 14.054 0.005
6040.49167 14.131 0.005
6042.48930 14.335 0.005
6047.46636 13.967 0.005
6048.46507 14.029 0.005
6049.48840 14.080 0.005
6050.46399 14.159 0.005
6052.47967 14.350 0.005
6053.47627 14.302 0.005
6055.48529 14.138 0.005
6056.47231 13.975 0.005
6057.46820 13.987 0.005
6058.45969 14.044 0.005
6059.46951 14.098 0.005
6060.47227 14.186 0.005
6061.46275 14.297 0.005
6062.45746 14.368 0.005
6123.90693 14.125 0.005
6137.90488 14.107 0.005
6149.92850 14.340 0.005
6165.90476 14.033 0.005
6171.87057 14.196 0.005
6173.92013 13.944 0.005
6179.88952 14.359 0.005
6179.89659 14.381 0.005
6180.84912 14.273 0.005
6181.86334 14.164 0.005
6182.86790 14.108 0.005
6183.86957 13.913 0.005
6184.89614 14.007 0.005
6185.84582 14.044 0.005
6186.84284 14.114 0.005
6191.87292 14.149 0.005
6193.86021 13.913 0.005
6194.87687 14.014 0.005
6196.86468 14.138 0.005
6199.81369 14.349 0.005
6202.82114 14.035 0.005
6204.85624 14.018 0.005
6207.86699 14.273 0.005
6208.78329 14.358 0.005
6210.86572 14.196 0.005
6212.81851 13.977 0.005
6214.86965 14.038 0.005
6216.81634 14.175 0.005
6219.80132 14.305 0.005
6221.81460 14.115 0.005
6222.81554 13.930 0.005
6223.77258 13.994 0.005
6224.83716 14.039 0.005
6225.72016 14.100 0.005
6226.73252 14.200 0.005
6229.77712 14.262 0.005
6230.71894 14.172 0.005
6231.74374 14.105 0.005
6232.80969 13.912 0.005
6233.81626 14.015 0.005
6234.82012 14.044 0.005
6235.76750 14.115 0.005
6236.78506 14.224 0.005
6237.86109 14.339 0.005
6238.81878 14.354 0.005
6239.79279 14.231 0.005
6240.83606 14.143 0.005
6241.78971 14.063 0.005
6242.83267 13.927 0.005
6243.80104 14.022 0.005
6244.73390 14.057 0.005
6245.75832 14.137 0.005
6248.77501 14.337 0.005
6251.76562 14.012 0.005
6254.77549 14.073 0.005
6257.80276 14.358 0.005
6262.72762 13.980 0.005
6265.79918 14.191 0.005
6270.81551 14.100 0.005
6274.80687 14.106 0.005
6278.75422 14.241 0.005
6282.77708 14.016 0.005
6286.71034 14.320 0.005
6289.77963 14.131 0.005
6294.79967 14.157 0.005
6299.75749 14.118 0.005
6304.73840 14.185 0.005
6306.70025 14.349 0.005
6312.67254 14.034 0.005
6317.68366 14.264 0.005
6323.65691 14.124 0.005
6329.61610 14.074 0.005
6333.60649 14.143 0.005
6340.61908 13.939 0.005
6343.56288 14.167 0.005
6347.58920 14.218 0.005
6356.60663 14.309 0.005
6363.52338 14.190 0.005
6371.53732 14.044 0.005
6378.53165 14.073 0.005
6387.52180 14.133 0.005
6396.52782 14.217 0.005
6404.51302 14.368 0.005
6416.48911 14.166 0.005
6508.91832 14.075 0.005
6520.88138 14.297 0.005
6531.89065 14.338 0.005
6547.85800 14.064 0.005
6561.82602 14.286 0.005
6569.89581 14.315 0.005
6577.86607 14.126 0.005
6583.77951 14.066 0.005
6608.81972 14.303 0.005
6612.75587 14.116 0.005
6616.71773 14.099 0.005
6622.77169 14.098 0.005
6628.79740 14.343 0.005
6638.72463 14.347 0.005
6645.72256 14.075 0.005
6649.72909 14.320 0.005
6654.74811 14.032 0.005
6658.76584 14.359 0.005
6662.72665 13.924 0.005
6667.78123 14.338 0.005
6672.76287 13.924 0.005
6680.75713 14.140 0.005
6690.63972 14.131 0.005
6697.70043 14.360 0.005
6705.66368 14.205 0.005
6712.63300 14.017 0.005
6720.67241 14.069 0.005
6736.60297 14.382 0.005
6871.90777 14.210 0.005
6887.91069 13.943 0.005
6896.88093 14.008 0.005
6907.86354 13.995 0.005
6926.79326 13.912 0.005
6932.80162 14.352 0.005
6938.78738 14.067 0.005
6942.78484 14.338 0.005
6950.83561 14.291 0.005
6956.83842 14.005 0.005
6961.83305 14.375 0.005
6967.70442 14.042 0.005
6973.70991 14.155 0.005
6980.74676 14.332 0.005
6987.77774 14.078 0.005
6992.74987 14.210 0.005
6997.75563 14.087 0.005
7002.69132 14.180 0.005
7007.71280 14.102 0.005
7013.66617 14.100 0.005
7016.76961 14.052 0.005
7020.76696 14.329 0.005
7024.74969 13.932 0.005
7028.70280 14.241 0.005
7033.75687 13.992 0.005
7042.72797 14.119 0.005
7046.72916 14.110 0.005
7051.71231 14.165 0.005
7056.66012 14.120 0.005
7062.65127 14.080 0.005
7074.65913 14.023 0.005
7080.57547 14.218 0.005
7083.60220 13.966 0.005
7086.61027 14.177 0.005
7091.59118 14.115 0.005
7103.55894 14.004 0.005
7112.57112 13.923 0.005
7115.56604 14.134 0.005
7119.52617 14.231 0.005
7126.51516 14.266 0.005
7131.51973 13.982 0.005
7134.49000 14.085 0.005
7137.51991 14.365 0.005
7143.48436 14.050 0.005
7273.90473 14.339 0.005
7274.91594 14.328 0.005
7287.89205 13.982 0.005
7292.81565 14.268 0.005
7294.78683 14.294 0.005
7297.78654 13.962 0.005
7304.86507 14.257 0.005
7312.78293 14.327 0.005
7319.75556 14.055 0.005
7322.73469 14.347 0.005
7327.83860 13.947 0.005
7339.74869 14.084 0.005
7345.70680 14.116 0.005
7354.78402 14.163 0.005
7361.80634 14.333 0.005
7366.67935 13.920 0.005
7373.83269 14.222 0.005
7377.80456 14.026 0.005
7382.70240 14.323 0.005
7385.71620 13.967 0.005
7390.73736 14.305 0.005
7399.74260 14.212 0.005
7404.73217 14.079 0.005
7408.70529 14.129 0.005
7410.70666 14.341 0.005
7413.66942 14.144 0.005
7416.67628 14.023 0.005
7424.61866 14.012 0.005
7427.65415 14.073 0.005
7431.64284 14.309 0.005
7435.63727 13.992 0.005
7439.64378 14.308 0.005
7443.61310 14.108 0.005
7449.62150 14.334 0.005
7453.59596 14.087 0.005
7462.61047 14.135 0.005
7466.55815 14.070 0.005
7472.56491 14.132 0.005
7476.52061 14.079 0.005
7488.47442 14.309 0.005
7499.49762 14.363 0.005
7507.46988 14.234 0.005
