5260.62283 16.689 0.008
5261.53765 16.691 0.008
5262.60438 16.538 0.008
5264.56808 16.691 0.008
5265.50185 16.707 0.010
5266.56678 16.541 0.008
5267.54814 16.686 0.008
5268.62268 16.691 0.008
5269.53209 16.498 0.008
5271.54088 16.707 0.008
5272.55805 16.568 0.008
5273.53003 16.599 0.008
5274.56115 16.703 0.008
5276.54022 16.562 0.008
5279.52840 16.519 0.009
5281.50381 16.720 0.008
5282.52253 16.570 0.008
5283.53862 16.621 0.009
5284.54198 16.705 0.008
5285.54355 16.655 0.009
5287.53271 16.663 0.009
5289.51309 16.541 0.008
5292.55376 16.548 0.008
5294.53657 16.700 0.008
5297.50475 16.677 0.008
5299.50222 16.577 0.008
5304.49640 16.730 0.009
5307.49182 16.692 0.008
5310.47343 16.644 0.009
5312.50576 16.613 0.010
5315.48124 16.678 0.009
5323.46704 16.573 0.008
5325.46072 16.710 0.011
5327.46062 16.723 0.009
5335.45529 16.725 0.011
5342.46817 16.531 0.010
5343.47920 16.648 0.011
5429.93083 16.684 0.008
5430.88264 16.509 0.008
5439.89204 16.717 0.008
5444.87413 16.652 0.008
5449.87882 16.705 0.008
5451.88786 16.670 0.009
5454.87356 16.661 0.008
5456.89927 16.543 0.007
5457.88160 16.617 0.007
5461.89388 16.687 0.008
5463.85892 16.551 0.008
5467.83288 16.590 0.008
5468.80686 16.704 0.008
5470.77930 16.585 0.007
5471.82954 16.668 0.008
5476.78523 16.666 0.007
5478.77397 16.695 0.008
5480.78765 16.558 0.008
5482.76387 16.708 0.008
5483.76183 16.650 0.008
5484.87131 16.658 0.007
5486.77033 16.674 0.008
5487.84929 16.559 0.007
5488.84322 16.721 0.007
5490.70946 16.582 0.008
5491.72976 16.631 0.008
5492.76327 16.693 0.008
5493.78562 16.584 0.008
5494.83032 16.639 0.008
5495.78745 16.719 0.008
5496.78527 16.681 0.009
5497.81546 16.566 0.008
5499.72245 16.713 0.008
5502.79260 16.694 0.007
5503.74784 16.602 0.007
5505.71751 16.692 0.008
5506.73498 16.685 0.007
5507.75311 16.562 0.007
5509.66150 16.717 0.008
5510.71744 16.507 0.007
5511.69359 16.638 0.008
5512.73667 16.717 0.008
5513.70691 16.607 0.008
5514.73947 16.626 0.007
5515.65673 16.682 0.008
5516.74230 16.673 0.008
5517.65541 16.541 0.008
5517.85633 16.641 0.008
5518.75181 16.696 0.009
5519.67534 16.727 0.010
5521.69506 16.642 0.008
5522.72020 16.732 0.009
5523.68491 16.597 0.008
5524.69335 16.602 0.007
5525.72643 16.701 0.007
5526.67848 16.688 0.007
5527.75919 16.603 0.007
5528.70023 16.671 0.008
5529.68054 16.730 0.008
5530.68775 16.564 0.007
5531.77095 16.663 0.007
5532.67905 16.735 0.008
5533.70239 16.572 0.008
5534.73395 16.600 0.007
5535.71073 16.735 0.008
5536.71340 16.632 0.007
5539.72367 16.700 0.008
5540.80777 16.599 0.007
5541.67396 16.627 0.008
5542.73237 16.722 0.008
5543.76387 16.577 0.008
5544.75140 16.638 0.008
5545.74069 16.724 0.008
5546.69033 16.656 0.008
5547.75011 16.567 0.008
5548.71009 16.729 0.008
5549.67462 16.683 0.008
5550.73004 16.538 0.008
5551.68058 16.644 0.008
5553.73359 16.559 0.008
5554.66696 16.582 0.008
5556.68156 16.686 0.008
5557.66272 16.511 0.007
5558.66363 16.702 0.008
5559.65381 16.692 0.008
5560.64548 16.537 0.007
5561.67906 16.671 0.008
5562.69861 16.700 0.008
5563.63261 16.669 0.008
5565.66386 16.727 0.009
5566.69117 16.669 0.008
5568.71147 16.696 0.008
5569.70603 16.709 0.008
5570.74476 16.539 0.008
5571.67661 16.682 0.008
5572.79245 16.701 0.008
5575.69808 16.709 0.008
5576.67229 16.664 0.007
5577.67384 16.572 0.008
5578.68062 16.706 0.008
5579.73099 16.681 0.008
5580.67467 16.519 0.007
5581.67713 16.674 0.008
5582.68493 16.715 0.008
5583.69171 16.510 0.007
5584.67774 16.651 0.008
5585.67759 16.713 0.008
5586.64135 16.663 0.008
5587.62348 16.579 0.007
5588.72743 16.715 0.008
5589.63348 16.711 0.007
5591.67086 16.667 0.007
5592.65309 16.726 0.007
5593.63605 16.553 0.007
5594.65225 16.623 0.008
5595.63088 16.705 0.007
5596.69409 16.537 0.007
5597.61151 16.578 0.008
5598.67566 16.723 0.007
5599.64149 16.694 0.008
5600.67421 16.591 0.007
5601.65383 16.661 0.007
5602.65254 16.751 0.008
5603.66130 16.553 0.008
5604.65844 16.613 0.008
5605.66355 16.742 0.007
5606.67489 16.604 0.008
5607.68634 16.602 0.008
5608.67319 16.744 0.009
5609.70491 16.610 0.008
5611.63549 16.685 0.009
5612.68800 16.713 0.009
5613.64951 16.574 0.008
5614.64316 16.643 0.008
5615.63694 16.737 0.008
5616.64569 16.620 0.007
5619.63619 16.693 0.008
5620.57873 16.551 0.008
5622.63086 16.701 0.008
5623.59376 16.598 0.007
5624.53485 16.570 0.008
5625.62650 16.722 0.008
5626.58761 16.686 0.008
5627.55233 16.521 0.007
5629.59258 16.699 0.008
5630.60400 16.506 0.008
5632.55211 16.715 0.008
5633.60112 16.544 0.008
5634.56152 16.609 0.008
5635.56583 16.715 0.008
5638.57048 16.708 0.009
5639.58072 16.691 0.009
5640.51971 16.498 0.008
5641.54735 16.669 0.008
5642.49564 16.704 0.008
5643.49339 16.672 0.008
5644.49614 16.598 0.008
5645.49486 16.696 0.009
5646.50790 16.715 0.008
5647.50985 16.549 0.007
5648.50971 16.673 0.008
5649.52528 16.725 0.008
5650.50570 16.516 0.007
5651.51166 16.647 0.007
5652.50659 16.725 0.008
5653.53668 16.550 0.007
5654.54522 16.614 0.008
5655.53640 16.713 0.008
5656.54528 16.641 0.007
5657.50523 16.556 0.008
5659.50450 16.728 0.008
5660.54993 16.555 0.007
5664.48412 16.597 0.009
5665.49935 16.715 0.009
5666.49616 16.681 0.009
5667.47836 16.577 0.008
5668.48388 16.671 0.008
5669.47792 16.727 0.008
5670.52940 16.576 0.008
5671.47975 16.648 0.010
5672.47424 16.741 0.009
5674.48274 16.577 0.008
5675.47561 16.722 0.009
5676.53053 16.607 0.005
5677.47234 16.563 0.007
5678.50654 16.733 0.008
5679.47420 16.694 0.008
5680.52229 16.552 0.008
5681.48530 16.652 0.008
5682.48640 16.722 0.008
5683.49091 16.621 0.008
5684.49500 16.587 0.008
5685.46756 16.741 0.009
5686.46846 16.666 0.008
5687.46919 16.530 0.008
5691.46213 16.650 0.009
5692.50941 16.705 0.010
5694.47523 16.582 0.008
5695.46270 16.726 0.008
5696.47160 16.693 0.010
5697.46150 16.538 0.008
5698.46068 16.712 0.011
5699.47105 16.711 0.012
5700.46263 16.513 0.008
5702.45952 16.699 0.010
5706.45782 16.693 0.011
5709.44632 16.693 0.012
5783.93612 16.706 0.008
5795.92561 16.644 0.008
5803.87090 16.717 0.008
5805.83539 16.601 0.007
5806.88638 16.711 0.008
5809.84764 16.703 0.007
5810.85073 16.715 0.008
5812.84353 16.680 0.008
5814.86036 16.527 0.008
5815.87198 16.658 0.008
5816.84608 16.725 0.008
5817.84669 16.684 0.008
5818.87580 16.599 0.008
5819.82975 16.688 0.008
5820.89720 16.693 0.007
5822.81742 16.656 0.007
5823.89229 16.732 0.008
5824.81424 16.564 0.007
5825.80248 16.608 0.007
5826.85097 16.698 0.007
5827.84495 16.633 0.007
5828.87116 16.612 0.007
5829.84458 16.686 0.007
5830.83612 16.725 0.007
5831.82778 16.560 0.006
5832.81722 16.658 0.007
5833.80153 16.744 0.008
5834.80248 16.578 0.007
5835.86238 16.630 0.007
5836.76593 16.708 0.007
5837.84772 16.588 0.007
5839.82985 16.708 0.008
5840.81283 16.700 0.007
5841.80982 16.571 0.008
5842.82800 16.668 0.008
5843.84348 16.719 0.008
5846.81895 16.739 0.010
5850.78276 16.689 0.007
5851.79184 16.556 0.007
5852.77555 16.635 0.008
5853.84531 16.695 0.008
5854.74993 16.655 0.007
5855.82033 16.616 0.007
5856.79189 16.735 0.008
5857.77621 16.669 0.008
5858.82612 16.577 0.008
5859.79464 16.716 0.007
5860.77969 16.693 0.008
5861.78869 16.546 0.008
5863.79060 16.702 0.007
5864.69920 16.671 0.007
5865.76875 16.594 0.007
5866.79287 16.726 0.007
5867.73177 16.705 0.007
5868.83325 16.575 0.006
5869.79873 16.739 0.007
5870.73854 16.715 0.008
5871.72461 16.515 0.007
5872.73398 16.658 0.007
5873.72920 16.724 0.008
5874.76277 16.576 0.009
5875.69869 16.586 0.008
5878.73613 16.570 0.008
5879.68371 16.691 0.008
5880.73517 16.711 0.008
5880.78618 16.705 0.008
5881.72175 16.510 0.007
5882.75253 16.688 0.007
5883.75651 16.701 0.008
5885.68740 16.598 0.008
5886.72385 16.720 0.008
5887.79619 16.583 0.007
5888.78485 16.604 0.007
5889.82706 16.710 0.008
5890.76059 16.723 0.007
5891.71922 16.533 0.007
5892.73700 16.670 0.008
5893.75510 16.724 0.007
5894.77856 16.518 0.007
5895.79566 16.666 0.008
5896.77869 16.751 0.008
5897.72552 16.662 0.007
5898.70770 16.577 0.007
5899.76687 16.695 0.008
5900.71651 16.723 0.008
5901.76580 16.569 0.008
5902.71704 16.649 0.008
5903.77222 16.745 0.008
5904.74682 16.548 0.007
5905.72090 16.611 0.008
5906.73278 16.745 0.008
5907.70914 16.640 0.008
5908.73557 16.591 0.008
5909.78067 16.710 0.008
5910.69343 16.700 0.008
5911.72529 16.581 0.007
5912.74577 16.668 0.007
5913.71770 16.731 0.007
5914.74034 16.564 0.007
5915.69736 16.596 0.007
5916.75124 16.734 0.007
5917.71488 16.641 0.007
5922.73190 16.682 0.007
5923.70816 16.702 0.007
5924.68946 16.598 0.007
5925.70348 16.615 0.008
5926.71528 16.735 0.008
5927.71428 16.640 0.007
5929.68844 16.715 0.008
5930.83361 16.613 0.007
5931.65403 16.538 0.007
5932.65143 16.656 0.008
5933.70262 16.687 0.008
5934.69868 16.567 0.007
5935.64970 16.583 0.008
5936.64376 16.726 0.008
5937.67355 16.687 0.007
5938.67429 16.550 0.007
5939.71808 16.723 0.008
5940.75403 16.679 0.007
5941.75396 16.551 0.007
5942.77831 16.733 0.008
5943.73582 16.693 0.008
5944.72902 16.509 0.006
5945.70937 16.663 0.007
5946.64920 16.722 0.007
5946.76555 16.699 0.008
5947.71568 16.598 0.008
5948.70498 16.605 0.007
5949.72114 16.720 0.008
5950.64215 16.720 0.007
5951.66750 16.522 0.007
5952.69211 16.691 0.007
5953.69005 16.714 0.008
5954.68762 16.498 0.006
5955.71020 16.672 0.007
5956.71028 16.712 0.007
5958.72745 16.635 0.007
5959.69944 16.696 0.007
5960.69986 16.700 0.007
5961.63323 16.535 0.007
5962.63414 16.670 0.008
5963.60082 16.752 0.008
5964.61283 16.565 0.008
5965.61178 16.603 0.007
5967.63391 16.659 0.008
5968.63401 16.607 0.008
5969.61002 16.677 0.007
5970.58751 16.723 0.007
5971.68041 16.591 0.007
5972.66681 16.684 0.007
5973.64986 16.720 0.007
5974.60491 16.567 0.007
5976.63906 16.744 0.008
5977.67262 16.566 0.007
5978.64849 16.596 0.007
5979.59923 16.702 0.007
5980.61489 16.691 0.007
5981.63838 16.574 0.007
5982.64424 16.692 0.008
5983.68694 16.704 0.007
5984.62595 16.580 0.007
5985.65829 16.645 0.008
5986.58805 16.741 0.007
5987.66353 16.603 0.007
5988.62949 16.571 0.008
5989.59399 16.698 0.007
5990.58748 16.693 0.008
5991.66251 16.560 0.008
5992.62275 16.676 0.008
5993.57965 16.722 0.008
5994.57831 16.618 0.008
5995.62602 16.637 0.008
5996.59612 16.726 0.009
5997.59826 16.661 0.008
5998.59662 16.546 0.007
5998.65703 16.602 0.008
5999.63534 16.725 0.007
6000.61274 16.682 0.007
6002.57645 16.674 0.008
6003.54256 16.730 0.008
6004.58135 16.585 0.007
6005.56883 16.613 0.008
6006.56908 16.725 0.007
6007.56832 16.696 0.007
6008.57615 16.554 0.007
6009.54394 16.717 0.008
6010.59599 16.698 0.008
6011.55828 16.522 0.007
6012.55737 16.690 0.008
6013.53911 16.710 0.008
6014.55807 16.572 0.007
6015.55318 16.638 0.007
6016.59405 16.699 0.007
6017.55724 16.673 0.007
6018.51263 16.566 0.008
6019.55848 16.734 0.008
6020.58285 16.717 0.008
6021.57092 16.540 0.008
6022.58193 16.696 0.008
6023.55648 16.700 0.008
6024.57931 16.495 0.008
6025.57933 16.671 0.008
6026.52563 16.707 0.008
6028.56239 16.604 0.008
6032.50029 16.668 0.009
6033.48786 16.736 0.009
6034.49347 16.571 0.008
6035.51884 16.630 0.008
6036.49567 16.705 0.008
6037.49538 16.675 0.008
6038.48712 16.579 0.009
6039.49378 16.677 0.009
6040.49607 16.715 0.008
6042.49371 16.637 0.008
6047.47077 16.692 0.008
6048.46949 16.572 0.008
6049.49280 16.698 0.008
6050.46839 16.721 0.008
6052.48405 16.627 0.008
6053.48068 16.719 0.008
6055.48973 16.582 0.008
6056.47671 16.740 0.008
6057.47259 16.667 0.008
6058.46407 16.528 0.008
6059.47391 16.726 0.008
6060.47668 16.717 0.008
6061.46780 16.554 0.008
6062.46185 16.684 0.009
6064.46367 16.649 0.008
6070.46505 16.712 0.009
6123.91118 16.655 0.007
6137.90908 16.717 0.008
6149.93268 16.596 0.008
6165.90889 16.579 0.007
6171.87468 16.702 0.007
6173.92422 16.728 0.011
6179.90066 16.566 0.008
6180.85320 16.732 0.008
6181.86741 16.701 0.007
6182.87197 16.523 0.006
6183.87365 16.693 0.007
6184.90021 16.708 0.007
6185.84989 16.558 0.006
6186.85142 16.633 0.007
6191.87694 16.687 0.007
6193.86424 16.696 0.007
6194.88121 16.723 0.007
6196.86874 16.650 0.007
6199.81771 16.575 0.008
6202.82516 16.541 0.008
6204.86027 16.713 0.007
6207.87101 16.732 0.008
6210.86972 16.735 0.008
6212.82249 16.564 0.007
6214.87366 16.709 0.008
6216.82034 16.612 0.007
6219.80531 16.593 0.008
6221.81860 16.682 0.008
6222.81951 16.565 0.008
6223.77656 16.647 0.007
6224.84116 16.722 0.007
6225.72416 16.644 0.008
6226.73652 16.571 0.008
6229.78111 16.562 0.007
6230.72291 16.681 0.009
6231.74772 16.705 0.008
6232.81368 16.541 0.007
6233.82024 16.695 0.007
6234.82408 16.691 0.007
6235.77147 16.591 0.007
6236.78906 16.628 0.007
6237.86506 16.682 0.007
6238.82276 16.635 0.007
6239.79678 16.560 0.007
6240.84004 16.735 0.008
6241.79371 16.689 0.008
6242.83665 16.541 0.006
6243.80500 16.704 0.007
6244.73846 16.701 0.007
6245.76231 16.569 0.006
6248.77899 16.660 0.007
6251.76962 16.712 0.007
6254.77948 16.703 0.007
6257.80676 16.695 0.008
6262.73160 16.516 0.007
6265.80318 16.531 0.006
6270.81955 16.716 0.007
6274.81118 16.708 0.007
6278.75824 16.564 0.007
6282.78111 16.592 0.007
6286.71436 16.621 0.007
6289.78368 16.608 0.007
6294.80373 16.673 0.007
6299.76213 16.596 0.007
6306.70435 16.644 0.007
6312.67668 16.520 0.006
6317.68782 16.704 0.008
6323.66106 16.683 0.007
6329.62029 16.574 0.007
6333.61068 16.651 0.008
6334.62910 16.706 0.007
6335.60806 16.565 0.007
6336.57534 16.592 0.007
6340.62332 16.688 0.007
6343.56713 16.646 0.008
6347.59345 16.723 0.008
6349.59690 16.579 0.008
6356.61092 16.605 0.007
6363.52767 16.618 0.008
6371.55274 16.684 0.008
6378.53609 16.666 0.008
6387.52625 16.723 0.008
6396.53221 16.644 0.008
6404.51743 16.736 0.008
6416.49351 16.614 0.008
6508.93297 16.703 0.008
6520.88557 16.584 0.006
6531.89665 16.713 0.007
6547.86208 16.623 0.008
6561.83007 16.704 0.008
6571.83681 16.704 0.007
6577.87734 16.663 0.006
6583.78350 16.538 0.007
6608.82370 16.722 0.007
6612.75987 16.687 0.007
6616.72173 16.629 0.007
6622.77570 16.691 0.008
6628.80184 16.713 0.007
6638.72866 16.713 0.007
6645.72659 16.730 0.007
6649.73351 16.594 0.006
6654.75364 16.684 0.007
6658.76360 16.716 0.006
6662.73215 16.677 0.008
6667.79230 16.685 0.008
6672.76702 16.611 0.008
6680.76129 16.632 0.007
6690.64394 16.551 0.006
6697.70464 16.680 0.006
6705.66789 16.705 0.008
6712.63727 16.717 0.007
6720.67672 16.640 0.007
6736.60733 16.564 0.008
6871.91696 16.571 0.008
6887.91486 16.517 0.007
6896.88560 16.739 0.008
6907.86764 16.567 0.008
6926.79733 16.715 0.008
6932.80595 16.702 0.008
6938.79138 16.621 0.008
6942.78885 16.689 0.008
6950.83962 16.572 0.007
6956.84241 16.716 0.008
6961.83701 16.613 0.008
6967.70841 16.587 0.009
6973.71389 16.701 0.008
6980.75078 16.607 0.007
6987.78174 16.563 0.008
6992.75389 16.724 0.008
6997.75967 16.555 0.008
7002.70348 16.713 0.008
7007.71475 16.541 0.007
7013.66814 16.722 0.008
7016.77368 16.698 0.007
7020.76253 16.537 0.008
7024.75376 16.585 0.008
7028.70691 16.642 0.008
7033.76099 16.604 0.008
7037.73453 16.554 0.007
7042.73211 16.714 0.007
7046.73333 16.680 0.008
7051.71648 16.607 0.007
7051.72389 16.603 0.007
7056.66432 16.701 0.008
7062.65603 16.724 0.008
7069.65220 16.715 0.008
7074.66339 16.540 0.007
7080.57972 16.698 0.008
7083.60646 16.700 0.008
7086.61461 16.726 0.008
7091.59547 16.590 0.007
7103.56330 16.704 0.007
7112.57548 16.695 0.008
7115.57043 16.686 0.008
7119.53055 16.713 0.008
7126.51956 16.713 0.007
7131.52411 16.552 0.008
7134.49440 16.540 0.008
7137.52432 16.562 0.008
7143.48877 16.704 0.009
7274.92003 16.647 0.011
7287.89610 16.699 0.008
7292.81969 16.578 0.009
7294.79132 16.692 0.008
7297.79056 16.713 0.009
7304.86907 16.675 0.008
7312.78732 16.557 0.007
7319.75955 16.655 0.009
7322.73868 16.564 0.009
7327.84259 16.725 0.008
7339.75267 16.625 0.007
7345.71114 16.557 0.008
7354.78801 16.656 0.008
7361.81083 16.579 0.007
7366.68337 16.640 0.008
7373.83669 16.711 0.008
7377.80861 16.685 0.008
7382.70681 16.586 0.008
7385.72025 16.541 0.007
7390.74143 16.724 0.007
7399.74670 16.677 0.008
7404.73630 16.649 0.007
7408.70942 16.550 0.007
7410.71081 16.719 0.008
7412.58291 16.590 0.008
7413.67357 16.722 0.008
7414.76437 16.557 0.009
7415.66300 16.571 0.007
7416.68044 16.662 0.008
7424.62285 16.675 0.007
7425.66908 16.570 0.007
7426.66622 16.682 0.008
7427.64781 16.718 0.008
7428.65238 16.564 0.007
7429.66175 16.619 0.006
7431.61144 16.670 0.006
7432.62850 16.566 0.007
7434.60890 16.692 0.007
7435.64184 16.545 0.007
7437.61450 16.705 0.007
7439.64844 16.653 0.008
7441.60293 16.664 0.008
7443.61736 16.719 0.007
7443.62006 16.716 0.007
7445.60716 16.526 0.008
7447.63940 16.673 0.007
7449.62580 16.655 0.008
7453.60025 16.704 0.007
7457.61303 16.718 0.007
7462.61478 16.627 0.007
7466.56247 16.661 0.008
7472.56926 16.600 0.008
7476.52498 16.652 0.007
7488.47881 16.617 0.008
7499.50201 16.595 0.008
7507.47427 16.715 0.008
