5261.69473 16.748 0.008
5262.68976 16.884 0.009
5264.66054 16.739 0.008
5265.65681 16.872 0.009
5266.65048 16.806 0.008
5268.51910 16.820 0.009
5269.61384 16.816 0.008
5270.61616 16.717 0.008
5271.62343 16.868 0.008
5273.61165 16.726 0.008
5275.61105 16.799 0.008
5279.59334 16.729 0.009
5281.60054 16.763 0.008
5284.59389 16.767 0.009
5287.57520 16.772 0.009
5290.52818 16.811 0.009
5292.58117 16.850 0.008
5293.57697 16.730 0.009
5295.57140 16.869 0.009
5296.60840 16.678 0.008
5297.57619 16.777 0.008
5299.55531 16.698 0.008
5301.57921 16.847 0.009
5305.50745 16.746 0.008
5306.54264 16.775 0.008
5308.56523 16.679 0.009
5310.57085 16.837 0.010
5311.56929 16.690 0.011
5312.56398 16.808 0.011
5315.53510 16.790 0.011
5321.50225 16.795 0.011
5322.48238 16.863 0.010
5323.51837 16.673 0.008
5324.51649 16.817 0.011
5325.51622 16.838 0.009
5326.52390 16.666 0.008
5328.51160 16.849 0.009
5337.51316 16.832 0.009
5342.50459 16.850 0.015
5436.88706 16.749 0.008
5443.90329 16.794 0.008
5445.90408 16.683 0.008
5451.87647 16.674 0.008
5455.87196 16.800 0.008
5455.90394 16.812 0.008
5457.81886 16.697 0.008
5462.82396 16.865 0.009
5467.89910 16.856 0.013
5468.87075 16.838 0.009
5470.86293 16.827 0.008
5473.84536 16.820 0.008
5477.85017 16.827 0.008
5478.87048 16.718 0.008
5480.87693 16.801 0.008
5482.79835 16.839 0.008
5483.81078 16.825 0.009
5485.83421 16.837 0.008
5486.83411 16.819 0.008
5487.83790 16.726 0.008
5489.78142 16.820 0.008
5490.82369 16.710 0.008
5491.80560 16.866 0.010
5492.87832 16.733 0.009
5493.77010 16.698 0.008
5495.85144 16.745 0.008
5497.77865 16.863 0.009
5509.73407 16.856 0.008
5511.75804 16.744 0.008
5513.75606 16.765 0.008
5515.72119 16.871 0.009
5517.73727 16.741 0.008
5521.84939 16.838 0.008
5523.83859 16.827 0.009
5526.78929 16.791 0.008
5528.73464 16.707 0.008
5529.80880 16.818 0.009
5530.82553 16.823 0.008
5531.71412 16.710 0.007
5532.84445 16.846 0.008
5533.85224 16.815 0.008
5535.74083 16.808 0.008
5542.81508 16.813 0.008
5544.81342 16.848 0.008
5546.77784 16.686 0.008
5548.84063 16.772 0.008
5550.83808 16.865 0.008
5554.84827 16.711 0.008
5556.85723 16.865 0.009
5557.81808 16.738 0.008
5558.82865 16.767 0.008
5559.84526 16.862 0.008
5560.85768 16.678 0.008
5561.83211 16.784 0.008
5562.85624 16.858 0.009
5563.81647 16.708 0.008
5565.84481 16.855 0.009
5566.83875 16.688 0.008
5569.79398 16.707 0.009
5570.85222 16.820 0.010
5571.72939 16.873 0.008
5572.84767 16.675 0.008
5573.85649 16.849 0.009
5575.85719 16.688 0.008
5576.85767 16.826 0.008
5577.85602 16.834 0.010
5578.81438 16.687 0.008
5579.84830 16.833 0.010
5580.79530 16.846 0.008
5581.80078 16.673 0.008
5582.82677 16.826 0.009
5583.79519 16.829 0.009
5585.71487 16.780 0.008
5587.72328 16.689 0.008
5589.78230 16.827 0.008
5590.77334 16.676 0.007
5591.78894 16.840 0.008
5592.77070 16.826 0.008
5593.73800 16.674 0.008
5594.78756 16.837 0.008
5595.76834 16.840 0.008
5597.71899 16.808 0.007
5599.77430 16.695 0.008
5602.77738 16.712 0.008
5604.77940 16.810 0.008
5606.76213 16.865 0.008
5607.75414 16.812 0.009
5611.74473 16.715 0.011
5614.71468 16.705 0.008
5615.72708 16.844 0.008
5622.67263 16.825 0.008
5624.64966 16.844 0.008
5626.66454 16.706 0.009
5629.65920 16.703 0.008
5631.61778 16.828 0.009
5632.63799 16.723 0.009
5634.62816 16.798 0.009
5638.61993 16.715 0.010
5640.58531 16.815 0.009
5642.56183 16.836 0.008
5644.58753 16.718 0.008
5646.55775 16.832 0.008
5648.57580 16.860 0.008
5650.59091 16.742 0.008
5652.61427 16.739 0.008
5653.60939 16.760 0.008
5654.61601 16.861 0.009
5656.60184 16.762 0.008
5657.60267 16.871 0.008
5660.61144 16.848 0.008
5666.54990 16.865 0.010
5669.53279 16.861 0.009
5671.58064 16.798 0.010
5674.58639 16.809 0.009
5675.57835 16.840 0.008
5677.57783 16.811 0.008
5678.56042 16.827 0.008
5683.54127 16.800 0.008
5685.54423 16.674 0.008
5687.53734 16.850 0.010
5691.51654 16.691 0.009
5692.54770 16.838 0.011
5694.53765 16.679 0.010
5695.52778 16.838 0.010
5696.52238 16.856 0.013
5697.51712 16.685 0.008
5700.51011 16.680 0.011
5708.48497 16.826 0.009
5709.49705 16.715 0.008
5787.93132 16.730 0.008
5802.90840 16.741 0.008
5805.90171 16.757 0.008
5810.92249 16.672 0.013
5812.90926 16.846 0.008
5816.87953 16.697 0.008
5819.89500 16.677 0.008
5822.87501 16.683 0.008
5824.88693 16.843 0.008
5826.83243 16.778 0.008
5829.82563 16.798 0.008
5831.86138 16.684 0.007
5833.83490 16.843 0.008
5835.84688 16.825 0.008
5836.84939 16.833 0.008
5839.86316 16.829 0.008
5842.88198 16.805 0.009
5854.85273 16.795 0.008
5857.86145 16.776 0.009
5860.86859 16.750 0.008
5863.86549 16.735 0.008
5864.78014 16.702 0.007
5866.84361 16.750 0.008
5869.84735 16.717 0.007
5870.78975 16.737 0.008
5871.85859 16.850 0.008
5873.86214 16.794 0.008
5875.78268 16.750 0.008
5879.79759 16.750 0.010
5882.84296 16.806 0.008
5883.82703 16.842 0.009
5885.84703 16.826 0.008
5889.74409 16.893 0.008
5891.77153 16.786 0.008
5892.83994 16.838 0.008
5893.80925 16.672 0.007
5895.84663 16.807 0.008
5897.83231 16.836 0.008
5898.83250 16.832 0.008
5899.82913 16.701 0.008
5900.74639 16.793 0.008
5901.71686 16.868 0.008
5902.82991 16.689 0.008
5903.84712 16.845 0.008
5904.83278 16.812 0.008
5905.83792 16.726 0.008
5906.83107 16.843 0.008
5907.83487 16.817 0.008
5908.82948 16.721 0.008
5909.83754 16.867 0.013
5910.84077 16.817 0.008
5911.77115 16.686 0.008
5912.80775 16.864 0.008
5913.79605 16.809 0.008
5914.80309 16.724 0.007
5915.81188 16.868 0.007
5916.81578 16.783 0.008
5917.80910 16.739 0.008
5921.81772 16.859 0.009
5922.83036 16.735 0.007
5923.81110 16.748 0.007
5924.82550 16.857 0.007
5925.84693 16.701 0.008
5926.83427 16.780 0.008
5927.82519 16.863 0.008
5929.79988 16.772 0.008
5930.86374 16.855 0.008
5931.79507 16.734 0.008
5932.82010 16.766 0.008
5933.84633 16.851 0.010
5934.85019 16.674 0.008
5937.79549 16.693 0.008
5938.81260 16.789 0.008
5939.81585 16.857 0.009
5940.83219 16.679 0.008
5941.81673 16.803 0.008
5942.84001 16.847 0.008
5943.81619 16.678 0.008
5944.80675 16.807 0.007
5945.80624 16.839 0.008
5947.79384 16.795 0.008
5948.78379 16.853 0.008
5949.79832 16.677 0.008
5950.67249 16.752 0.007
5951.69911 16.854 0.008
5952.76065 16.683 0.007
5953.72033 16.781 0.008
5954.77204 16.827 0.005
5955.78894 16.688 0.008
5956.78807 16.840 0.007
5958.77578 16.681 0.007
5959.76074 16.834 0.008
5960.73227 16.842 0.008
5961.73469 16.671 0.007
5962.73591 16.822 0.009
5963.63169 16.867 0.008
5964.72424 16.705 0.010
5965.59215 16.711 0.008
5967.66637 16.686 0.008
5968.68637 16.807 0.008
5969.74000 16.826 0.008
5970.70670 16.666 0.007
5971.75472 16.860 0.008
5972.74901 16.835 0.008
5973.71678 16.696 0.007
5974.73765 16.848 0.008
5976.73699 16.703 0.007
5977.71798 16.857 0.008
5978.72854 16.796 0.008
5979.58046 16.714 0.007
5980.68753 16.848 0.008
5981.70375 16.823 0.008
5982.72982 16.700 0.007
5983.73498 16.854 0.007
5984.70427 16.828 0.008
5985.58989 16.691 0.007
5986.73525 16.859 0.008
5987.72777 16.778 0.008
5989.67538 16.869 0.009
5990.68654 16.805 0.008
5991.71822 16.750 0.009
5992.71661 16.841 0.009
5993.68004 16.819 0.008
5994.70667 16.733 0.009
5996.68737 16.795 0.010
5997.69424 16.741 0.009
5998.70113 16.868 0.008
6000.67573 16.742 0.007
6001.65805 16.859 0.008
6002.67825 16.767 0.008
6003.59267 16.699 0.008
6004.67056 16.848 0.008
6005.66307 16.772 0.008
6006.60449 16.704 0.007
6007.64453 16.864 0.008
6009.67539 16.769 0.008
6011.63280 16.770 0.008
6012.66634 16.777 0.008
6013.61502 16.859 0.008
6014.59251 16.804 0.008
6015.59611 16.732 0.007
6016.64858 16.870 0.008
6017.60804 16.753 0.008
6019.63991 16.879 0.009
6020.63518 16.696 0.008
6021.63786 16.774 0.008
6022.63454 16.871 0.010
6023.62215 16.714 0.008
6024.62938 16.795 0.009
6025.61394 16.878 0.010
6026.62125 16.687 0.008
6028.53184 16.871 0.010
6032.59924 16.705 0.008
6033.59483 16.797 0.010
6035.58514 16.688 0.008
6036.56182 16.793 0.008
6037.57915 16.891 0.010
6038.56816 16.705 0.008
6039.58977 16.811 0.008
6040.55990 16.860 0.008
6042.55811 16.791 0.009
6047.54951 16.702 0.008
6048.55276 16.791 0.008
6049.54190 16.836 0.008
6052.53516 16.828 0.009
6055.52900 16.858 0.010
6058.51503 16.850 0.008
6062.49597 16.678 0.008
6067.50201 16.841 0.009
6070.49916 16.842 0.009
6072.50667 16.870 0.010
6080.48219 16.690 0.010
6085.46730 16.839 0.010
6158.89595 16.718 0.008
6172.91151 16.716 0.008
6185.91673 16.799 0.010
6196.84946 16.674 0.007
6200.86677 16.821 0.011
6203.87285 16.825 0.009
6208.88417 16.693 0.010
6216.87129 16.813 0.008
6220.80214 16.695 0.007
6223.81069 16.687 0.007
6225.83192 16.812 0.008
6225.84721 16.791 0.008
6225.86298 16.769 0.008
6230.77158 16.833 0.009
6234.85881 16.724 0.007
6239.83043 16.851 0.008
6243.85637 16.687 0.008
6245.81913 16.867 0.007
6249.77481 16.725 0.007
6252.77907 16.721 0.008
6255.78175 16.699 0.007
6257.83622 16.845 0.009
6258.76274 16.706 0.009
6260.78709 16.841 0.010
6264.81780 16.682 0.007
6268.81772 16.835 0.008
6268.82061 16.856 0.008
6269.85287 16.820 0.008
6270.81001 16.678 0.007
6273.83390 16.701 0.008
6274.84622 16.869 0.008
6277.81137 16.856 0.007
6281.82927 16.789 0.008
6286.76349 16.844 0.008
6290.76932 16.798 0.008
6294.84061 16.803 0.008
6298.80326 16.869 0.008
6304.80145 16.853 0.008
6310.70458 16.872 0.007
6317.72357 16.708 0.008
6340.65879 16.841 0.007
6344.59701 16.721 0.007
6348.63875 16.817 0.008
6356.59616 16.664 0.007
6362.54993 16.671 0.007
6370.59995 16.821 0.008
6376.58263 16.822 0.008
6386.54690 16.692 0.008
6395.50981 16.727 0.008
6403.48856 16.803 0.008
6516.91249 16.813 0.009
6522.87656 16.831 0.008
6537.90947 16.731 0.008
6552.87150 16.696 0.008
6572.82152 16.835 0.007
6582.84533 16.709 0.007
6586.80367 16.825 0.008
6593.83035 16.798 0.009
6609.77162 16.728 0.007
6614.78129 16.743 0.007
6618.83537 16.794 0.007
6627.83596 16.819 0.007
6633.81474 16.821 0.007
6640.81472 16.843 0.008
6646.81564 16.803 0.008
6649.79118 16.826 0.007
6651.76059 16.845 0.007
6654.80395 16.858 0.007
6659.73568 16.700 0.007
6662.81711 16.754 0.008
6669.82261 16.849 0.008
6674.80585 16.793 0.009
6679.80276 16.684 0.007
6682.71261 16.749 0.007
6688.74203 16.685 0.006
6695.72025 16.810 0.007
6700.68775 16.681 0.007
6703.65432 16.693 0.008
6708.72457 16.834 0.008
6711.71335 16.822 0.008
6714.67168 16.849 0.008
6722.63102 16.823 0.007
6739.63753 16.722 0.007
6888.91915 16.721 0.008
6904.88365 16.872 0.009
6919.85345 16.843 0.008
6925.84614 16.863 0.008
6929.89450 16.679 0.008
6937.82031 16.833 0.008
6941.84055 16.674 0.009
6953.77145 16.675 0.008
6958.86089 16.792 0.008
6965.77912 16.712 0.008
6970.82035 16.751 0.008
6977.72020 16.697 0.008
6985.85013 16.674 0.007
6990.78079 16.846 0.009
6995.84023 16.825 0.008
7000.83694 16.682 0.008
7005.86113 16.808 0.012
7009.82191 16.695 0.007
7012.85196 16.716 0.008
7016.81445 16.853 0.008
7020.80600 16.799 0.008
7024.78575 16.713 0.008
7029.75564 16.803 0.008
7032.81252 16.739 0.008
7034.80133 16.870 0.008
7038.79092 16.715 0.008
7040.78562 16.859 0.008
7044.77224 16.714 0.008
7047.76619 16.704 0.008
7051.75980 16.779 0.008
7056.72597 16.697 0.008
7061.73328 16.822 0.010
7069.73080 16.815 0.008
7076.68370 16.823 0.008
7080.65744 16.689 0.008
7082.67208 16.853 0.009
7085.67880 16.819 0.008
7088.64324 16.812 0.008
7091.64515 16.826 0.008
7097.61078 16.826 0.008
7102.62003 16.844 0.009
7111.61394 16.864 0.008
7113.58580 16.695 0.008
7115.60461 16.800 0.009
7118.58939 16.806 0.008
7126.55377 16.864 0.008
7130.56385 16.784 0.008
7132.52628 16.863 0.009
7134.52867 16.723 0.008
7139.54222 16.732 0.008
7142.52029 16.757 0.008
7278.91048 16.826 0.010
7286.89026 16.777 0.009
7292.88324 16.804 0.009
7295.85445 16.781 0.008
7302.86387 16.824 0.008
7308.84711 16.826 0.008
7318.79031 16.676 0.008
7325.79382 16.823 0.008
7338.78251 16.802 0.008
7342.75223 16.698 0.008
7348.72469 16.709 0.008
7355.79950 16.860 0.008
7366.78604 16.801 0.008
7373.76629 16.828 0.008
7376.85663 16.800 0.009
7381.74268 16.811 0.008
7384.70976 16.816 0.008
7387.77337 16.850 0.008
7390.77666 16.869 0.008
7398.75592 16.704 0.008
7402.79128 16.868 0.007
7405.76468 16.862 0.008
7409.73357 16.789 0.009
7413.72736 16.737 0.009
7415.74710 16.721 0.008
7424.71559 16.698 0.007
7428.69107 16.756 0.008
7433.68734 16.700 0.007
7437.68118 16.772 0.008
7442.65628 16.696 0.008
7445.64538 16.679 0.008
7450.64825 16.821 0.008
7456.63947 16.833 0.009
7463.62726 16.683 0.007
7470.56701 16.792 0.008
7474.59002 16.825 0.008
7481.54540 16.686 0.008
7492.49851 16.832 0.008
