5261.66360 13.597 0.005
5262.65763 13.663 0.005
5264.62673 13.869 0.005
5265.62616 13.915 0.005
5266.62015 13.820 0.005
5267.63193 13.665 0.005
5268.61429 13.594 0.005
5269.58367 13.495 0.005
5270.58588 13.444 0.005
5271.59319 13.582 0.005
5273.58149 13.699 0.005
5274.61272 13.813 0.005
5276.59210 13.888 0.005
5279.58023 13.572 0.005
5281.57040 13.546 0.005
5282.57500 13.590 0.005
5285.56502 13.880 0.005
5287.55860 13.789 0.005
5290.49500 13.469 0.005
5293.49089 13.622 0.005
5295.51971 13.833 0.005
5296.59491 13.927 0.005
5297.54249 13.875 0.005
5299.52506 13.592 0.005
5301.54808 13.415 0.005
5305.54574 13.790 0.005
5307.48211 13.918 0.005
5308.55213 13.777 0.005
5309.57290 13.630 0.005
5311.53913 13.435 0.005
5313.52169 13.592 0.005
5315.50241 13.744 0.005
5321.48890 13.519 0.005
5322.49901 13.416 0.005
5324.50337 13.622 0.005
5327.50087 13.913 0.005
5335.49131 13.659 0.005
5342.49148 13.471 0.005
5430.93356 13.856 0.005
5443.87075 13.761 0.005
5445.89130 13.607 0.005
5448.90220 13.595 0.005
5451.84529 13.855 0.005
5454.89456 13.678 0.005
5461.86699 13.817 0.005
5465.88623 13.610 0.005
5468.85808 13.546 0.005
5471.88072 13.775 0.005
5478.84054 13.478 0.005
5481.76441 13.717 0.005
5483.79734 13.918 0.005
5484.80980 13.881 0.005
5486.79152 13.597 0.005
5487.79338 13.562 0.005
5488.86452 13.421 0.005
5490.85643 13.620 0.005
5491.84446 13.686 0.005
5492.78618 13.781 0.005
5493.80847 13.906 0.005
5494.85325 13.915 0.005
5495.81042 13.782 0.005
5496.80825 13.642 0.005
5497.83841 13.604 0.005
5499.74543 13.476 0.005
5502.81557 13.743 0.005
5503.77081 13.846 0.005
5505.74052 13.860 0.005
5506.75801 13.703 0.005
5507.77614 13.604 0.005
5509.68450 13.412 0.005
5510.74040 13.566 0.005
5511.71666 13.607 0.005
5512.75973 13.694 0.005
5513.73002 13.797 0.005
5514.76254 13.894 0.005
5515.67983 13.904 0.005
5516.76538 13.750 0.005
5517.67851 13.626 0.005
5518.77496 13.592 0.005
5519.70136 13.421 0.005
5521.71818 13.584 0.005
5522.74332 13.649 0.005
5523.70801 13.743 0.005
5524.71651 13.854 0.005
5525.74952 13.900 0.005
5526.70163 13.823 0.005
5527.78232 13.682 0.005
5528.72344 13.602 0.005
5529.70372 13.499 0.005
5530.71092 13.435 0.005
5531.79415 13.579 0.005
5532.70230 13.623 0.005
5533.72565 13.704 0.005
5534.75712 13.824 0.005
5535.73400 13.919 0.005
5536.73665 13.884 0.005
5539.74687 13.569 0.005
5540.83106 13.408 0.005
5541.69724 13.543 0.005
5542.75640 13.601 0.005
5543.78721 13.672 0.005
5544.77466 13.772 0.005
5545.76394 13.873 0.005
5546.71365 13.924 0.005
5547.77342 13.795 0.005
5548.74131 13.639 0.005
5549.70121 13.604 0.005
5550.75345 13.450 0.005
5551.71097 13.463 0.005
5553.75695 13.633 0.005
5556.70495 13.921 0.005
5557.68609 13.878 0.005
5558.68698 13.723 0.005
5559.73016 13.602 0.005
5560.66889 13.550 0.005
5561.70266 13.411 0.005
5562.72203 13.558 0.005
5563.65598 13.595 0.005
5565.68789 13.774 0.005
5566.71457 13.889 0.005
5568.73488 13.756 0.005
5569.72947 13.615 0.005
5570.76895 13.595 0.005
5571.70058 13.425 0.005
5572.81757 13.512 0.005
5575.72154 13.746 0.005
5576.69570 13.848 0.005
5577.69798 13.919 0.005
5578.70534 13.838 0.005
5579.75522 13.680 0.005
5580.69925 13.602 0.005
5581.70140 13.509 0.005
5582.70835 13.419 0.005
5583.71676 13.575 0.005
5584.70109 13.615 0.005
5585.70103 13.708 0.005
5586.66478 13.807 0.005
5587.64699 13.929 0.005
5589.65692 13.750 0.005
5591.69425 13.579 0.005
5592.67651 13.406 0.005
5593.65949 13.521 0.005
5594.67574 13.585 0.005
5595.65439 13.661 0.005
5596.71748 13.770 0.005
5597.63495 13.869 0.005
5598.70128 13.926 0.005
5599.66491 13.819 0.005
5600.69763 13.660 0.005
5601.67725 13.598 0.005
5602.67600 13.469 0.005
5603.68268 13.451 0.005
5604.68309 13.584 0.005
5605.68559 13.634 0.005
5606.69751 13.721 0.005
5607.70845 13.846 0.005
5608.70155 13.924 0.005
5609.72629 13.880 0.005
5611.65682 13.595 0.005
5612.70937 13.556 0.005
5613.67253 13.415 0.005
5614.66488 13.552 0.005
5615.65826 13.607 0.005
5616.67429 13.682 0.005
5619.65619 13.919 0.005
5622.65809 13.592 0.005
5623.61712 13.448 0.005
5624.55834 13.461 0.005
5625.64983 13.588 0.005
5626.61092 13.645 0.005
5627.57571 13.723 0.005
5629.61589 13.922 0.005
5630.62731 13.859 0.005
5632.57552 13.587 0.005
5633.62442 13.530 0.005
5634.58490 13.419 0.005
5635.58917 13.559 0.005
5638.59379 13.795 0.005
5639.56955 13.886 0.005
5640.54299 13.907 0.005
5641.57220 13.759 0.005
5642.51891 13.621 0.005
5643.51666 13.588 0.005
5644.51940 13.421 0.005
5645.51810 13.493 0.005
5646.53115 13.578 0.005
5647.53311 13.642 0.005
5648.53376 13.741 0.005
5649.54852 13.850 0.005
5650.52898 13.916 0.005
5651.53484 13.846 0.005
5652.52980 13.686 0.005
5653.55989 13.598 0.005
5654.56835 13.497 0.005
5655.55962 13.423 0.005
5656.56844 13.575 0.005
5657.52837 13.618 0.005
5659.52770 13.807 0.005
5660.57308 13.912 0.005
5664.50726 13.572 0.005
5665.52249 13.404 0.005
5666.51928 13.509 0.005
5667.50147 13.586 0.005
5668.50739 13.657 0.005
5669.50098 13.759 0.005
5670.55250 13.874 0.005
5671.50287 13.904 0.005
5672.49773 13.816 0.005
5674.50582 13.593 0.005
5675.49910 13.475 0.005
5676.55486 13.444 0.005
5677.49573 13.584 0.005
5678.52958 13.628 0.005
5679.49720 13.716 0.005
5680.54598 13.836 0.005
5681.51003 13.909 0.005
5682.50983 13.874 0.005
5683.51438 13.718 0.005
5684.51936 13.600 0.005
5685.49084 13.552 0.005
5686.49138 13.402 0.005
5687.49355 13.546 0.005
5691.48505 13.878 0.005
5692.53196 13.908 0.005
5694.50162 13.622 0.005
5695.48604 13.594 0.005
5696.49443 13.446 0.005
5697.48440 13.492 0.005
5699.49389 13.635 0.005
5700.48547 13.736 0.005
5702.48231 13.912 0.005
5706.48202 13.521 0.005
5709.46910 13.604 0.005
5785.90782 13.918 0.005
5796.90970 13.885 0.005
5810.87330 13.460 0.005
5812.86623 13.585 0.005
5814.91523 13.736 0.005
5815.89459 13.853 0.005
5816.86873 13.926 0.005
5817.87041 13.863 0.005
5818.89840 13.711 0.005
5819.85241 13.594 0.005
5822.84007 13.569 0.005
5824.83690 13.686 0.005
5825.82515 13.798 0.005
5826.87367 13.915 0.005
5827.86765 13.912 0.005
5828.89388 13.764 0.005
5829.86721 13.620 0.005
5830.85879 13.607 0.005
5831.85050 13.427 0.005
5832.83994 13.503 0.005
5833.82425 13.592 0.005
5834.82522 13.651 0.005
5835.88516 13.757 0.005
5836.79163 13.853 0.005
5837.87195 13.929 0.005
5839.85266 13.688 0.005
5840.83616 13.595 0.005
5841.83320 13.507 0.005
5842.85084 13.434 0.005
5843.86630 13.576 0.005
5845.88130 13.715 0.005
5846.84183 13.813 0.005
5850.80645 13.603 0.005
5851.81466 13.579 0.005
5853.87018 13.534 0.005
5854.77387 13.599 0.005
5855.84321 13.672 0.005
5856.81481 13.777 0.005
5857.81547 13.887 0.005
5858.84902 13.924 0.005
5859.81756 13.815 0.005
5860.80261 13.660 0.005
5861.81162 13.593 0.005
5863.81477 13.456 0.005
5865.79208 13.634 0.005
5866.81583 13.723 0.005
5867.75474 13.826 0.005
5869.82179 13.874 0.005
5870.76154 13.730 0.005
5871.74767 13.593 0.005
5872.75701 13.568 0.005
5873.75226 13.419 0.005
5874.78925 13.555 0.005
5875.72171 13.612 0.005
5878.82268 13.880 0.005
5879.73000 13.920 0.005
5880.75829 13.795 0.005
5881.74480 13.641 0.005
5882.77563 13.595 0.005
5883.77957 13.436 0.005
5886.74697 13.643 0.005
5887.81935 13.743 0.005
5888.80798 13.854 0.005
5889.85021 13.920 0.005
5890.78374 13.855 0.005
5891.74241 13.714 0.005
5892.76015 13.597 0.005
5893.77830 13.536 0.005
5894.80177 13.422 0.005
5895.81885 13.574 0.005
5896.80193 13.622 0.005
5897.74874 13.692 0.005
5898.73093 13.799 0.005
5899.79007 13.900 0.005
5900.73973 13.909 0.005
5901.78901 13.754 0.005
5902.74032 13.621 0.005
5903.79544 13.587 0.005
5904.77010 13.419 0.005
5905.74413 13.519 0.005
5906.75600 13.595 0.005
5907.73407 13.658 0.005
5908.75945 13.758 0.005
5909.80392 13.876 0.005
5910.71675 13.923 0.005
5911.74860 13.829 0.005
5912.76907 13.674 0.005
5913.74099 13.602 0.005
5914.76367 13.487 0.005
5915.72073 13.431 0.005
5916.77702 13.580 0.005
5917.73825 13.621 0.005
5922.75530 13.734 0.005
5923.73150 13.602 0.005
5924.71280 13.578 0.005
5925.72684 13.399 0.005
5926.73865 13.542 0.005
5927.73763 13.598 0.005
5929.71185 13.766 0.005
5930.85700 13.883 0.005
5931.67886 13.900 0.005
5932.67617 13.808 0.005
5933.72603 13.639 0.005
5934.72212 13.595 0.005
5936.66766 13.455 0.005
5937.69693 13.586 0.005
5938.69770 13.627 0.005
5939.74184 13.728 0.005
5940.77744 13.853 0.005
5941.77810 13.916 0.005
5942.80274 13.855 0.005
5943.75960 13.709 0.005
5944.75248 13.591 0.005
5945.73320 13.550 0.005
5946.67303 13.416 0.005
5946.78902 13.427 0.005
5947.74004 13.560 0.005
5948.72840 13.613 0.005
5949.74457 13.690 0.005
5950.66557 13.786 0.005
5951.69097 13.887 0.005
5952.71555 13.906 0.005
5953.71348 13.767 0.005
5954.71106 13.620 0.005
5955.73369 13.588 0.005
5956.73371 13.428 0.005
5958.75092 13.591 0.005
5959.72291 13.643 0.005
5961.65666 13.845 0.005
5962.65756 13.910 0.005
5963.62432 13.865 0.005
5964.63626 13.692 0.005
5967.65733 13.423 0.005
5968.65746 13.568 0.005
5969.63345 13.606 0.005
5970.61096 13.695 0.005
5971.70384 13.808 0.005
5972.69017 13.897 0.005
5973.67329 13.893 0.005
5976.66247 13.585 0.005
5977.69603 13.410 0.005
5978.67251 13.522 0.005
5979.62260 13.582 0.005
5980.65279 13.658 0.005
5981.66173 13.755 0.005
5982.66771 13.876 0.005
5983.71079 13.910 0.005
5984.64981 13.814 0.005
5985.68172 13.662 0.005
5986.61145 13.595 0.005
5987.68728 13.466 0.005
5988.65338 13.446 0.005
5989.61734 13.577 0.005
5990.61086 13.631 0.005
5991.68587 13.717 0.005
5992.64613 13.824 0.005
5993.60298 13.904 0.005
5994.60245 13.887 0.005
5995.64935 13.727 0.005
5996.61948 13.598 0.005
5997.62162 13.557 0.005
5998.61997 13.409 0.005
5998.68545 13.408 0.005
5999.66395 13.559 0.005
6000.63604 13.605 0.005
6002.59973 13.777 0.005
6003.56597 13.880 0.005
6004.62631 13.922 0.005
6005.60935 13.796 0.005
6006.59329 13.642 0.005
6007.59159 13.594 0.005
6009.56715 13.464 0.005
6010.62273 13.580 0.005
6011.58153 13.630 0.005
6012.61723 13.726 0.005
6013.56231 13.832 0.005
6014.58126 13.910 0.005
6015.57761 13.873 0.005
6016.61760 13.710 0.005
6017.58100 13.590 0.005
6018.53614 13.531 0.005
6019.58488 13.407 0.005
6020.60637 13.564 0.005
6021.59416 13.608 0.005
6022.60603 13.691 0.005
6023.57965 13.787 0.005
6024.60249 13.901 0.005
6025.60253 13.906 0.005
6026.54879 13.766 0.005
6028.58555 13.583 0.005
6032.52341 13.635 0.005
6033.51094 13.745 0.005
6034.51650 13.843 0.005
6035.54195 13.920 0.005
6036.51881 13.841 0.005
6037.51845 13.699 0.005
6038.51016 13.585 0.005
6039.51687 13.511 0.005
6040.51913 13.419 0.005
6042.51680 13.612 0.005
6047.49371 13.738 0.005
6048.49249 13.607 0.005
6049.51577 13.580 0.005
6050.49132 13.412 0.005
6052.50702 13.590 0.005
6053.50406 13.647 0.005
6055.51264 13.864 0.005
6056.49962 13.915 0.005
6057.51188 13.831 0.005
6058.50319 13.655 0.005
6059.49684 13.587 0.005
6060.50008 13.462 0.005
6061.49326 13.432 0.005
6062.48472 13.570 0.005
6064.48651 13.705 0.005
6070.48787 13.555 0.005
6079.46987 13.639 0.005
6123.93370 13.446 0.005
6137.93162 13.784 0.005
6164.91972 13.425 0.005
6166.90284 13.600 0.005
6180.87584 13.931 0.005
6181.88999 13.890 0.005
6183.89627 13.596 0.005
6186.87403 13.543 0.005
6191.89969 13.928 0.005
6193.90770 13.640 0.005
6199.83836 13.728 0.005
6219.82814 13.652 0.005
6222.84238 13.909 0.005
6225.74707 13.594 0.005
6226.75946 13.525 0.005
6229.80199 13.612 0.005
6231.77068 13.802 0.005
6233.84589 13.895 0.005
6234.84708 13.741 0.005
6235.79447 13.603 0.005
6238.84581 13.529 0.005
6240.86311 13.668 0.005
6241.81676 13.763 0.005
6242.85970 13.872 0.005
6243.82850 13.915 0.005
6244.76884 13.828 0.005
6245.78539 13.664 0.005
6248.80211 13.443 0.005
6254.80263 13.886 0.005
6257.83164 13.563 0.005
6262.75484 13.783 0.005
6278.78223 13.523 0.005
6289.80703 13.413 0.005
6294.82900 13.873 0.005
6312.71718 13.588 0.005
6323.68491 13.631 0.005
6333.63536 13.608 0.005
6347.61686 13.923 0.005
6356.63420 13.810 0.005
6368.54995 13.924 0.005
6371.57460 13.592 0.005
6379.53624 13.892 0.005
6383.62740 13.404 0.005
6387.54984 13.770 0.005
6404.54057 13.422 0.005
6509.93499 13.566 0.005
6520.87664 13.600 0.005
6520.90819 13.592 0.005
6531.91935 13.635 0.005
6547.88601 13.621 0.005
6560.82586 13.422 0.005
6561.85291 13.589 0.005
6571.85969 13.533 0.005
6578.87964 13.646 0.005
6583.80644 13.624 0.005
6592.74303 13.550 0.005
6593.72428 13.599 0.005
6595.71641 13.772 0.005
6600.71682 13.602 0.005
6601.83124 13.436 0.005
6604.77920 13.635 0.005
6608.84687 13.843 0.005
6612.78312 13.427 0.005
6616.74500 13.790 0.005
6622.75646 13.416 0.005
6622.79895 13.415 0.005
6623.74866 13.511 0.005
6624.81627 13.587 0.005
6625.81056 13.654 0.005
6626.82573 13.750 0.005
6627.77586 13.858 0.005
6628.76993 13.915 0.005
6628.82737 13.908 0.005
6631.85445 13.585 0.005
6632.73212 13.493 0.005
6633.71910 13.441 0.005
6635.75000 13.611 0.005
6636.72963 13.708 0.005
6637.75004 13.808 0.005
6638.75246 13.900 0.005
6645.75004 13.594 0.005
6649.75699 13.907 0.005
6654.77712 13.471 0.005
6658.80031 13.832 0.005
6662.78699 13.588 0.005
6664.83098 13.405 0.005
6665.61564 13.546 0.005
6666.62091 13.607 0.005
6667.60323 13.674 0.005
6667.84674 13.694 0.005
6668.63142 13.784 0.005
6669.75726 13.901 0.005
6670.74369 13.893 0.005
6671.77806 13.747 0.005
6673.78095 13.572 0.005
6674.78886 13.413 0.005
6675.79889 13.502 0.005
6676.74515 13.582 0.005
6680.78480 13.918 0.005
6690.67750 13.899 0.005
6691.68486 13.897 0.005
6692.70897 13.736 0.005
6693.65701 13.601 0.005
6694.70083 13.565 0.005
6695.64594 13.407 0.005
6696.63355 13.520 0.005
6697.69161 13.588 0.005
6698.69193 13.640 0.005
6700.56533 13.849 0.005
6702.55667 13.855 0.005
6703.57367 13.679 0.005
6704.71140 13.588 0.005
6705.56321 13.493 0.005
6705.69141 13.470 0.005
6712.65867 13.871 0.005
6722.61948 13.921 0.005
6732.65246 13.892 0.005
6733.65068 13.846 0.005
6736.59502 13.534 0.005
6737.60554 13.408 0.005
6740.52964 13.675 0.005
6741.55631 13.783 0.005
6742.52223 13.885 0.005
6743.54684 13.899 0.005
6744.54543 13.765 0.005
6746.51543 13.592 0.005
6748.51589 13.488 0.005
6749.51875 13.590 0.005
6759.50675 13.573 0.005
6760.50624 13.607 0.005
6761.51664 13.693 0.005
6762.50330 13.797 0.005
6763.48783 13.906 0.005
6764.50108 13.902 0.005
6765.49125 13.755 0.005
6766.47959 13.599 0.005
6767.47013 13.571 0.005
6768.47213 13.406 0.005
6769.47324 13.519 0.005
6770.47153 13.595 0.005
6771.46650 13.653 0.005
6772.47204 13.749 0.005
6871.93957 13.531 0.005
6888.90807 13.914 0.005
6896.90819 13.711 0.005
6907.89101 13.774 0.005
6926.82013 13.607 0.005
6932.82880 13.626 0.005
6938.81423 13.739 0.005
6942.81178 13.692 0.005
6950.86260 13.909 0.005
6956.76959 13.520 0.005
6956.86546 13.531 0.005
6957.77112 13.592 0.005
6958.82161 13.658 0.005
6959.83254 13.760 0.005
6960.79642 13.865 0.005
6961.80767 13.921 0.005
6961.86007 13.910 0.005
6963.74787 13.668 0.005
6964.85710 13.595 0.005
6965.83940 13.459 0.005
6967.73154 13.572 0.005
6967.79421 13.581 0.005
6970.75447 13.816 0.005
6973.73699 13.726 0.005
6980.77401 13.777 0.005
6987.80501 13.483 0.005
6992.77720 13.912 0.005
6997.78297 13.410 0.005
7002.72476 13.898 0.005
7007.73605 13.421 0.005
7013.69156 13.913 0.005
7016.79520 13.591 0.005
7020.79977 13.618 0.005
7024.77513 13.887 0.005
7026.67097 13.605 0.005
7027.65040 13.574 0.005
7028.68641 13.401 0.005
7029.68204 13.531 0.005
7030.74887 13.602 0.005
7031.73624 13.661 0.005
7032.73796 13.766 0.005
7033.73363 13.877 0.005
7034.79160 13.915 0.005
7035.66875 13.809 0.005
7036.71794 13.656 0.005
7037.75805 13.595 0.005
7042.75567 13.723 0.005
7047.71882 13.595 0.005
7051.74745 13.608 0.005
7056.68783 13.767 0.005
7062.67953 13.644 0.005
7069.67619 13.520 0.005
7080.60312 13.410 0.005
7083.62988 13.654 0.005
7086.63894 13.905 0.005
7091.61887 13.442 0.005
7093.59237 13.615 0.005
7097.56683 13.887 0.005
7098.57278 13.738 0.005
7099.61575 13.591 0.005
7100.57752 13.572 0.005
7102.54125 13.525 0.005
7103.55488 13.593 0.005
7103.58979 13.596 0.005
7112.59709 13.465 0.005
7115.59365 13.724 0.005
7119.55169 13.713 0.005
7126.54269 13.779 0.005
7131.54719 13.588 0.005
7134.51751 13.582 0.005
7137.54739 13.859 0.005
7143.51200 13.423 0.005
7278.86352 13.420 0.005
7292.85147 13.765 0.005
7294.81517 13.920 0.005
7297.81386 13.596 0.005
7306.87201 13.716 0.005
7312.81022 13.676 0.005
7322.76524 13.635 0.005
7327.87179 13.689 0.005
7339.77577 13.583 0.005
7345.73438 13.858 0.005
7354.81123 13.705 0.005
7361.83408 13.401 0.005
7366.70670 13.872 0.005
7373.86023 13.583 0.005
7377.83198 13.913 0.005
7382.73018 13.399 0.005
7385.74369 13.682 0.005
7390.76552 13.614 0.005
7399.77013 13.828 0.005
7403.78553 13.430 0.005
7408.73285 13.898 0.005
7410.73424 13.737 0.005
7413.69696 13.410 0.005
7416.70391 13.659 0.005
7424.64630 13.442 0.005
7431.67191 13.722 0.005
7435.66611 13.542 0.005
7439.67297 13.884 0.005
7443.64356 13.588 0.005
7453.62458 13.590 0.005
7462.63836 13.746 0.005
7466.58573 13.501 0.005
7472.59254 13.830 0.005
7476.54828 13.415 0.005
7488.50199 13.583 0.005
7499.52511 13.618 0.005
7508.47059 13.543 0.005
