5261.68161 15.098 0.005
5262.67510 14.889 0.005
5264.64570 14.933 0.005
5265.64368 15.099 0.005
5266.63740 14.883 0.005
5268.50601 14.913 0.005
5269.60088 15.100 0.005
5270.60319 14.884 0.005
5271.61037 14.740 0.005
5273.59864 15.109 0.005
5275.59813 14.745 0.005
5276.60924 14.943 0.005
5280.56570 14.938 0.005
5281.58753 15.126 0.005
5282.59246 14.731 0.005
5284.58076 14.948 0.005
5286.58064 14.704 0.005
5290.51485 14.727 0.005
5293.50808 15.121 0.005
5295.53688 14.774 0.005
5297.55981 15.137 0.005
5298.58940 14.614 0.005
5299.54218 14.791 0.005
5301.56597 15.149 0.005
5305.52677 15.152 0.005
5307.56015 14.804 0.005
5309.51108 15.159 0.005
5311.55616 14.803 0.005
5313.53864 15.176 0.005
5315.51941 14.815 0.005
5322.51598 14.618 0.005
5323.50534 14.830 0.005
5325.50044 15.199 0.005
5327.52294 14.839 0.005
5337.49973 15.200 0.005
5341.51483 15.187 0.006
5343.51735 14.850 0.005
5436.87413 14.890 0.005
5443.88777 15.119 0.005
5448.88721 14.710 0.005
5451.86225 15.113 0.005
5455.89112 15.130 0.005
5457.80607 14.762 0.005
5459.90220 15.139 0.005
5462.85898 14.964 0.005
5465.90357 14.798 0.005
5467.88630 15.158 0.005
5468.89016 14.608 0.005
5470.85010 14.979 0.005
5471.89775 15.172 0.005
5473.83263 14.796 0.005
5477.83585 14.813 0.005
5478.85753 14.994 0.005
5481.78159 14.806 0.005
5482.83546 14.998 0.005
5484.82703 14.617 0.005
5485.87807 14.830 0.005
5487.77763 15.175 0.005
5488.83418 14.635 0.005
5489.82249 14.832 0.005
5490.87368 15.014 0.005
5491.79259 15.169 0.005
5492.86570 14.646 0.005
5494.75667 15.011 0.005
5497.76170 14.836 0.005
5503.85889 15.179 0.005
5507.82550 15.171 0.005
5510.84124 15.050 0.005
5512.85974 14.687 0.005
5514.86236 15.064 0.005
5517.72418 14.868 0.005
5519.82040 15.115 0.005
5522.79722 15.068 0.005
5524.77233 14.703 0.005
5526.77596 15.065 0.005
5528.75422 14.707 0.005
5529.82834 14.908 0.005
5530.81265 15.082 0.005
5531.74034 15.079 0.005
5533.76935 14.909 0.005
5534.85132 15.097 0.005
5536.70212 14.705 0.005
5540.84645 14.739 0.005
5542.80222 15.098 0.005
5544.70959 14.721 0.005
5546.76444 15.094 0.005
5548.81560 14.747 0.005
5550.78447 15.107 0.005
5553.86037 14.955 0.005
5556.84400 14.764 0.005
5557.80535 14.952 0.005
5558.81546 15.130 0.005
5559.83244 14.616 0.005
5560.84471 14.783 0.005
5561.81774 14.960 0.005
5562.84334 15.143 0.005
5563.80364 14.619 0.005
5565.83104 14.976 0.005
5566.82290 15.151 0.005
5568.83992 14.788 0.005
5569.84914 14.978 0.005
5571.83056 14.600 0.005
5572.83406 14.809 0.005
5573.84363 14.981 0.005
5574.85973 15.166 0.005
5575.84248 14.605 0.005
5576.84461 14.806 0.005
5577.84130 15.008 0.005
5578.80138 15.159 0.005
5579.83521 14.610 0.005
5580.78200 14.809 0.005
5581.78404 14.999 0.005
5582.81351 15.170 0.005
5583.76532 14.603 0.005
5584.78053 14.803 0.005
5585.75311 14.993 0.005
5589.75414 15.004 0.005
5590.71733 15.175 0.005
5593.74667 15.014 0.005
5593.76438 15.015 0.005
5594.73302 15.183 0.005
5595.75460 14.622 0.005
5596.78493 14.837 0.005
5597.75412 15.019 0.005
5598.76366 15.184 0.005
5599.74380 14.634 0.005
5600.78087 14.843 0.005
5601.77540 15.028 0.005
5602.76211 15.187 0.005
5604.76655 14.849 0.005
5605.76991 15.030 0.005
5606.74903 15.202 0.005
5608.74868 14.864 0.005
5608.75137 14.853 0.005
5611.69800 14.645 0.005
5614.70173 15.174 0.005
5616.71872 14.867 0.005
5623.66887 14.673 0.005
5624.66872 14.870 0.005
5626.62609 15.153 0.005
5629.64613 15.048 0.005
5631.60481 14.678 0.005
5633.65467 15.057 0.005
5635.64555 14.695 0.005
5639.63015 14.713 0.005
5641.61798 15.075 0.005
5643.58155 14.700 0.005
5645.59039 15.078 0.005
5647.61394 14.717 0.005
5649.59615 15.074 0.005
5652.60114 14.920 0.005
5654.60162 14.924 0.005
5656.58862 14.919 0.005
5657.58950 15.088 0.005
5660.58852 14.935 0.005
5666.56935 14.800 0.005
5668.55415 14.941 0.005
5669.55383 15.104 0.005
5671.56730 14.752 0.005
5674.57320 14.678 0.005
5675.56512 14.753 0.005
5677.56480 15.128 0.005
5678.54555 14.672 0.005
5681.54138 15.130 0.005
5684.53472 14.967 0.005
5686.53772 14.613 0.005
5687.52378 14.774 0.005
5691.50300 14.773 0.005
5694.52119 14.601 0.005
5696.50938 14.977 0.005
5698.51591 14.612 0.005
5699.51574 14.798 0.005
5702.49574 14.598 0.005
5709.47768 15.180 0.005
5787.91832 15.044 0.005
5802.92828 14.897 0.005
5804.90701 15.086 0.005
5810.90414 14.906 0.005
5813.87614 14.708 0.005
5817.90171 14.726 0.005
5820.88386 14.912 0.005
5823.87617 15.086 0.005
5825.87810 14.734 0.005
5827.90303 15.101 0.005
5830.88890 14.930 0.005
5832.87002 14.763 0.005
5834.87057 14.944 0.005
5835.90027 15.115 0.005
5837.81704 14.746 0.005
5839.88249 15.114 0.005
5842.86590 14.964 0.005
5846.85727 14.969 0.005
5851.87779 15.150 0.005
5858.86456 14.991 0.005
5859.85058 15.154 0.005
5860.83374 14.600 0.005
5863.85241 15.173 0.005
5864.79998 14.598 0.005
5865.86558 14.811 0.005
5866.86338 14.996 0.005
5868.82016 14.607 0.005
5870.77705 14.991 0.005
5871.76730 15.172 0.005
5873.81289 14.821 0.005
5874.85130 15.002 0.005
5875.84323 15.181 0.005
5879.81724 15.180 0.005
5881.83978 14.832 0.005
5882.86216 15.023 0.005
5885.81878 14.844 0.005
5887.85950 15.178 0.005
5889.73118 14.834 0.005
5891.75783 15.190 0.005
5893.79638 14.861 0.005
5895.83390 15.157 0.005
5897.81958 14.867 0.005
5898.84104 15.043 0.005
5899.83769 15.143 0.005
5900.75500 14.667 0.005
5901.72545 14.860 0.005
5902.83845 15.052 0.005
5903.85568 15.108 0.005
5904.84136 14.692 0.005
5905.84650 14.890 0.005
5906.83963 15.061 0.005
5907.84343 15.079 0.005
5908.83804 14.694 0.005
5909.84611 14.893 0.005
5910.84933 15.067 0.005
5911.77973 15.104 0.005
5912.81634 14.702 0.005
5913.80461 14.896 0.005
5914.81166 15.073 0.005
5915.82043 15.030 0.005
5916.82431 14.713 0.005
5917.81762 14.907 0.005
5921.82625 14.918 0.005
5922.83889 15.091 0.005
5923.81963 14.912 0.005
5924.83404 14.730 0.005
5925.85547 14.925 0.005
5926.84279 15.080 0.005
5927.83372 14.842 0.005
5929.80841 14.931 0.005
5930.87228 15.084 0.005
5932.82859 14.739 0.005
5933.85481 14.950 0.005
5934.85870 15.103 0.005
5937.80395 14.935 0.005
5938.82112 15.110 0.005
5939.82433 14.686 0.005
5940.84065 14.762 0.005
5941.82522 14.954 0.005
5943.82465 14.645 0.005
5944.81521 14.763 0.005
5945.81517 14.943 0.005
5947.80230 14.628 0.005
5948.79226 14.769 0.005
5949.80676 14.946 0.005
5950.68094 15.111 0.005
5951.70759 14.688 0.005
5952.76908 14.766 0.005
5953.72874 14.953 0.005
5954.78045 15.145 0.005
5955.79737 14.594 0.005
5956.79654 14.779 0.005
5958.78420 15.156 0.005
5959.76923 14.597 0.005
5960.74069 14.773 0.005
5961.74307 14.976 0.005
5962.74429 15.153 0.005
5963.64009 14.635 0.005
5965.60056 14.965 0.005
5967.67474 14.605 0.005
5968.69476 14.789 0.005
5969.74836 14.994 0.005
5970.71507 15.158 0.005
5971.76307 14.601 0.005
5972.75737 14.798 0.005
5973.72511 14.993 0.005
5974.74598 15.175 0.005
5976.74533 14.818 0.005
5977.72690 14.998 0.005
5978.73683 15.175 0.005
5979.58879 14.596 0.005
5981.71205 15.001 0.005
5982.73815 15.194 0.005
5983.74328 14.631 0.005
5984.71260 14.817 0.005
5985.59821 14.985 0.005
5986.72680 15.183 0.005
5987.71935 14.640 0.005
5988.71012 14.836 0.005
5990.67806 15.189 0.005
5991.70974 14.634 0.005
5992.70815 14.850 0.005
5993.68833 15.018 0.005
5994.69820 15.187 0.005
5995.70232 14.653 0.005
5996.67889 14.852 0.005
5997.68369 15.015 0.005
5998.69253 15.181 0.005
5999.68361 14.656 0.005
6000.67142 14.858 0.005
6001.65371 15.029 0.005
6002.67395 15.182 0.005
6003.58834 14.650 0.005
6004.66621 14.853 0.005
6005.65455 15.028 0.005
6006.60015 15.184 0.005
6007.64017 14.658 0.005
6009.66054 15.047 0.005
6010.62921 15.175 0.005
6011.62842 14.669 0.005
6012.63675 14.876 0.005
6013.61066 15.034 0.005
6014.58815 15.169 0.005
6015.59110 14.662 0.005
6016.64372 14.881 0.005
6017.60368 15.042 0.005
6019.63552 14.685 0.005
6020.63080 14.888 0.005
6021.63349 15.069 0.005
6022.63017 15.120 0.005
6023.61777 14.689 0.005
6024.62500 14.897 0.005
6025.60957 15.079 0.005
6026.61685 15.089 0.005
6028.52741 14.887 0.005
6033.59041 15.079 0.005
6035.58072 14.706 0.005
6036.55741 14.913 0.005
6037.57474 15.077 0.005
6038.56374 15.015 0.005
6039.58535 14.725 0.005
6040.55547 14.911 0.005
6042.55369 14.974 0.005
6042.56959 14.947 0.005
6047.54508 14.728 0.005
6048.54831 14.932 0.005
6049.53747 15.092 0.005
6052.53074 14.930 0.005
6055.52459 14.739 0.005
6058.51060 14.808 0.005
6062.49155 14.769 0.005
6067.49757 14.760 0.005
6070.49473 14.676 0.005
6080.47776 14.971 0.005
6085.46289 15.150 0.005
6158.89128 14.832 0.005
6172.90739 15.188 0.005
6185.91264 14.687 0.005
6196.84541 15.091 0.005
6200.86273 15.024 0.005
6203.86883 15.083 0.005
6208.88013 14.908 0.005
6216.86728 14.817 0.005
6220.79813 14.846 0.005
6223.80673 15.108 0.005
6225.82795 14.734 0.005
6225.84324 14.749 0.005
6225.85899 14.749 0.005
6230.76758 14.936 0.005
6234.85387 14.963 0.005
6239.82647 15.144 0.005
6243.85239 15.160 0.005
6245.81514 14.786 0.005
6249.77084 14.786 0.005
6252.77507 14.606 0.005
6255.77776 15.158 0.005
6258.75876 14.980 0.005
6264.81383 14.622 0.005
6268.81374 14.640 0.005
6273.82993 14.842 0.005
6281.82526 14.868 0.005
6286.75947 15.034 0.005
6290.76531 15.038 0.005
6294.83658 15.072 0.005
6298.79918 15.068 0.005
6304.79735 14.709 0.005
6309.76826 14.906 0.005
6317.71943 14.917 0.005
6323.70960 14.879 0.005
6340.65457 14.749 0.005
6344.59277 14.746 0.005
6348.63451 14.764 0.005
6356.59189 14.771 0.005
6362.54565 15.146 0.005
6370.59553 15.165 0.005
6376.57817 14.809 0.005
6386.54243 15.184 0.005
6395.50534 14.637 0.005
6403.48413 14.647 0.005
6516.90825 15.127 0.005
6522.87233 14.764 0.005
6537.90535 14.602 0.005
6552.86741 15.183 0.005
6568.89705 15.159 0.005
6572.81749 15.163 0.005
6582.84131 14.886 0.005
6586.79806 14.883 0.005
6593.82636 14.720 0.005
6604.87111 14.791 0.005
6609.76762 14.731 0.005
6614.77731 14.934 0.005
6618.83085 14.953 0.005
6627.83144 15.136 0.005
6633.81073 14.790 0.005
6640.81069 14.606 0.005
6646.81162 15.006 0.005
6649.78715 14.823 0.005
6650.86135 15.018 0.005
6654.79992 15.015 0.005
6659.73162 15.190 0.005
6662.81305 15.022 0.005
6669.81848 14.858 0.005
6674.80173 15.038 0.005
6679.79860 15.136 0.005
6682.70844 15.048 0.005
6688.73787 14.690 0.005
6695.71605 15.076 0.005
6700.68353 14.706 0.005
6703.65011 15.061 0.005
6708.64307 14.717 0.005
6708.72032 14.728 0.005
6709.63743 14.901 0.005
6710.64680 15.081 0.005
6711.63375 14.969 0.005
6711.70911 14.871 0.005
6712.58433 14.708 0.005
6713.61011 14.913 0.005
6714.61717 15.078 0.005
6714.66740 15.084 0.005
6715.56665 15.009 0.005
6716.61919 14.721 0.005
6717.62936 14.918 0.005
6718.67464 15.102 0.005
6719.65568 14.831 0.005
6721.63798 14.942 0.005
6722.62672 15.095 0.005
6722.64728 15.101 0.005
6723.65038 14.781 0.005
6724.66009 14.738 0.005
6725.66937 14.939 0.005
6726.63175 15.094 0.005
6727.64064 14.738 0.005
6728.66232 14.755 0.005
6729.65576 14.953 0.005
6730.64985 15.115 0.005
6731.67352 14.655 0.005
6732.65466 14.759 0.005
6733.65289 14.961 0.005
6734.62881 15.123 0.005
6735.63957 14.648 0.005
6736.59724 14.760 0.005
6737.60773 14.957 0.005
6739.60361 14.643 0.005
6739.63315 14.626 0.005
6740.53186 14.760 0.005
6741.55852 14.958 0.005
6848.93717 15.035 0.005
6851.92717 14.863 0.005
6855.93235 14.865 0.005
6857.93442 15.153 0.005
6862.93582 14.694 0.005
6864.92825 15.061 0.005
6866.92787 14.687 0.005
6872.90921 15.067 0.005
6880.91107 15.085 0.005
6883.91272 14.919 0.005
6886.91240 14.731 0.005
6888.91495 15.104 0.005
6894.92077 14.751 0.005
6904.87952 15.121 0.005
6909.86640 14.632 0.005
6919.84934 14.977 0.005
6925.84209 14.595 0.005
6929.89044 14.610 0.005
6937.81628 14.621 0.005
6941.83652 14.620 0.005
6953.76745 14.633 0.005
6958.85689 14.871 0.005
6965.77510 14.666 0.005
6970.81634 14.883 0.005
6977.71620 14.683 0.005
6985.84616 14.731 0.005
6990.77681 14.921 0.005
6995.83626 15.110 0.005
7000.83295 14.727 0.005
7005.85712 14.770 0.005
7009.81786 14.772 0.005
7012.84793 14.602 0.005
7016.81043 14.593 0.005
7020.80827 14.605 0.005
7024.78167 14.603 0.005
7029.75159 14.798 0.005
7032.80842 14.610 0.005
7034.79726 14.999 0.005
7035.67094 15.158 0.005
7036.72014 14.604 0.005
7037.66615 14.797 0.005
7038.65908 14.992 0.005
7038.78680 15.013 0.005
7039.65948 15.162 0.005
7040.71719 14.611 0.005
7040.78151 14.628 0.005
7041.71803 14.816 0.005
7042.70304 14.997 0.005
7043.70185 15.183 0.005
7044.70708 14.616 0.005
7044.76811 14.623 0.005
7045.70499 14.827 0.005
7046.71218 15.005 0.005
7047.72762 15.182 0.005
7048.74016 14.633 0.005
7049.70104 14.823 0.005
7050.70539 15.007 0.005
7051.75564 15.193 0.005
7052.72517 14.639 0.005
7053.68997 14.839 0.005
7054.55501 14.990 0.005
7054.72279 15.016 0.005
7054.77069 15.023 0.005
7055.55136 15.178 0.005
7055.61803 15.183 0.005
7055.68286 15.195 0.005
7055.74752 15.187 0.005
7056.55636 14.609 0.005
7056.63422 14.619 0.005
7056.69539 14.643 0.005
7056.72179 14.640 0.005
7056.75594 14.653 0.005
7057.55620 14.811 0.005
7057.60356 14.825 0.005
7057.68289 14.833 0.005
7057.75296 14.847 0.005
7058.55256 15.000 0.005
7058.69554 15.017 0.005
7058.76044 15.043 0.005
7059.58626 15.174 0.005
7059.66428 15.181 0.005
7059.75860 15.184 0.005
7060.58065 14.630 0.005
7060.66858 14.638 0.005
7060.73936 14.653 0.005
7061.56587 14.834 0.005
7061.69693 14.845 0.005
7061.72906 14.862 0.005
7062.54916 14.998 0.005
7062.68837 15.028 0.005
7062.73963 15.037 0.005
7063.64659 15.184 0.005
7063.70122 15.187 0.005
7063.72577 15.177 0.005
7064.55532 14.630 0.005
7064.67098 14.653 0.005
7064.74578 14.675 0.005
7065.53799 14.833 0.005
7065.65978 14.854 0.005
7065.73404 14.869 0.005
7066.57894 15.017 0.005
7066.65169 15.034 0.005
7066.73575 15.047 0.005
7067.54446 15.179 0.005
7067.59320 15.196 0.005
7067.67340 15.194 0.005
7067.73295 15.174 0.005
7068.54423 14.631 0.005
7068.70656 14.669 0.005
7069.54468 14.844 0.005
7069.71531 14.870 0.005
7069.72196 14.872 0.005
7069.72656 14.877 0.005
7070.53739 15.020 0.005
7070.71473 15.047 0.005
7071.58686 15.193 0.005
7071.72089 15.150 0.005
7072.55999 14.658 0.005
7072.71686 14.684 0.005
7074.65429 15.038 0.005
7075.64732 15.163 0.005
7076.65169 14.677 0.005
7076.67945 14.683 0.005
7077.63106 14.876 0.005
7080.57123 14.673 0.005
7080.65319 14.685 0.005
7082.66780 15.056 0.005
7083.58098 15.158 0.005
7085.67453 14.902 0.005
7088.63895 14.704 0.005
7091.64081 15.052 0.005
7097.60645 14.900 0.005
7102.61569 15.094 0.005
7111.60951 14.831 0.005
7113.58142 14.934 0.005
7115.60022 14.788 0.005
7118.58499 15.109 0.005
7124.54991 14.755 0.005
7126.54935 15.126 0.005
7130.55945 15.132 0.005
7132.52185 14.763 0.005
7134.52425 15.137 0.005
7139.53780 14.611 0.005
7142.51585 15.147 0.005
7278.90640 14.743 0.005
7282.90849 14.750 0.005
7286.88144 14.741 0.005
7292.87915 15.135 0.005
7295.85037 14.957 0.005
7302.85982 14.775 0.005
7308.84309 15.153 0.005
7318.78629 14.792 0.005
7325.78305 14.611 0.005
7338.77852 14.833 0.005
7342.74824 14.848 0.005
7348.72071 15.179 0.005
7355.79551 15.048 0.005
7366.78204 14.897 0.005
7373.76226 14.709 0.005
7376.85261 14.850 0.005
7381.73867 14.716 0.005
7384.70573 14.940 0.005
7387.76930 15.107 0.005
7390.77261 14.946 0.005
7398.75183 14.953 0.005
7402.78718 14.968 0.005
7405.76057 14.776 0.005
7409.72944 14.783 0.005
7413.72322 14.789 0.005
7415.74296 15.173 0.005
7424.71140 14.610 0.005
7428.68688 14.611 0.005
7433.68273 14.824 0.005
7437.67690 14.827 0.005
7441.66232 14.841 0.005
7445.64109 14.832 0.005
7450.64397 15.029 0.005
7456.63515 14.648 0.005
7463.62290 15.173 0.005
7470.56263 15.042 0.005
7474.58566 15.056 0.005
7481.54101 14.883 0.005
7492.49411 14.695 0.005
