5261.65939 16.223 0.008
5262.65341 16.276 0.008
5264.62250 16.261 0.008
5265.62199 16.228 0.008
5266.61595 16.164 0.008
5267.62772 16.126 0.008
5268.61013 16.106 0.008
5269.57952 16.161 0.008
5270.58174 16.206 0.008
5271.58903 16.259 0.008
5273.57733 16.274 0.008
5274.60858 16.251 0.008
5276.58795 16.153 0.008
5279.57613 16.162 0.008
5281.56630 16.260 0.008
5282.57089 16.296 0.008
5285.56094 16.187 0.009
5287.55451 16.103 0.008
5289.54804 16.170 0.008
5290.49092 16.259 0.008
5293.48683 16.243 0.008
5295.51567 16.163 0.008
5296.59085 16.132 0.008
5297.53844 16.106 0.008
5299.52102 16.198 0.008
5301.54405 16.263 0.008
5305.54171 16.169 0.008
5307.47809 16.110 0.008
5308.54811 16.131 0.008
5309.56891 16.164 0.008
5311.53504 16.288 0.009
5313.51770 16.245 0.009
5315.49842 16.152 0.008
5321.48491 16.291 0.009
5322.49506 16.276 0.009
5324.49940 16.203 0.008
5326.50688 16.115 0.008
5327.49690 16.103 0.008
5335.48735 16.141 0.008
5342.48753 16.276 0.011
5430.92949 16.111 0.009
5443.86594 16.277 0.008
5445.88715 16.276 0.008
5448.89802 16.152 0.008
5451.84111 16.181 0.008
5454.89037 16.286 0.009
5457.78496 16.142 0.007
5461.86279 16.191 0.008
5463.90533 16.283 0.010
5465.87454 16.272 0.009
5467.86484 16.181 0.008
5468.85384 16.138 0.008
5470.82888 16.144 0.008
5471.87648 16.192 0.008
5473.81133 16.290 0.008
5477.81444 16.147 0.007
5478.83625 16.122 0.008
5481.76012 16.249 0.008
5482.88967 16.231 0.009
5483.79305 16.291 0.008
5484.80549 16.272 0.008
5486.78722 16.185 0.008
5487.78847 16.147 0.008
5488.86018 16.127 0.007
5490.85211 16.138 0.008
5491.84011 16.205 0.008
5492.84419 16.268 0.008
5494.73518 16.255 0.008
5495.86441 16.261 0.008
5499.80843 16.120 0.007
5506.77405 16.178 0.007
5509.80144 16.112 0.007
5511.74073 16.266 0.008
5513.76899 16.281 0.008
5515.70384 16.182 0.008
5517.70264 16.119 0.008
5521.74228 16.267 0.009
5523.82123 16.297 0.008
5526.71418 16.133 0.007
5528.77073 16.107 0.007
5529.83908 16.107 0.008
5530.79107 16.187 0.008
5531.75242 16.267 0.008
5533.68457 16.262 0.008
5534.80271 16.261 0.008
5535.83641 16.230 0.009
5539.85593 16.123 0.008
5542.68617 16.277 0.008
5543.84638 16.302 0.008
5544.84170 16.271 0.008
5546.67294 16.121 0.008
5548.79095 16.102 0.007
5550.76280 16.197 0.008
5553.80445 16.274 0.009
5554.82315 16.265 0.008
5556.78544 16.164 0.008
5557.78367 16.126 0.007
5558.79233 16.097 0.008
5560.81951 16.182 0.008
5561.77645 16.273 0.008
5562.82165 16.289 0.008
5563.78215 16.284 0.008
5565.80908 16.214 0.008
5568.81775 16.103 0.008
5569.86064 16.118 0.008
5571.80866 16.252 0.008
5575.77493 16.207 0.008
5576.82226 16.186 0.007
5577.78310 16.122 0.008
5578.77992 16.107 0.008
5579.81304 16.141 0.008
5580.75803 16.222 0.008
5581.76119 16.271 0.008
5583.77624 16.282 0.008
5584.70979 16.210 0.008
5585.79724 16.215 0.008
5587.70587 16.109 0.007
5589.76481 16.164 0.008
5590.78602 16.198 0.007
5592.78788 16.293 0.008
5593.70510 16.244 0.008
5594.77024 16.256 0.008
5595.73308 16.174 0.007
5596.76332 16.133 0.008
5597.73261 16.100 0.007
5598.74221 16.126 0.007
5599.75695 16.173 0.007
5600.75655 16.227 0.008
5601.75004 16.286 0.008
5602.74032 16.287 0.008
5604.74493 16.220 0.008
5605.74855 16.181 0.007
5608.72537 16.145 0.008
5609.73493 16.201 0.008
5611.72145 16.294 0.009
5612.72026 16.294 0.009
5615.68178 16.152 0.008
5623.62584 16.222 0.008
5625.65863 16.138 0.008
5627.65499 16.121 0.008
5630.63595 16.280 0.008
5632.59931 16.268 0.008
5634.61078 16.165 0.008
5638.60264 16.205 0.009
5640.56783 16.281 0.008
5642.54403 16.231 0.008
5644.54434 16.128 0.007
5646.54006 16.117 0.008
5648.54286 16.235 0.008
5650.57258 16.283 0.008
5653.58997 16.197 0.007
5655.56885 16.104 0.008
5657.56803 16.155 0.008
5659.58803 16.258 0.008
5667.54290 16.164 0.008
5668.53234 16.255 0.008
5671.54594 16.264 0.009
5674.55209 16.130 0.008
5675.54337 16.101 0.008
5677.54189 16.162 0.008
5681.51972 16.248 0.008
5683.52336 16.160 0.008
5686.51649 16.128 0.008
5687.50265 16.220 0.008
5692.48675 16.198 0.009
5695.49487 16.095 0.008
5697.49684 16.213 0.008
5700.49437 16.264 0.009
5787.89686 16.120 0.008
5802.89146 16.296 0.008
5805.86711 16.189 0.008
5807.91366 16.121 0.008
5810.88271 16.221 0.008
5813.85466 16.273 0.008
5817.87919 16.109 0.007
5820.86248 16.229 0.008
5823.85499 16.268 0.008
5825.88890 16.195 0.007
5827.87631 16.118 0.007
5830.86756 16.249 0.007
5832.84885 16.291 0.007
5834.83398 16.224 0.007
5836.81685 16.117 0.007
5838.84583 16.141 0.008
5840.87635 16.237 0.008
5844.80457 16.204 0.008
5850.88038 16.243 0.008
5851.85570 16.289 0.008
5852.83689 16.269 0.009
5855.86729 16.180 0.007
5856.87371 16.125 0.008
5857.87432 16.109 0.008
5860.84518 16.253 0.008
5861.86775 16.283 0.008
5862.82521 16.278 0.006
5864.76279 16.183 0.007
5866.82514 16.121 0.007
5870.81869 16.275 0.008
5871.77788 16.293 0.008
5873.79129 16.240 0.007
5874.82995 16.208 0.008
5878.85808 16.144 0.008
5881.77046 16.287 0.008
5882.82984 16.277 0.008
5885.82940 16.150 0.008
5886.84392 16.114 0.008
5886.84753 16.127 0.008
5887.82757 16.114 0.007
5890.83907 16.252 0.008
5891.82613 16.291 0.008
5893.73759 16.206 0.007
5895.77828 16.111 0.008
5896.82564 16.111 0.008
5897.86189 16.110 0.009
5898.81937 16.151 0.008
5899.79879 16.236 0.007
5900.85657 16.271 0.008
5901.84564 16.291 0.008
5902.79956 16.274 0.008
5903.83407 16.252 0.008
5904.80232 16.193 0.007
5905.80753 16.130 0.008
5906.80061 16.109 0.008
5907.78283 16.131 0.007
5908.79916 16.176 0.008
5910.81030 16.278 0.008
5911.75790 16.278 0.008
5912.83990 16.265 0.008
5913.84551 16.256 0.008
5914.83499 16.201 0.007
5915.79853 16.140 0.007
5916.83265 16.117 0.007
5917.79580 16.128 0.007
5922.84840 16.285 0.008
5924.79543 16.178 0.007
5925.83374 16.152 0.008
5927.79508 16.135 0.008
5929.81687 16.228 0.007
5931.76450 16.276 0.008
5932.78924 16.251 0.008
5933.81624 16.224 0.008
5934.81769 16.189 0.008
5936.80923 16.108 0.008
5937.76237 16.138 0.008
5938.78246 16.189 0.007
5939.78582 16.251 0.008
5940.80109 16.271 0.008
5941.78660 16.270 0.008
5942.81123 16.269 0.008
5943.78475 16.204 0.008
5944.77586 16.163 0.007
5945.75724 16.118 0.007
5946.79741 16.107 0.007
5947.76357 16.141 0.007
5948.75260 16.199 0.007
5949.76821 16.262 0.008
5950.72084 16.288 0.007
5952.79551 16.254 0.007
5954.74273 16.141 0.006
5956.75869 16.104 0.007
5959.74740 16.264 0.008
5962.66637 16.212 0.008
5963.72698 16.176 0.008
5965.67735 16.107 0.008
5967.75645 16.156 0.008
5969.72548 16.281 0.008
5972.73489 16.234 0.007
5974.66411 16.113 0.007
5976.69306 16.125 0.007
5977.70478 16.183 0.007
5979.70420 16.281 0.008
5981.67037 16.246 0.008
5982.69143 16.220 0.007
5984.69115 16.121 0.007
5986.71389 16.113 0.007
5988.67703 16.256 0.008
5989.66228 16.282 0.008
5990.64791 16.288 0.008
5992.66976 16.207 0.008
5994.66266 16.101 0.007
5995.68232 16.098 0.008
5997.64543 16.223 0.008
5999.67265 16.292 0.008
6001.62367 16.232 0.007
6004.63591 16.098 0.007
6009.59691 16.257 0.008
6017.59047 16.255 0.008
6018.59393 16.280 0.008
6019.62191 16.293 0.008
6022.61688 16.164 0.008
6023.58921 16.116 0.007
6024.61199 16.107 0.008
6033.57699 16.113 0.008
6035.55090 16.162 0.008
6037.54508 16.278 0.008
6038.55107 16.290 0.009
6039.55558 16.277 0.009
6040.54283 16.219 0.008
6042.54108 16.137 0.008
6047.53247 16.286 0.008
6048.51653 16.272 0.008
6049.52484 16.252 0.008
6052.51670 16.118 0.008
6056.50981 16.261 0.008
6059.50592 16.265 0.008
6068.47693 16.275 0.008
6080.46509 16.191 0.009
6149.91508 16.243 0.008
6160.92857 16.275 0.008
6173.90661 16.215 0.008
6183.90555 16.220 0.007
6185.88273 16.123 0.007
6196.81498 16.149 0.007
6199.86674 16.295 0.008
6202.87051 16.252 0.008
6207.85324 16.175 0.008
6208.85353 16.236 0.008
6214.85564 16.154 0.008
6216.88463 16.115 0.008
6218.85820 16.234 0.007
6220.76380 16.265 0.008
6223.82416 16.177 0.007
6226.78419 16.148 0.007
6230.80086 16.290 0.010
6233.85480 16.171 0.007
6236.87082 16.125 0.008
6241.84916 16.265 0.008
6244.85835 16.130 0.007
6248.82582 16.269 0.007
6251.81639 16.251 0.006
6254.76205 16.102 0.006
6257.84277 16.204 0.007
6262.77887 16.181 0.006
6265.84378 16.107 0.006
6269.81917 16.292 0.008
6275.82381 16.101 0.006
6280.77651 16.273 0.007
6284.83951 16.118 0.006
6288.74748 16.283 0.007
6292.81706 16.193 0.007
6297.76440 16.262 0.008
6303.77167 16.124 0.006
6308.78043 16.282 0.007
6318.68626 16.290 0.007
6321.71574 16.182 0.007
6322.68753 16.126 0.007
6338.63811 16.264 0.006
6355.56468 16.260 0.006
6361.61242 16.130 0.006
6369.59033 16.212 0.006
6375.58726 16.235 0.007
6382.55340 16.101 0.006
6390.54615 16.138 0.006
6399.49203 16.173 0.007
6510.93029 16.291 0.008
6521.91575 16.239 0.007
6534.91206 16.114 0.006
6537.89250 16.256 0.008
6552.85449 16.151 0.006
6568.87062 16.290 0.007
6575.86780 16.163 0.006
6582.81132 16.144 0.006
6586.76500 16.256 0.007
6595.79814 16.199 0.006
6607.80546 16.285 0.007
6614.75616 16.154 0.006
6618.81181 16.277 0.007
6627.78721 16.278 0.006
6637.83971 16.278 0.006
6644.81775 16.149 0.006
6650.79298 16.203 0.006
6654.78686 16.159 0.006
6659.70149 16.205 0.006
6663.76885 16.114 0.006
6663.78703 16.121 0.006
6668.79023 16.262 0.006
6674.73138 16.185 0.008
6680.79457 16.205 0.007
6685.74675 16.240 0.007
6693.67201 16.165 0.006
6698.71878 16.244 0.008
6703.68284 16.165 0.008
6708.68623 16.220 0.006
6712.68648 16.124 0.007
6715.67709 16.284 0.007
6729.66976 16.161 0.007
6741.63661 16.113 0.006
6874.94013 16.147 0.009
6884.91247 16.151 0.007
6909.91543 16.226 0.009
6921.85017 16.136 0.007
6928.81195 16.231 0.007
6936.81749 16.281 0.007
6939.82614 16.194 0.008
6949.84354 16.210 0.007
6955.81883 16.278 0.007
6961.86882 16.138 0.007
6967.80317 16.267 0.008
6973.78225 16.187 0.007
6978.76330 16.212 0.007
6984.75718 16.258 0.007
6990.76355 16.120 0.008
6995.78323 16.286 0.007
7000.81980 16.134 0.007
7004.82881 16.231 0.007
7008.80048 16.225 0.007
7012.75707 16.141 0.007
7015.77775 16.281 0.007
7019.77855 16.162 0.007
7023.78702 16.195 0.008
7026.77849 16.262 0.007
7030.79086 16.123 0.007
7034.74489 16.271 0.008
7038.77002 16.204 0.007
7042.76420 16.151 0.006
7048.74648 16.176 0.007
7053.71487 16.245 0.008
7057.67787 16.209 0.007
7057.71049 16.213 0.008
7058.70024 16.172 0.008
7059.66916 16.123 0.007
7060.67342 16.123 0.007
7061.70167 16.135 0.008
7062.69298 16.194 0.007
7062.70547 16.184 0.007
7063.65130 16.268 0.008
7064.69743 16.274 0.007
7065.69975 16.276 0.008
7066.69550 16.244 0.007
7067.72784 16.226 0.007
7068.68967 16.154 0.007
7069.69314 16.119 0.007
7075.68930 16.262 0.007
7080.64001 16.111 0.008
7082.62869 16.232 0.008
7085.64435 16.256 0.008
7088.62561 16.129 0.007
7091.62771 16.168 0.007
7098.61034 16.127 0.006
7104.59890 16.266 0.006
7111.59664 16.192 0.007
7114.57018 16.242 0.007
7117.57322 16.146 0.007
7120.57054 16.157 0.008
7127.54950 16.141 0.007
7132.55692 16.266 0.008
7135.53986 16.209 0.007
7139.52515 16.135 0.007
7142.50300 16.268 0.007
7282.89351 16.142 0.007
7291.89369 16.108 0.007
7294.85652 16.271 0.008
7299.86498 16.145 0.007
7306.82493 16.260 0.007
7312.81917 16.183 0.008
7324.75622 16.281 0.008
7341.73523 16.179 0.007
7346.76261 16.232 0.007
7355.72038 16.257 0.007
7366.75021 16.217 0.007
7374.85305 16.282 0.007
7377.84026 16.211 0.007
7382.73888 16.248 0.008
7386.71922 16.192 0.006
7389.76209 16.107 0.007
7398.71666 16.114 0.007
7402.77325 16.223 0.006
7405.74673 16.254 0.007
7409.71569 16.103 0.008
7413.70540 16.282 0.008
7425.69928 16.222 0.007
7429.66631 16.111 0.006
7436.64226 16.153 0.007
7441.64891 16.232 0.007
7445.62803 16.198 0.007
7450.63110 16.191 0.007
7457.60209 16.110 0.006
7463.60282 16.264 0.006
7467.56364 16.102 0.007
7471.59467 16.263 0.008
7475.56854 16.170 0.007
7487.51518 16.115 0.008
7495.49235 16.131 0.008
7508.47943 16.161 0.006
