5261.69683 15.805 0.007
5262.69187 15.801 0.007
5264.66264 15.557 0.007
5265.65890 15.795 0.007
5266.65257 15.832 0.007
5268.52119 15.578 0.007
5269.61668 15.770 0.007
5270.61823 15.848 0.007
5271.62548 15.739 0.007
5273.61372 15.677 0.007
5275.61312 15.786 0.006
5279.59540 15.800 0.007
5281.60260 15.562 0.006
5284.59596 15.718 0.007
5287.57725 15.833 0.007
5290.53022 15.629 0.007
5292.58321 15.789 0.006
5293.57899 15.674 0.007
5295.57343 15.792 0.007
5296.61043 15.843 0.007
5297.57820 15.713 0.006
5299.55733 15.724 0.007
5301.58124 15.769 0.007
5305.50947 15.762 0.007
5306.54465 15.630 0.007
5308.56724 15.797 0.008
5310.57285 15.702 0.007
5311.57130 15.601 0.008
5315.53710 15.572 0.007
5322.48436 15.808 0.007
5323.52035 15.671 0.007
5324.51847 15.559 0.007
5325.51820 15.784 0.008
5326.52589 15.828 0.007
5328.51356 15.586 0.007
5337.51514 15.549 0.006
5342.50655 15.698 0.008
5436.88912 15.779 0.006
5443.90536 15.755 0.006
5445.90615 15.732 0.006
5451.87856 15.586 0.007
5455.87406 15.558 0.005
5455.90604 15.555 0.006
5457.82095 15.830 0.006
5462.82607 15.748 0.007
5467.90122 15.678 0.008
5468.87287 15.545 0.006
5470.86506 15.821 0.006
5473.84751 15.726 0.006
5477.85232 15.625 0.006
5478.87263 15.832 0.006
5480.87907 15.677 0.006
5482.80050 15.842 0.006
5483.81293 15.825 0.007
5485.83637 15.570 0.006
5486.83624 15.758 0.006
5487.84005 15.821 0.006
5489.78359 15.572 0.006
5490.82586 15.650 0.006
5491.80775 15.837 0.007
5493.77226 15.609 0.006
5495.85360 15.778 0.006
5497.78083 15.668 0.007
5503.87395 15.576 0.006
5509.73626 15.779 0.006
5511.76023 15.573 0.006
5513.75827 15.819 0.006
5515.72339 15.551 0.006
5517.73946 15.832 0.007
5521.85159 15.804 0.006
5523.84080 15.691 0.007
5526.79151 15.827 0.006
5528.73684 15.556 0.006
5529.81101 15.702 0.006
5530.82774 15.848 0.006
5531.71634 15.717 0.006
5532.84667 15.636 0.006
5533.85445 15.579 0.006
5535.74304 15.774 0.006
5542.81734 15.690 0.006
5544.81565 15.773 0.006
5546.78006 15.628 0.006
5548.84284 15.810 0.006
5550.84029 15.546 0.006
5554.85049 15.594 0.006
5556.85943 15.852 0.007
5558.83086 15.640 0.006
5559.84746 15.584 0.006
5560.85988 15.838 0.007
5562.85844 15.701 0.007
5563.81869 15.553 0.006
5565.84702 15.825 0.007
5566.84096 15.710 0.007
5569.79617 15.842 0.007
5571.73158 15.574 0.006
5572.84986 15.579 0.006
5573.85870 15.830 0.007
5575.85941 15.703 0.007
5578.81655 15.825 0.007
5579.85050 15.725 0.007
5580.79750 15.575 0.006
5581.80296 15.762 0.008
5582.82896 15.848 0.007
5583.79738 15.747 0.007
5585.71703 15.726 0.006
5589.78448 15.576 0.006
5590.77550 15.820 0.006
5591.79111 15.822 0.007
5592.77997 15.685 0.006
5593.74017 15.545 0.006
5594.78973 15.738 0.007
5595.77051 15.826 0.006
5597.72115 15.551 0.005
5599.77645 15.841 0.006
5602.77954 15.561 0.006
5604.78156 15.832 0.007
5606.76428 15.554 0.006
5607.75628 15.806 0.007
5611.75617 15.721 0.007
5614.71681 15.598 0.006
5615.72922 15.631 0.007
5623.65189 15.559 0.006
5624.65175 15.804 0.007
5629.66131 15.846 0.007
5631.61986 15.607 0.006
5632.64009 15.631 0.006
5634.63026 15.789 0.007
5638.62200 15.816 0.007
5640.58739 15.582 0.007
5644.58960 15.579 0.006
5646.55980 15.834 0.006
5648.57786 15.619 0.006
5650.59297 15.840 0.006
5652.61631 15.695 0.006
5653.61144 15.549 0.006
5654.61805 15.777 0.007
5656.60388 15.735 0.006
5657.60471 15.580 0.006
5660.61348 15.778 0.006
5666.55193 15.560 0.006
5669.53478 15.699 0.007
5671.58264 15.687 0.007
5674.58840 15.625 0.006
5675.58036 15.613 0.006
5677.57982 15.804 0.007
5678.56247 15.667 0.005
5683.54330 15.553 0.006
5685.54623 15.841 0.007
5687.53932 15.590 0.006
5691.51854 15.614 0.007
5694.53545 15.832 0.008
5695.52976 15.686 0.007
5696.52435 15.542 0.008
5697.51491 15.797 0.007
5699.52647 15.740 0.008
5700.50791 15.581 0.007
5708.48175 15.663 0.007
5709.49480 15.561 0.006
5787.93335 15.714 0.007
5802.91047 15.746 0.007
5805.90379 15.576 0.005
5812.91134 15.827 0.007
5816.88161 15.841 0.006
5819.89710 15.695 0.006
5822.87711 15.613 0.006
5824.88905 15.840 0.006
5826.83455 15.644 0.006
5829.82776 15.829 0.006
5831.86349 15.566 0.005
5833.83701 15.850 0.006
5835.84900 15.618 0.006
5836.85152 15.636 0.006
5839.86530 15.679 0.006
5854.85490 15.822 0.006
5857.86361 15.560 0.006
5860.87078 15.755 0.006
5863.86768 15.849 0.006
5864.78232 15.767 0.006
5866.84580 15.583 0.006
5869.84954 15.693 0.005
5870.79193 15.563 0.005
5871.86076 15.745 0.006
5873.86434 15.739 0.006
5875.78488 15.713 0.006
5879.79980 15.624 0.007
5882.84516 15.693 0.006
5883.82924 15.569 0.006
5885.84929 15.832 0.006
5889.74631 15.822 0.006
5891.77374 15.604 0.005
5892.84216 15.584 0.006
5893.81145 15.840 0.006
5895.84883 15.690 0.006
5897.83452 15.789 0.006
5898.83470 15.831 0.006
5899.83135 15.709 0.006
5900.74863 15.549 0.005
5901.71908 15.798 0.006
5902.83211 15.852 0.006
5903.84931 15.761 0.006
5904.83499 15.620 0.005
5905.84012 15.592 0.006
5906.83329 15.832 0.006
5907.83708 15.801 0.006
5908.83170 15.666 0.006
5909.83976 15.557 0.006
5910.84299 15.796 0.006
5911.77336 15.831 0.006
5912.80997 15.706 0.006
5913.79826 15.565 0.005
5914.80532 15.748 0.006
5915.81407 15.806 0.006
5916.81797 15.745 0.006
5917.81130 15.606 0.006
5921.81992 15.652 0.006
5922.83258 15.563 0.005
5923.81331 15.802 0.006
5924.82772 15.818 0.006
5925.84914 15.710 0.006
5926.83648 15.574 0.006
5927.82741 15.707 0.006
5929.80209 15.744 0.006
5930.86596 15.637 0.006
5931.79727 15.660 0.006
5932.82230 15.842 0.006
5933.84853 15.813 0.007
5934.85240 15.686 0.006
5937.79767 15.820 0.007
5938.81482 15.698 0.006
5939.81803 15.565 0.006
5940.83438 15.718 0.006
5941.81892 15.835 0.006
5942.84221 15.765 0.006
5943.81837 15.592 0.006
5944.80894 15.645 0.005
5945.80843 15.844 0.006
5947.79603 15.637 0.006
5948.78596 15.582 0.005
5949.80050 15.825 0.006
5950.67465 15.757 0.006
5951.70130 15.640 0.006
5952.76281 15.563 0.005
5953.72249 15.817 0.006
5954.77421 15.829 0.005
5955.79111 15.726 0.006
5956.79024 15.579 0.005
5958.77795 15.853 0.006
5959.76291 15.770 0.006
5960.73443 15.603 0.005
5961.73683 15.645 0.005
5962.73807 15.847 0.007
5963.63385 15.747 0.006
5964.72639 15.677 0.007
5965.59431 15.674 0.006
5967.66853 15.806 0.006
5968.68852 15.694 0.006
5969.74215 15.572 0.006
5970.70886 15.757 0.006
5971.75686 15.829 0.006
5972.75116 15.761 0.006
5973.71892 15.585 0.005
5974.73980 15.627 0.005
5976.73912 15.807 0.006
5977.72011 15.644 0.006
5978.73067 15.564 0.005
5979.58259 15.851 0.006
5981.70586 15.692 0.006
5982.73194 15.555 0.005
5983.73711 15.753 0.005
5984.70639 15.846 0.006
5985.59201 15.675 0.006
5986.73318 15.603 0.005
5987.72572 15.681 0.006
5990.68446 15.617 0.006
5991.71612 15.574 0.007
5992.71453 15.822 0.007
5993.68215 15.804 0.007
5994.70458 15.679 0.007
5995.70870 15.543 0.006
5996.68528 15.803 0.008
5997.68589 15.827 0.007
5998.69905 15.723 0.006
6000.67782 15.708 0.006
6001.66014 15.854 0.006
6002.68032 15.762 0.006
6003.59474 15.578 0.006
6004.67263 15.621 0.006
6005.66513 15.852 0.006
6006.60656 15.763 0.006
6007.64658 15.648 0.006
6009.67327 15.813 0.006
6010.63564 15.823 0.008
6011.63486 15.696 0.006
6012.66424 15.576 0.006
6013.61707 15.778 0.006
6014.59457 15.832 0.006
6015.59817 15.718 0.006
6016.65062 15.601 0.005
6017.61008 15.696 0.006
6018.63084 15.841 0.007
6019.64196 15.774 0.006
6020.63721 15.630 0.006
6021.63989 15.588 0.006
6022.63657 15.823 0.007
6023.62418 15.807 0.006
6024.63142 15.680 0.006
6025.61598 15.555 0.006
6026.62328 15.803 0.007
6028.53386 15.693 0.006
6033.59686 15.626 0.006
6035.58716 15.836 0.006
6036.56384 15.784 0.006
6037.58115 15.663 0.007
6038.57017 15.564 0.006
6039.59178 15.826 0.007
6040.56191 15.819 0.006
6042.56012 15.543 0.006
6047.55151 15.665 0.006
6048.55474 15.835 0.006
6049.54390 15.783 0.006
6052.53717 15.846 0.007
6055.53098 15.564 0.006
6058.51701 15.708 0.006
6062.49794 15.762 0.007
6067.50397 15.640 0.006
6070.50112 15.826 0.007
6080.48415 15.645 0.007
6085.46926 15.558 0.006
6158.89798 15.807 0.006
6172.91357 15.678 0.006
6196.85158 15.831 0.006
6200.86890 15.829 0.007
6203.87498 15.560 0.006
6208.88631 15.629 0.007
6216.87343 15.553 0.005
6220.80429 15.570 0.005
6223.81285 15.733 0.006
6225.83409 15.617 0.006
6225.84939 15.598 0.005
6225.86515 15.592 0.006
6230.77377 15.823 0.007
6234.86098 15.679 0.005
6239.83261 15.853 0.006
6243.85855 15.814 0.006
6245.82131 15.698 0.005
6249.77763 15.713 0.005
6252.78126 15.853 0.006
6255.78396 15.589 0.005
6258.76495 15.656 0.007
6264.82002 15.677 0.006
6268.82283 15.590 0.006
6273.83612 15.755 0.006
6277.81359 15.672 0.005
6281.83148 15.555 0.005
6286.76570 15.801 0.006
6290.77153 15.734 0.006
6294.84281 15.594 0.005
6298.80545 15.567 0.006
6304.80364 15.856 0.006
6310.70677 15.627 0.005
6317.72572 15.838 0.006
6340.66091 15.626 0.005
6344.59913 15.648 0.005
6348.64087 15.716 0.006
6356.59826 15.786 0.006
6362.55202 15.561 0.005
6370.60208 15.651 0.006
6376.58471 15.789 0.007
6386.54897 15.802 0.006
6395.51188 15.731 0.006
6403.49058 15.809 0.006
6516.91451 15.860 0.007
6522.87860 15.702 0.006
6537.91154 15.790 0.006
6552.87359 15.709 0.005
6572.82367 15.855 0.005
6582.84749 15.724 0.005
6586.80583 15.751 0.006
6593.83253 15.810 0.007
6609.77384 15.561 0.005
6614.78349 15.662 0.005
6618.83758 15.541 0.005
6627.83816 15.609 0.005
6633.81696 15.819 0.006
6640.81693 15.630 0.005
6646.81786 15.837 0.006
6649.79337 15.782 0.005
6651.76280 15.723 0.005
6654.80617 15.844 0.006
6659.73789 15.788 0.005
6662.81931 15.768 0.006
6669.82480 15.644 0.006
6674.80805 15.532 0.006
6679.80495 15.680 0.006
6682.71480 15.567 0.005
6688.74422 15.844 0.005
6695.72240 15.577 0.005
6700.68991 15.622 0.005
6703.65647 15.652 0.006
6708.72672 15.591 0.005
6711.71549 15.771 0.006
6714.67382 15.857 0.007
6722.63311 15.791 0.005
6739.63959 15.690 0.005
6888.92119 15.835 0.007
6904.88574 15.676 0.006
6919.85556 15.765 0.006
6919.86545 15.773 0.006
6925.84826 15.569 0.006
6929.89664 15.598 0.006
6937.82246 15.646 0.006
6941.84269 15.693 0.007
6953.77362 15.807 0.006
6958.86307 15.743 0.006
6965.78131 15.849 0.006
6970.82254 15.846 0.007
6977.72240 15.702 0.006
6985.85234 15.592 0.006
6990.78301 15.655 0.007
6995.84246 15.783 0.006
7000.83915 15.855 0.007
7006.75167 15.626 0.006
7009.82413 15.826 0.006
7012.85418 15.702 0.006
7016.81668 15.641 0.006
7020.82119 15.573 0.006
7024.78796 15.569 0.006
7029.75785 15.710 0.006
7032.81472 15.658 0.006
7034.80353 15.814 0.006
7040.78781 15.729 0.006
7044.77443 15.768 0.006
7047.76838 15.836 0.006
7051.76199 15.801 0.006
7056.72814 15.825 0.006
7061.73544 15.780 0.007
7069.73294 15.823 0.006
7076.68582 15.624 0.006
7080.65956 15.577 0.006
7082.67419 15.816 0.007
7085.68090 15.701 0.006
7091.64726 15.782 0.006
7097.61286 15.564 0.005
7102.62663 15.689 0.007
7111.61605 15.781 0.006
7113.58784 15.709 0.006
7115.60666 15.716 0.006
7118.59144 15.601 0.006
7126.55578 15.696 0.006
7130.56588 15.731 0.006
7134.53067 15.783 0.007
7139.54423 15.665 0.006
7142.52229 15.824 0.006
7286.89567 15.825 0.007
7292.88536 15.591 0.006
7295.85658 15.767 0.006
7302.86600 15.782 0.006
7308.84927 15.778 0.006
7318.79246 15.562 0.006
7325.79599 15.784 0.006
7338.78470 15.776 0.007
7342.75441 15.804 0.006
7348.72689 15.570 0.006
7355.80170 15.820 0.006
7366.78825 15.611 0.006
7372.85510 15.826 0.006
7373.76850 15.726 0.006
7376.85885 15.838 0.008
7381.74490 15.777 0.006
7384.71199 15.821 0.006
7387.77558 15.578 0.006
7390.77886 15.759 0.006
7398.75811 15.831 0.007
7402.79346 15.837 0.006
7405.76688 15.647 0.006
7409.73574 15.613 0.006
7413.72953 15.588 0.006
7415.74927 15.830 0.007
7424.71775 15.808 0.006
7428.69323 15.815 0.006
7433.68948 15.756 0.006
7437.68331 15.789 0.006
7442.65841 15.702 0.006
7445.64750 15.844 0.006
7450.65038 15.767 0.006
7456.64157 15.594 0.006
7463.62935 15.766 0.006
7470.56907 15.828 0.007
7474.59209 15.746 0.006
7481.54862 15.639 0.006
7492.50054 15.840 0.006
