5260.61208 15.995 0.008
5261.52711 16.022 0.008
5262.62377 15.983 0.007
5263.60456 15.993 0.007
5265.52131 16.062 0.008
5266.58619 15.940 0.008
5267.59850 16.056 0.008
5268.58219 15.926 0.008
5269.55139 16.083 0.008
5270.56855 15.901 0.007
5271.56038 16.093 0.008
5273.54931 16.083 0.008
5274.58031 15.879 0.007
5275.56377 16.090 0.008
5276.55943 15.874 0.007
5279.54784 16.084 0.008
5280.54614 15.895 0.007
5281.52305 16.051 0.008
5282.54200 15.887 0.007
5283.49365 16.027 0.008
5286.52310 15.902 0.007
5288.53977 15.901 0.008
5291.53128 15.987 0.008
5294.56308 15.970 0.008
5295.48426 15.947 0.008
5296.57425 15.984 0.008
5298.55491 16.010 0.008
5301.51503 15.905 0.008
5306.51249 16.068 0.008
5307.54054 15.892 0.008
5310.54063 16.096 0.008
5313.48974 15.879 0.008
5314.50442 16.040 0.009
5321.46662 15.939 0.008
5323.48600 15.940 0.007
5324.48514 15.970 0.008
5326.49306 15.974 0.007
5328.48606 15.960 0.008
5337.48054 16.067 0.008
5341.48053 16.081 0.008
5430.90168 15.877 0.007
5439.91101 16.035 0.008
5445.84384 15.961 0.007
5449.82877 15.943 0.007
5453.88383 15.923 0.007
5455.85740 15.902 0.006
5457.90050 15.907 0.006
5462.89661 16.075 0.007
5465.85929 15.886 0.008
5468.82605 16.070 0.008
5470.79851 16.035 0.007
5471.84886 15.883 0.007
5473.77695 15.944 0.007
5477.75274 15.968 0.006
5478.79317 15.995 0.007
5481.73239 16.014 0.007
5482.78315 15.960 0.008
5484.77724 15.933 0.007
5485.78662 16.046 0.007
5486.87200 15.940 0.008
5487.86868 16.042 0.007
5488.87760 15.944 0.007
5490.72862 15.899 0.007
5491.74911 16.080 0.007
5492.77166 15.881 0.007
5493.79399 16.083 0.008
5494.83870 15.882 0.007
5495.79588 16.085 0.007
5496.79368 15.878 0.008
5497.82386 16.073 0.008
5499.73086 16.056 0.008
5502.80103 15.867 0.006
5503.75627 16.045 0.007
5505.72593 16.026 0.008
5506.74342 15.895 0.006
5507.76156 16.013 0.006
5509.66992 15.976 0.007
5510.72585 15.946 0.007
5511.70205 15.964 0.007
5512.74509 15.956 0.007
5513.71541 15.968 0.007
5514.74796 15.977 0.007
5515.66521 15.942 0.007
5516.75077 15.999 0.007
5517.66390 15.920 0.007
5518.76029 16.009 0.008
5519.68670 15.914 0.008
5521.70358 15.905 0.007
5522.72870 16.061 0.008
5523.69339 15.903 0.007
5524.70184 16.059 0.007
5525.73492 15.890 0.006
5526.68694 16.068 0.007
5527.76769 15.889 0.006
5528.70872 16.059 0.007
5529.68905 15.866 0.007
5530.69627 16.049 0.007
5531.77945 15.871 0.006
5532.68758 16.057 0.007
5533.71092 15.861 0.007
5534.74245 16.051 0.007
5535.71927 15.869 0.006
5536.72193 16.047 0.007
5539.73217 15.894 0.007
5540.81633 16.037 0.007
5541.68249 15.919 0.007
5542.74089 16.009 0.007
5543.77244 15.895 0.007
5544.75993 16.012 0.007
5545.74919 15.938 0.007
5546.69886 15.972 0.007
5547.75866 15.941 0.007
5548.71991 15.961 0.007
5549.68477 16.012 0.008
5550.73863 15.949 0.007
5551.69615 16.024 0.007
5553.74219 16.029 0.007
5554.67552 15.926 0.008
5556.69012 15.904 0.007
5557.67129 16.076 0.007
5558.67217 15.891 0.008
5559.66238 16.077 0.008
5560.65405 15.865 0.006
5561.68764 16.064 0.008
5562.70721 15.869 0.006
5563.64116 16.080 0.008
5565.67248 16.062 0.007
5566.69973 15.868 0.006
5568.72006 15.866 0.007
5569.71460 16.039 0.008
5570.75414 15.866 0.007
5571.68515 16.058 0.007
5572.80236 15.869 0.007
5575.70666 16.018 0.007
5576.68086 15.932 0.006
5577.68280 16.005 0.007
5578.68942 15.929 0.007
5579.73955 15.993 0.008
5580.68437 15.946 0.006
5581.68620 15.981 0.007
5582.69350 15.971 0.007
5583.70026 15.966 0.007
5584.68628 15.997 0.007
5585.68616 15.953 0.007
5586.64993 16.042 0.007
5587.63206 15.936 0.007
5588.73601 16.018 0.006
5589.64207 15.910 0.006
5591.67939 15.899 0.006
5592.66164 16.060 0.007
5593.64462 15.900 0.007
5594.66082 16.086 0.008
5595.63948 15.874 0.006
5596.70262 16.075 0.007
5597.62009 15.870 0.006
5599.65001 15.882 0.007
5600.68275 16.067 0.007
5601.66239 15.877 0.006
5602.66109 16.062 0.007
5603.66986 15.880 0.007
5604.67026 16.059 0.008
5605.67209 15.874 0.006
5606.68346 16.044 0.007
5607.69487 15.889 0.007
5608.68173 16.028 0.008
5609.71347 15.891 0.007
5611.64403 15.925 0.008
5612.69654 16.014 0.008
5613.65974 15.949 0.007
5614.65167 15.995 0.007
5615.64546 15.954 0.007
5616.65422 15.982 0.007
5622.63936 15.942 0.007
5623.60224 16.085 0.007
5624.54332 15.908 0.007
5625.63499 16.060 0.007
5626.59609 15.909 0.007
5627.56082 16.076 0.007
5629.60103 16.073 0.007
5630.61247 15.893 0.007
5632.56058 15.867 0.007
5633.60958 16.056 0.007
5634.57000 15.875 0.007
5635.57433 16.059 0.008
5638.57893 15.884 0.008
5639.58918 16.045 0.008
5640.52815 15.920 0.008
5641.55582 16.019 0.007
5642.50407 15.903 0.006
5643.50183 16.001 0.007
5644.50457 15.954 0.007
5645.50332 15.980 0.008
5646.51630 15.958 0.007
5647.51826 15.954 0.007
5648.51896 15.996 0.007
5649.53370 15.966 0.007
5650.51412 16.004 0.007
5651.52004 15.924 0.006
5652.51499 16.028 0.007
5653.54507 15.954 0.007
5654.55360 16.039 0.007
5655.54476 15.912 0.007
5656.55366 16.049 0.007
5657.51361 15.898 0.007
5659.51292 15.877 0.007
5660.55829 16.068 0.007
5664.49248 16.065 0.008
5665.50772 15.866 0.008
5666.50453 16.071 0.008
5667.48671 15.895 0.007
5668.49223 16.061 0.008
5669.48627 15.864 0.007
5670.53773 16.050 0.008
5672.48304 16.041 0.007
5674.49107 16.028 0.007
5675.48394 15.920 0.007
5676.53920 16.033 0.005
5677.48066 15.917 0.007
5678.51485 15.992 0.007
5679.48249 15.951 0.007
5680.53055 15.991 0.008
5681.49457 15.973 0.008
5682.49469 16.004 0.008
5683.49925 15.978 0.007
5684.50408 15.952 0.007
5685.47581 16.031 0.008
5686.47670 15.928 0.006
5687.47885 16.045 0.008
5691.47038 16.063 0.008
5692.51999 15.884 0.008
5694.48701 15.885 0.007
5695.47144 16.079 0.008
5696.47981 15.869 0.008
5697.46974 16.070 0.008
5699.47928 16.064 0.009
5700.47086 15.859 0.008
5702.46774 15.873 0.008
5706.46744 15.886 0.008
5709.45452 16.010 0.007
5784.92782 15.889 0.007
5795.93380 16.012 0.008
5803.87913 15.960 0.007
5805.84359 15.938 0.007
5806.89458 16.028 0.007
5809.85582 15.916 0.006
5810.85893 16.063 0.007
5812.85176 16.081 0.007
5814.90081 16.083 0.008
5815.88020 15.886 0.006
5816.85434 16.059 0.008
5817.85603 15.891 0.006
5818.88402 16.075 0.007
5819.83801 15.876 0.007
5820.90545 16.085 0.007
5822.82566 16.069 0.007
5823.90054 15.875 0.007
5824.82250 16.038 0.007
5825.81075 15.886 0.006
5826.85926 16.032 0.007
5827.85322 15.892 0.006
5828.87942 16.031 0.007
5829.85281 15.902 0.006
5830.84439 16.019 0.006
5831.83607 15.935 0.006
5832.82548 16.000 0.006
5833.80984 15.950 0.007
5834.81078 15.977 0.006
5835.87068 15.962 0.007
5836.77722 15.941 0.006
5837.85653 15.997 0.007
5839.83820 16.028 0.007
5840.82117 15.932 0.006
5841.81873 16.045 0.007
5842.83634 15.909 0.008
5843.85181 16.057 0.007
5845.86683 16.042 0.008
5846.82727 15.886 0.008
5850.79117 15.855 0.006
5851.80020 16.084 0.007
5853.85371 16.079 0.008
5854.75900 15.873 0.006
5855.82871 16.065 0.006
5856.80026 15.890 0.007
5858.83450 15.889 0.008
5859.80301 16.037 0.007
5860.78809 15.884 0.007
5861.79709 16.027 0.007
5863.79902 16.014 0.006
5864.70756 15.952 0.006
5865.77715 15.994 0.007
5866.80127 15.953 0.006
5867.74019 15.973 0.007
5868.84166 15.949 0.006
5869.80716 15.976 0.006
5870.74697 16.021 0.007
5871.73306 15.950 0.006
5872.74243 16.021 0.006
5873.73765 15.941 0.006
5874.77120 16.031 0.007
5875.70714 15.904 0.007
5878.76378 16.065 0.008
5879.69219 15.880 0.007
5880.74365 16.095 0.007
5881.73021 15.898 0.006
5882.76100 16.072 0.007
5883.76494 15.875 0.007
5885.69624 15.887 0.008
5886.73232 16.075 0.008
5887.80469 15.869 0.006
5888.79336 16.081 0.007
5889.83553 15.869 0.006
5890.76905 16.077 0.007
5891.72775 15.873 0.006
5892.74550 16.052 0.007
5893.76360 15.889 0.006
5894.78707 16.035 0.007
5895.80416 15.882 0.007
5896.78722 16.015 0.007
5897.73403 15.903 0.006
5898.71620 16.009 0.007
5899.77539 15.917 0.006
5900.72501 16.008 0.007
5901.77432 15.938 0.007
5902.72557 15.979 0.008
5903.78076 15.949 0.007
5904.75538 15.971 0.006
5905.72941 16.003 0.007
5906.74130 15.950 0.007
5907.71937 16.030 0.007
5908.74468 15.921 0.007
5909.78921 16.036 0.007
5910.70200 15.920 0.006
5911.73382 16.054 0.007
5912.75429 15.912 0.006
5913.72628 16.060 0.006
5914.74888 15.905 0.006
5915.70593 16.077 0.006
5916.75977 15.889 0.006
5917.72343 16.091 0.007
5922.74047 15.884 0.006
5923.71671 16.041 0.006
5924.69801 15.887 0.006
5925.71205 16.055 0.007
5926.72384 15.898 0.006
5927.72285 16.043 0.007
5929.69701 16.027 0.007
5930.84218 15.894 0.005
5931.66351 16.003 0.007
5932.66076 15.952 0.006
5933.71121 15.982 0.007
5934.70726 15.956 0.006
5935.65826 15.976 0.008
5936.65239 15.978 0.007
5937.68210 15.963 0.006
5938.68290 16.000 0.007
5939.72665 15.957 0.006
5940.76259 16.001 0.007
5941.76254 15.948 0.007
5942.78734 16.008 0.007
5943.74476 15.931 0.007
5944.73765 16.035 0.006
5945.71791 15.913 0.006
5946.65777 16.074 0.006
5946.77413 16.044 0.008
5947.72473 15.905 0.007
5948.71354 16.081 0.007
5949.72972 15.889 0.007
5950.65071 16.058 0.007
5951.67608 15.874 0.006
5952.70068 16.076 0.006
5953.69863 15.874 0.006
5954.69616 16.081 0.006
5955.71878 15.863 0.006
5956.71884 16.079 0.007
5958.73603 16.076 0.007
5959.70801 15.873 0.006
5960.71005 16.032 0.006
5961.64177 15.889 0.006
5962.64269 16.026 0.008
5963.60940 15.905 0.007
5964.62137 16.022 0.008
5965.62031 15.933 0.006
5967.64246 15.941 0.007
5968.64256 15.986 0.007
5969.61858 15.963 0.006
5970.59607 15.957 0.006
5971.68895 15.982 0.006
5972.67533 15.964 0.006
5973.65839 16.003 0.006
5974.61345 15.929 0.007
5976.64758 15.924 0.007
5977.68115 16.036 0.007
5978.65758 15.928 0.006
5979.60775 16.104 0.007
5980.62342 15.891 0.006
5981.64690 16.072 0.007
5982.65280 15.892 0.006
5983.69544 16.095 0.006
5984.63446 15.889 0.006
5985.66680 16.072 0.008
5986.59657 15.857 0.006
5987.67204 16.085 0.007
5988.63852 15.873 0.006
5989.60245 16.071 0.007
5990.59597 15.900 0.008
5991.67099 16.096 0.008
5992.63123 15.871 0.007
5993.58812 16.042 0.007
5994.53128 15.901 0.007
5994.58679 15.888 0.007
5994.67618 15.872 0.006
5995.52628 16.007 0.007
5995.63451 16.064 0.008
5995.67544 16.060 0.008
5996.51004 15.914 0.006
5996.60457 15.908 0.007
5996.65397 15.891 0.007
5997.50765 15.987 0.006
5997.60677 16.012 0.007
5997.66206 16.029 0.007
5998.51776 15.946 0.008
5998.60511 15.897 0.007
5998.66551 15.889 0.006
5999.53425 15.983 0.006
5999.64584 16.013 0.006
6000.49456 15.974 0.008
6000.62121 15.934 0.006
6000.65795 15.924 0.006
6001.49929 15.955 0.007
6001.61270 15.991 0.007
6002.58492 15.938 0.006
6003.55102 15.967 0.007
6004.61143 15.972 0.007
6005.57910 15.969 0.007
6006.57843 16.000 0.006
6007.57677 15.938 0.006
6008.61122 16.027 0.006
6009.55236 15.938 0.007
6010.60443 16.047 0.007
6010.60790 16.047 0.007
6011.56669 15.915 0.006
6012.56578 16.063 0.007
6013.54752 15.921 0.006
6014.56646 16.078 0.007
6015.56183 15.897 0.006
6016.60247 16.068 0.006
6017.56566 15.877 0.006
6018.52105 16.096 0.007
6019.56907 15.874 0.007
6020.59158 16.076 0.007
6021.57932 15.874 0.007
6022.59081 16.065 0.008
6023.56487 15.870 0.006
6024.58770 16.072 0.008
6025.58772 15.876 0.007
6026.53401 16.045 0.008
6028.57075 16.045 0.008
6031.51612 15.919 0.008
6032.50865 15.984 0.008
6033.49621 15.940 0.007
6034.50180 15.977 0.007
6035.52719 15.948 0.007
6036.50401 15.966 0.007
6037.50371 15.966 0.008
6039.50209 15.983 0.008
6040.50440 15.944 0.007
6047.47903 16.065 0.008
6048.47777 15.888 0.007
6049.50108 16.071 0.007
6050.47667 15.879 0.007
6052.49234 15.865 0.007
6053.48938 16.084 0.008
6055.49798 16.078 0.008
6056.48496 15.854 0.007
6057.49091 16.054 0.007
6058.48851 15.881 0.006
6059.48217 16.052 0.007
6060.48492 15.886 0.007
6061.47604 16.028 0.008
6062.47009 15.909 0.007
6123.91929 15.999 0.006
6137.91725 16.080 0.007
6158.93027 16.010 0.007
6164.90457 16.070 0.007
6165.91709 15.897 0.007
6171.88289 15.890 0.006
6174.90873 16.081 0.008
6179.90889 15.863 0.007
6180.86145 16.033 0.007
6181.87565 15.901 0.006
6182.88018 16.033 0.006
6183.88189 15.913 0.006
6184.90844 16.028 0.006
6185.85816 15.941 0.006
6186.85964 16.006 0.006
6191.88524 15.990 0.006
6193.87251 16.026 0.006
6194.88948 15.950 0.006
6196.87494 15.941 0.006
6199.82391 16.098 0.008
6202.83138 15.892 0.007
6204.86650 15.892 0.006
6207.87935 16.093 0.008
6210.87804 15.875 0.006
6212.83083 15.892 0.006
6214.88201 15.883 0.008
6215.86981 16.037 0.008
6216.82866 15.889 0.006
6219.81365 15.991 0.007
6221.82694 15.998 0.007
6222.82785 15.957 0.007
6223.78496 15.956 0.006
6224.85054 15.984 0.006
6225.73253 15.929 0.007
6226.74491 16.038 0.007
6229.78745 15.923 0.007
6230.73133 16.088 0.008
6231.75614 15.903 0.007
6232.82211 16.066 0.006
6233.82864 15.891 0.006
6234.83251 16.077 0.006
6235.77990 15.889 0.006
6236.79747 16.075 0.007
6237.87349 15.894 0.007
6238.83123 16.082 0.007
6239.80526 15.886 0.006
6240.84852 16.071 0.007
6241.80217 15.868 0.006
6242.84510 16.070 0.006
6243.81347 15.884 0.006
6244.74692 16.051 0.006
6245.77074 15.868 0.006
6248.78747 16.040 0.006
6251.77809 15.923 0.006
6254.78800 15.996 0.006
6257.81637 15.962 0.006
6262.74012 15.935 0.006
6265.81213 16.052 0.006
6270.82811 15.912 0.006
6274.81975 15.889 0.006
6278.76682 15.881 0.006
6282.78965 15.896 0.006
6286.72292 15.929 0.006
6289.79225 15.986 0.006
6294.81416 15.985 0.006
6299.77069 15.917 0.006
6306.71084 16.067 0.006
6312.68525 16.059 0.006
6317.69640 15.904 0.006
6323.66962 15.975 0.006
6329.62885 16.066 0.007
6333.61969 16.074 0.006
6340.63186 15.871 0.005
6342.66092 15.876 0.006
6343.55706 16.069 0.007
6343.57565 16.054 0.006
6344.58701 15.877 0.005
6347.60194 16.046 0.006
6348.58749 15.903 0.006
6349.59420 16.043 0.006
6350.62836 15.897 0.007
6356.61938 15.968 0.006
6363.53683 15.914 0.006
6370.53397 16.059 0.006
6371.55947 15.881 0.006
6372.61022 16.087 0.006
6378.54255 16.057 0.006
6387.53480 15.962 0.006
6396.54063 15.918 0.006
6404.52576 15.859 0.006
6416.50181 15.927 0.006
6508.94118 15.957 0.009
6520.89374 16.084 0.006
6531.90489 15.864 0.005
6547.87032 16.045 0.006
6561.83840 16.062 0.006
6571.84517 15.981 0.005
6577.88575 15.993 0.006
6583.79190 15.912 0.006
6608.83220 15.989 0.005
6612.76840 15.944 0.006
6616.73025 15.906 0.006
6622.78422 15.907 0.006
6628.81187 15.871 0.005
6638.73764 15.903 0.005
6645.73519 15.973 0.006
6649.74213 15.924 0.006
6654.76225 16.075 0.006
6658.78106 16.089 0.005
6662.77068 16.079 0.006
6667.80307 15.882 0.006
6672.77562 16.024 0.007
6680.76989 15.965 0.006
6685.60079 16.085 0.006
6687.70046 16.054 0.006
6688.63346 15.890 0.006
6689.65724 16.093 0.006
6690.65253 15.870 0.005
6691.68247 16.074 0.006
6692.70444 15.883 0.005
6693.65248 16.066 0.006
6694.69634 15.877 0.005
6695.64145 16.066 0.006
6696.62902 15.880 0.006
6697.68709 16.065 0.005
6698.68745 15.874 0.006
6699.52747 16.041 0.006
6700.56083 15.918 0.006
6700.67533 15.899 0.006
6701.54847 16.023 0.006
6701.68826 16.051 0.006
6702.55854 15.935 0.007
6702.68685 15.904 0.006
6703.56915 15.994 0.007
6703.70408 16.042 0.008
6704.56548 15.955 0.006
6704.71327 15.895 0.007
6705.55867 15.966 0.005
6705.67645 16.028 0.006
6706.63584 15.948 0.005
6707.64855 15.989 0.006
6708.63842 15.973 0.005
6709.63278 15.971 0.006
6710.64215 15.983 0.006
6711.62911 15.959 0.005
6712.57972 16.049 0.005
6722.60449 16.095 0.006
6736.61575 16.008 0.007
6871.92515 15.887 0.006
6887.92303 15.905 0.006
6896.89380 15.955 0.007
6907.87656 16.078 0.007
6926.80565 15.991 0.006
6932.81429 16.058 0.007
6938.79973 16.067 0.007
6942.79721 16.083 0.007
6950.84802 16.062 0.006
6956.85084 16.011 0.006
6961.84545 15.954 0.006
6967.71687 16.078 0.008
6973.72236 16.069 0.007
6980.75931 15.867 0.006
6987.79028 16.017 0.007
6992.76244 15.935 0.006
7002.71203 16.077 0.007
7007.72335 15.862 0.006
7013.67673 15.888 0.006
7016.78242 16.061 0.006
7020.78661 16.012 0.006
7024.76022 15.999 0.007
7028.71341 15.941 0.006
7032.76778 15.925 0.006
7037.74314 16.060 0.006
7042.74073 15.871 0.006
7046.74192 15.858 0.006
7051.73248 16.046 0.006
7056.67289 15.922 0.007
7063.66028 15.950 0.006
7065.70877 15.933 0.007
7066.70444 16.007 0.006
7067.69813 15.933 0.006
7068.67397 16.060 0.006
7070.71922 16.065 0.006
7071.72546 15.900 0.006
7072.70615 16.077 0.007
7074.67195 16.102 0.008
7075.65176 15.884 0.006
7076.65689 16.082 0.007
7077.63574 15.873 0.006
7078.63559 16.083 0.008
7080.58822 16.052 0.007
7083.61499 15.872 0.006
7086.62312 16.029 0.007
7103.57196 16.081 0.006
7110.50848 15.878 0.006
7111.53144 16.056 0.007
7112.52945 15.881 0.006
7113.52461 16.065 0.007
7114.53337 15.882 0.006
7115.52767 16.047 0.007
7115.57885 16.059 0.007
7117.54457 16.050 0.007
7118.51766 15.902 0.006
7119.50458 16.011 0.007
7134.50272 16.060 0.007
7137.53264 15.892 0.006
7143.49729 15.872 0.007
7277.90426 15.995 0.008
7287.90439 15.917 0.008
7292.83697 16.086 0.007
7294.80069 16.090 0.007
7297.79889 15.867 0.006
7304.87832 16.041 0.006
7312.79572 15.955 0.006
7319.77738 16.059 0.008
7322.75003 15.866 0.006
7327.85274 16.075 0.007
7339.76112 16.008 0.006
7345.71967 15.964 0.006
7354.79650 16.071 0.007
7361.81935 15.888 0.006
7366.69191 16.057 0.006
7373.84524 15.904 0.006
7377.81717 15.929 0.006
7382.71540 15.933 0.006
7385.72885 16.045 0.007
7390.75067 15.903 0.006
7399.75528 16.086 0.008
7404.74488 15.898 0.006
7408.71800 15.919 0.006
7410.71939 15.943 0.007
7413.68210 15.955 0.007
7416.68902 16.015 0.006
7424.63143 16.081 0.006
7427.66705 15.889 0.006
7431.65789 15.867 0.006
7435.65118 15.866 0.006
7439.65726 15.905 0.006
7443.62860 15.948 0.006
7449.63431 16.058 0.007
7453.60874 16.074 0.007
7462.62344 15.860 0.005
7466.57092 15.880 0.006
7472.57769 15.909 0.007
7476.53340 15.977 0.006
7488.48721 16.071 0.007
7499.51033 15.868 0.006
7507.48254 15.951 0.006
