5261.66360 15.321 0.005
5265.62616 15.144 0.006
5268.61429 15.145 0.006
5269.58367 15.383 0.006
5270.58588 15.350 0.006
5271.59319 15.147 0.005
5273.58149 15.318 0.006
5282.57500 15.222 0.006
5290.49500 15.396 0.006
5293.49089 15.404 0.006
5299.52506 15.418 0.006
5307.48211 15.179 0.006
5321.48890 14.919 0.005
5322.49901 15.214 0.006
5326.51086 15.450 0.006
5335.49131 15.460 0.006
5342.49148 14.951 0.006
5430.93356 15.483 0.008
5443.87075 14.969 0.005
5451.84529 15.467 0.006
5457.78915 15.470 0.005
5461.86699 15.015 0.005
5465.88623 15.319 0.006
5467.86909 15.033 0.005
5470.83313 15.030 0.005
5471.88072 15.324 0.005
5477.81874 15.318 0.005
5478.84054 15.483 0.005
5481.76441 15.496 0.006
5483.79734 15.326 0.006
5484.80980 15.493 0.006
5486.79152 15.328 0.006
5487.79338 15.480 0.006
5492.78618 15.335 0.006
5499.74543 15.487 0.006
5503.77081 15.093 0.005
5505.74052 15.481 0.006
5506.75801 15.093 0.005
5507.77614 15.360 0.005
5509.68450 15.069 0.005
5510.74040 15.365 0.005
5511.71666 15.467 0.006
5512.75973 15.101 0.005
5513.73002 15.359 0.005
5514.76254 15.435 0.005
5515.67983 15.090 0.005
5516.76538 15.365 0.005
5517.67851 15.461 0.006
5518.77496 15.134 0.006
5519.70136 15.355 0.006
5521.71818 15.108 0.005
5522.74332 15.384 0.005
5523.70801 15.430 0.006
5524.71651 15.113 0.005
5525.74952 15.370 0.005
5526.70163 15.407 0.005
5527.78232 15.146 0.005
5528.72344 15.380 0.005
5529.70372 15.390 0.006
5530.71092 15.129 0.005
5531.79415 15.389 0.005
5532.70230 15.366 0.005
5533.72565 15.138 0.005
5534.75712 15.390 0.005
5535.73400 15.296 0.005
5536.73665 15.150 0.005
5539.74687 15.160 0.005
5540.83106 15.416 0.006
5541.69724 15.293 0.005
5542.75640 15.165 0.005
5543.78721 15.418 0.006
5544.77466 15.087 0.005
5545.76394 15.172 0.005
5547.77342 15.049 0.005
5548.74131 15.177 0.005
5550.75345 15.050 0.005
5551.71097 15.168 0.005
5553.75695 15.012 0.005
5557.68609 15.186 0.006
5560.66889 15.175 0.005
5561.70266 15.422 0.006
5562.72203 14.963 0.005
5563.65598 15.181 0.005
5565.68789 14.982 0.005
5566.71457 15.194 0.005
5568.73488 14.926 0.005
5569.72947 15.212 0.005
5570.76895 15.434 0.006
5571.70058 14.930 0.005
5572.81757 15.238 0.005
5575.72154 15.213 0.005
5576.69570 15.429 0.006
5577.69798 14.916 0.005
5578.70534 15.218 0.005
5579.75522 15.445 0.006
5580.69925 14.915 0.005
5581.70140 15.212 0.005
5582.70835 15.446 0.006
5583.71676 14.914 0.005
5584.70109 15.221 0.005
5585.70103 15.448 0.005
5586.66478 14.911 0.005
5587.64699 15.225 0.005
5589.65692 14.916 0.005
5591.69425 15.453 0.005
5592.67651 14.915 0.005
5594.67574 15.453 0.005
5595.65439 14.916 0.005
5597.63495 15.453 0.005
5598.70128 14.938 0.005
5600.69763 15.460 0.005
5601.67725 14.936 0.005
5602.67600 15.252 0.005
5603.68268 15.470 0.006
5604.68309 14.950 0.005
5605.68559 15.256 0.005
5606.69751 15.473 0.005
5611.65682 15.271 0.006
5613.67253 14.965 0.005
5622.65809 14.993 0.005
5623.61712 15.285 0.005
5624.55834 15.460 0.005
5626.61092 15.279 0.006
5627.57571 15.468 0.005
5629.61589 15.289 0.005
5630.62731 15.475 0.006
5632.57552 15.282 0.006
5633.62442 15.487 0.006
5634.58490 15.003 0.005
5635.58917 15.288 0.006
5638.59379 15.308 0.006
5639.56955 15.490 0.006
5640.54299 15.002 0.005
5641.57220 15.296 0.005
5642.51891 15.476 0.005
5643.51666 15.001 0.005
5644.51940 15.290 0.005
5645.51810 15.491 0.006
5646.53115 15.012 0.005
5647.53311 15.307 0.005
5648.53376 15.494 0.006
5649.54852 15.027 0.005
5650.52898 15.315 0.005
5651.53484 15.482 0.005
5652.52980 15.030 0.005
5653.55989 15.315 0.005
5654.56835 15.491 0.006
5657.52837 15.475 0.006
5659.52770 15.325 0.005
5664.50726 15.054 0.005
5665.52249 15.330 0.006
5666.51928 15.503 0.006
5667.50147 15.058 0.005
5668.50739 15.342 0.006
5669.50098 15.490 0.006
5670.55250 15.079 0.005
5671.50287 15.350 0.007
5672.49773 15.488 0.006
5674.50582 15.341 0.005
5675.49910 15.495 0.006
5677.49573 15.339 0.005
5678.52958 15.480 0.006
5681.51003 15.486 0.006
5682.50983 15.092 0.005
5683.51438 15.362 0.006
5684.51936 15.475 0.006
5685.49084 15.097 0.005
5686.49138 15.363 0.005
5687.49355 15.463 0.006
5691.48505 15.107 0.005
5692.53196 15.392 0.007
5694.50162 15.142 0.005
5695.48604 15.375 0.006
5697.48440 15.127 0.005
5699.49389 15.422 0.006
5700.48547 15.138 0.006
5702.48231 15.402 0.006
5706.48202 15.150 0.006
5709.46910 15.143 0.005
5785.90782 15.363 0.006
5796.90970 15.403 0.006
5803.89351 15.173 0.005
5805.85795 15.400 0.005
5806.90897 15.097 0.005
5809.87014 15.139 0.005
5810.87330 15.177 0.005
5812.86623 15.107 0.005
5814.91523 15.425 0.006
5817.87041 15.414 0.005
5819.85241 15.184 0.005
5825.82515 15.189 0.005
5834.82522 15.204 0.005
5836.79163 14.954 0.005
5840.83616 15.218 0.005
5841.83320 15.448 0.005
5842.85084 14.919 0.005
5843.86630 15.234 0.005
5845.88130 14.926 0.005
5846.84183 15.245 0.006
5850.80645 15.441 0.005
5851.81466 14.922 0.005
5853.87018 15.470 0.006
5854.77387 14.921 0.005
5855.84321 15.240 0.005
5856.81481 15.456 0.006
5857.81547 14.940 0.005
5858.84902 15.263 0.006
5859.81756 15.460 0.005
5860.80261 14.936 0.005
5861.81162 15.248 0.005
5863.81477 14.939 0.005
5864.72206 15.229 0.005
5865.79208 15.454 0.005
5866.81583 14.944 0.005
5867.75474 15.239 0.005
5869.82179 14.952 0.005
5870.76154 15.249 0.005
5871.74767 15.461 0.005
5872.75701 14.943 0.005
5874.78925 15.476 0.006
5875.72171 14.936 0.005
5878.82268 14.985 0.005
5879.73000 15.261 0.005
5880.75829 15.476 0.006
5881.74480 14.962 0.005
5885.71664 15.272 0.005
5886.74697 15.474 0.006
5895.81885 15.487 0.006
5898.73093 15.488 0.005
5912.76907 15.340 0.006
5913.74099 15.488 0.005
5914.76367 15.056 0.005
5915.72073 15.336 0.005
5925.72684 15.488 0.005
5927.73763 15.353 0.005
5929.71185 15.072 0.005
5930.85700 15.373 0.005
5931.67886 15.483 0.005
5932.67617 15.078 0.005
5933.72603 15.346 0.005
5934.72212 15.461 0.005
5936.66766 15.343 0.005
5937.69693 15.461 0.005
5938.69770 15.084 0.005
5941.77810 15.121 0.005
5942.80274 15.386 0.005
5944.75248 15.125 0.005
5945.73320 15.367 0.005
5947.74004 15.129 0.005
5948.72840 15.371 0.005
5949.74457 15.365 0.005
5950.66557 15.104 0.005
5951.69097 15.369 0.005
5952.71555 15.376 0.005
5953.71348 15.135 0.005
5955.73369 15.325 0.005
5956.73371 15.145 0.005
5958.75092 15.254 0.005
5959.72291 15.147 0.005
5960.72493 15.382 0.005
5961.65666 15.364 0.005
5962.65756 15.133 0.005
5963.62432 15.371 0.005
5964.63626 15.371 0.005
5965.63516 15.123 0.005
5967.65733 15.322 0.006
5968.65746 15.137 0.005
5969.63345 15.387 0.005
5970.61096 15.346 0.005
5971.70384 15.161 0.005
5972.69017 15.395 0.005
5973.67329 15.210 0.005
5974.62831 15.143 0.005
5976.66247 15.190 0.005
5978.67251 15.404 0.005
5979.62260 15.222 0.005
5980.65279 15.177 0.005
5981.66173 15.400 0.005
5982.66771 15.076 0.005
5983.71079 15.180 0.005
5984.64981 15.401 0.005
5985.68172 15.022 0.005
5986.61145 15.172 0.005
5987.68728 15.413 0.005
5988.65338 15.035 0.005
5989.61734 15.176 0.005
5990.61086 15.432 0.005
5991.68587 14.953 0.005
5992.64613 15.180 0.005
5993.60298 15.411 0.005
5994.60245 15.048 0.005
5997.62162 14.990 0.005
5998.61997 15.196 0.005
5998.68545 15.205 0.005
5999.66395 15.438 0.005
6000.63604 14.935 0.005
6002.59973 15.420 0.005
6003.56597 15.010 0.005
6005.60935 15.435 0.005
6006.59329 14.948 0.005
6007.59159 15.200 0.005
6008.64598 15.429 0.005
6009.56715 14.960 0.005
6010.62273 15.216 0.005
6011.58153 15.433 0.005
6012.61723 14.926 0.005
6013.56231 15.202 0.005
6014.58126 15.433 0.005
6015.57761 14.927 0.005
6016.61760 15.229 0.005
6017.58100 15.430 0.005
6018.53614 14.925 0.005
6019.58488 15.227 0.005
6020.60637 15.444 0.005
6021.59416 14.910 0.005
6022.60603 15.243 0.005
6023.57965 15.449 0.005
6024.60249 14.923 0.005
6025.60253 15.235 0.005
6026.54879 15.448 0.006
6028.58555 15.245 0.005
6032.52341 15.446 0.006
6033.51094 14.902 0.005
6034.51650 15.229 0.005
6035.54195 15.463 0.005
6036.51881 14.926 0.005
6037.51845 15.245 0.006
6038.51016 15.470 0.006
6039.51687 14.927 0.005
6040.51913 15.245 0.005
6042.51680 14.939 0.005
6047.49371 15.465 0.006
6048.49249 14.946 0.005
6049.51577 15.262 0.005
6050.49132 15.476 0.006
6052.50702 15.259 0.005
6053.50406 15.464 0.006
6055.51264 15.291 0.005
6056.49962 15.478 0.006
6058.50319 15.281 0.005
6059.49684 15.471 0.005
6060.50008 14.967 0.005
6061.49326 15.274 0.005
6062.48472 15.483 0.006
6064.48651 15.274 0.005
6070.48787 15.306 0.006
6079.46987 15.297 0.006
6123.93370 15.251 0.005
6137.93162 14.974 0.005
6171.89724 15.324 0.005
6182.89457 15.072 0.005
6185.87255 15.067 0.005
6196.88932 15.447 0.005
6202.84580 15.455 0.006
6204.88099 15.370 0.005
6212.84533 15.117 0.005
6216.84316 15.376 0.005
6221.84143 15.143 0.005
6222.84238 15.387 0.005
6223.79948 15.364 0.005
6224.86508 15.152 0.005
6230.74584 15.140 0.005
6232.83673 15.194 0.005
6236.81208 15.157 0.005
6239.81986 15.170 0.005
6251.79273 15.189 0.005
6265.82765 14.919 0.005
6270.85221 15.445 0.006
6274.83451 14.925 0.005
6282.80443 15.459 0.005
6286.73773 14.920 0.005
6299.78555 15.270 0.005
6306.72571 15.478 0.005
6317.71202 15.291 0.005
6329.64376 15.298 0.005
6340.64676 15.025 0.005
6343.59053 15.022 0.005
6363.55171 15.488 0.005
6376.54797 15.077 0.005
6378.52234 15.481 0.005
6378.55978 15.461 0.005
6380.54712 15.360 0.005
6381.54901 15.467 0.005
6385.51744 15.091 0.005
6396.55540 15.384 0.005
6416.51653 15.411 0.005
6509.93499 15.053 0.005
6520.87664 15.420 0.005
6520.90819 15.428 0.005
6531.91935 15.229 0.005
6547.88601 15.451 0.005
6560.82586 14.924 0.005
6561.85291 15.270 0.005
6571.85969 15.476 0.005
6578.87964 14.997 0.005
6583.80644 15.485 0.005
6592.74303 15.480 0.005
6593.72428 14.985 0.005
6594.78383 15.299 0.006
6594.81682 15.314 0.005
6595.71641 15.484 0.005
6596.78066 15.014 0.005
6599.76580 15.022 0.005
6601.83124 15.501 0.005
6602.83708 15.046 0.005
6604.77920 15.503 0.005
6608.84687 15.066 0.005
6612.78312 15.330 0.005
6616.74500 15.487 0.005
6622.75646 15.479 0.005
6622.79895 15.465 0.005
6623.74866 15.067 0.005
6624.81627 15.357 0.005
6625.81056 15.458 0.005
6626.82573 15.092 0.005
6627.77586 15.344 0.005
6628.76993 15.475 0.005
6628.82737 15.448 0.005
6631.85445 15.390 0.005
6635.75000 15.097 0.005
6637.75004 15.450 0.005
6638.75246 15.096 0.005
6645.75004 15.370 0.005
6649.75699 15.371 0.005
6654.77712 15.380 0.005
6658.80031 15.199 0.005
6662.78699 15.179 0.005
6664.83098 15.050 0.005
6665.61564 15.118 0.005
6670.74369 15.166 0.005
6671.77806 15.191 0.005
6673.78095 15.041 0.005
6674.78886 15.193 0.005
6675.79889 15.415 0.005
6676.74515 15.051 0.005
6680.78480 15.194 0.005
6690.67750 15.406 0.005
6691.68486 14.976 0.005
6693.65701 15.416 0.005
6694.70083 14.938 0.005
6697.69161 14.936 0.005
6698.69193 15.213 0.005
6700.56533 15.084 0.005
6701.68640 15.220 0.005
6702.55667 15.430 0.005
6703.57367 15.029 0.005
6704.71140 15.223 0.005
6705.56321 15.421 0.005
6705.69141 15.461 0.006
6712.65867 14.919 0.005
6722.61948 15.229 0.005
6732.65246 15.476 0.006
6733.65068 14.950 0.005
6734.62660 15.264 0.005
6735.63735 15.470 0.005
6736.59502 14.951 0.005
6737.60554 15.249 0.005
6739.60139 14.948 0.005
6741.55631 15.460 0.005
6743.54684 15.277 0.005
6744.54543 15.465 0.005
6746.51543 15.264 0.005
6748.51589 14.949 0.005
6749.51875 15.262 0.005
6760.50624 14.969 0.005
6761.51664 15.276 0.005
6762.50330 15.477 0.005
6766.47959 14.979 0.005
6767.47013 15.278 0.005
6768.47213 15.468 0.005
6769.47324 14.992 0.005
6770.47153 15.278 0.005
6771.46650 15.470 0.005
6888.90807 15.082 0.005
6896.90819 15.445 0.005
6907.89101 15.365 0.006
6926.82013 15.331 0.006
6932.82880 15.250 0.005
6938.81423 15.196 0.005
6942.81178 15.168 0.005
6950.86260 14.953 0.005
6956.76959 15.024 0.005
6956.86546 14.933 0.005
6957.77112 15.183 0.005
6958.82161 15.420 0.005
6959.83254 14.937 0.005
6960.79642 15.211 0.005
6961.80767 15.428 0.006
6961.86007 15.437 0.005
6963.74787 15.189 0.005
6964.85710 15.436 0.005
6965.83940 14.909 0.005
6967.73154 15.419 0.006
6970.75447 15.429 0.005
6973.73699 15.427 0.006
6980.77401 14.909 0.005
6987.80501 15.258 0.005
6992.77720 14.944 0.005
6997.78297 15.473 0.006
7002.72476 15.256 0.005
7007.73605 14.969 0.005
7013.69156 14.963 0.005
7016.79520 15.008 0.005
7020.79977 15.316 0.005
7024.77513 15.495 0.006
7027.65040 15.487 0.006
7028.68641 15.010 0.005
7029.68204 15.303 0.005
7030.74887 15.490 0.005
7031.73624 15.032 0.005
7032.73796 15.323 0.005
7033.73363 15.496 0.006
7034.79160 15.056 0.005
7035.66875 15.300 0.005
7036.71794 15.494 0.005
7080.60312 15.364 0.005
7083.62988 15.374 0.005
7086.63894 15.383 0.005
7091.61887 15.131 0.005
7093.59237 15.382 0.005
7097.56683 15.129 0.005
7098.57278 15.381 0.005
7099.61575 15.301 0.005
7100.57752 15.139 0.005
7102.54125 15.373 0.005
7103.55488 15.140 0.005
7103.58979 15.146 0.005
7119.55169 15.419 0.006
7126.54269 15.054 0.005
7134.51751 15.420 0.006
7278.86352 14.981 0.005
7292.85147 15.508 0.006
7294.81517 15.299 0.005
7297.81386 15.301 0.006
7306.87201 15.334 0.005
7312.81022 15.322 0.005
7322.76524 15.498 0.006
7339.77577 15.355 0.005
7345.73438 15.350 0.006
7354.81123 15.394 0.005
7361.83408 15.147 0.005
7366.70670 15.384 0.005
7373.86023 14.952 0.005
7377.83198 15.199 0.005
7382.73018 15.055 0.005
7385.74369 14.994 0.005
7390.76552 15.435 0.005
7399.77013 15.461 0.006
7403.78553 14.912 0.005
7408.73285 15.445 0.005
7410.73424 15.223 0.005
7413.69696 15.231 0.005
7416.70391 15.231 0.005
7424.64630 14.923 0.005
7427.67783 14.921 0.005
7431.67191 15.264 0.005
7435.66611 15.465 0.005
7439.67297 14.963 0.005
7443.64356 15.265 0.005
7449.64920 15.290 0.005
7453.62458 15.475 0.005
7462.63836 15.487 0.005
7466.58573 15.004 0.005
7472.59254 15.019 0.005
7476.54828 15.302 0.005
7488.50199 15.322 0.005
7499.52511 15.074 0.005
7508.47059 15.063 0.005
