5260.61208 14.156 0.005
5261.52711 14.198 0.005
5262.62377 13.945 0.005
5263.60456 13.674 0.005
5265.52131 13.735 0.005
5266.58619 13.902 0.005
5267.59850 14.014 0.005
5268.58219 14.126 0.005
5269.55139 14.215 0.005
5270.56855 14.026 0.005
5271.56038 13.680 0.005
5273.54931 13.733 0.005
5274.58031 13.859 0.005
5275.56377 13.988 0.005
5276.55943 14.094 0.005
5279.54784 13.702 0.005
5280.54614 13.732 0.005
5281.52305 13.756 0.005
5282.54200 13.802 0.005
5283.49365 13.970 0.005
5286.52310 14.140 0.005
5288.53977 13.712 0.005
5291.53128 13.955 0.005
5294.56308 14.163 0.005
5295.48426 13.864 0.005
5296.57425 13.693 0.005
5298.55491 13.750 0.005
5301.51503 14.162 0.005
5306.51249 13.738 0.005
5307.54054 13.924 0.005
5310.54063 14.194 0.005
5313.48974 13.754 0.005
5314.50442 13.740 0.005
5321.46662 13.735 0.005
5323.48600 13.825 0.005
5324.48514 13.984 0.005
5326.49306 14.206 0.005
5328.48606 13.722 0.005
5337.48054 13.702 0.005
5341.48053 14.050 0.005
5430.90168 14.002 0.005
5439.91101 14.097 0.005
5445.84384 13.786 0.005
5449.82877 14.159 0.005
5453.88383 13.765 0.005
5455.85740 14.051 0.005
5457.90050 14.169 0.005
5462.89661 13.945 0.005
5465.85929 14.200 0.005
5468.82605 13.763 0.005
5470.79851 13.901 0.005
5471.84886 14.015 0.005
5473.77695 14.213 0.005
5477.75274 13.749 0.005
5478.79317 13.852 0.005
5481.73239 14.203 0.005
5482.78315 14.088 0.005
5484.77724 13.726 0.005
5485.78662 13.753 0.005
5486.87200 13.826 0.005
5487.86868 13.984 0.005
5488.87760 14.082 0.005
5490.72862 14.146 0.005
5491.74911 13.774 0.005
5492.77166 13.705 0.005
5493.79399 13.756 0.005
5494.83870 13.778 0.005
5495.79588 13.965 0.005
5496.79368 14.052 0.005
5497.82386 14.181 0.005
5499.73086 13.864 0.005
5502.80103 13.756 0.005
5503.75627 13.950 0.005
5505.72593 14.154 0.005
5506.74342 14.195 0.005
5507.76156 13.929 0.005
5509.66992 13.768 0.005
5510.72585 13.735 0.005
5511.70205 13.910 0.005
5512.74509 14.013 0.005
5513.71541 14.130 0.005
5514.74796 14.207 0.005
5515.66521 14.032 0.005
5516.75077 13.684 0.005
5517.66390 13.751 0.005
5518.76029 13.737 0.005
5519.68670 13.866 0.005
5521.70358 14.112 0.005
5522.72870 14.211 0.005
5523.69339 14.076 0.005
5524.70184 13.697 0.005
5525.73492 13.750 0.005
5526.68694 13.763 0.005
5527.76769 13.839 0.005
5528.70872 13.983 0.005
5529.68905 14.077 0.005
5530.69627 14.200 0.005
5531.77945 14.098 0.005
5532.68758 13.741 0.005
5533.71092 13.719 0.005
5534.74245 13.755 0.005
5535.71927 13.783 0.005
5536.72193 13.970 0.005
5539.73217 14.144 0.005
5540.81633 13.753 0.005
5541.68249 13.695 0.005
5542.74089 13.766 0.005
5543.77244 13.765 0.005
5544.75993 13.963 0.005
5545.74919 14.048 0.005
5546.69886 14.171 0.005
5547.75866 14.177 0.005
5548.71991 13.879 0.005
5549.68477 13.676 0.005
5550.73863 13.768 0.005
5551.69615 13.737 0.005
5553.74219 14.026 0.005
5554.67552 14.135 0.005
5556.69012 13.966 0.005
5557.67129 13.669 0.005
5558.67217 13.762 0.005
5559.66238 13.736 0.005
5560.65405 13.891 0.005
5561.68764 14.009 0.005
5562.70721 14.130 0.005
5563.64116 14.216 0.005
5565.67248 13.670 0.005
5566.69973 13.748 0.005
5568.72006 13.862 0.005
5569.71460 13.997 0.005
5570.75414 14.112 0.005
5571.68515 14.205 0.005
5572.80236 14.049 0.005
5575.70666 13.744 0.005
5576.68086 13.806 0.005
5577.68280 13.975 0.005
5578.68942 14.076 0.005
5579.73955 14.209 0.005
5580.68437 14.128 0.005
5581.68620 13.750 0.005
5582.69350 13.713 0.005
5583.70026 13.764 0.005
5584.68628 13.772 0.005
5585.68616 13.964 0.005
5586.64993 14.056 0.005
5587.63206 14.173 0.005
5588.73601 14.152 0.005
5589.64207 13.845 0.005
5591.67939 13.768 0.005
5592.66164 13.748 0.005
5593.64462 13.948 0.005
5594.66082 14.044 0.005
5595.63948 14.159 0.005
5596.70262 14.187 0.005
5597.62009 13.935 0.005
5598.68640 13.679 0.005
5599.65001 13.764 0.005
5600.68275 13.737 0.005
5601.66239 13.925 0.005
5602.66109 14.017 0.005
5603.66986 14.144 0.005
5604.67026 14.201 0.005
5605.67209 13.975 0.005
5606.68346 13.673 0.005
5607.69487 13.759 0.005
5608.68173 13.739 0.005
5609.71347 13.902 0.005
5611.64403 14.117 0.005
5612.69654 14.212 0.005
5613.65974 14.047 0.005
5614.65167 13.684 0.005
5615.64546 13.744 0.005
5616.65422 13.746 0.005
5622.63936 13.715 0.005
5623.60224 13.713 0.005
5624.54332 13.766 0.005
5625.63499 13.796 0.005
5626.59609 13.978 0.005
5627.56082 14.064 0.005
5629.60103 14.146 0.005
5630.61247 13.787 0.005
5632.56058 13.761 0.005
5633.60958 13.758 0.005
5634.57000 13.956 0.005
5635.57433 14.041 0.005
5638.57893 13.886 0.005
5639.58918 13.687 0.005
5640.52815 13.774 0.005
5641.55582 13.741 0.005
5642.50407 13.925 0.005
5643.50183 14.011 0.005
5644.50457 14.134 0.005
5645.50332 14.184 0.005
5646.51630 13.975 0.005
5647.51826 13.669 0.005
5648.51896 13.760 0.005
5649.53370 13.732 0.005
5650.51412 13.888 0.005
5651.52004 14.003 0.005
5652.51499 14.120 0.005
5653.54507 14.199 0.005
5654.55360 14.021 0.005
5655.54476 13.678 0.005
5656.55366 13.746 0.005
5657.51361 13.737 0.005
5659.51292 13.986 0.005
5660.55829 14.102 0.005
5664.49248 13.722 0.005
5665.50772 13.745 0.005
5666.50453 13.795 0.005
5667.48671 13.970 0.005
5668.49223 14.065 0.005
5669.48627 14.193 0.005
5670.53773 14.125 0.005
5672.48304 13.695 0.005
5674.49107 13.763 0.005
5675.48394 13.958 0.005
5676.53920 14.055 0.005
5677.48066 14.174 0.005
5678.51485 14.165 0.005
5679.48249 13.866 0.005
5680.53055 13.689 0.005
5681.49457 13.775 0.005
5682.49469 13.745 0.005
5683.49925 13.947 0.005
5684.50408 14.025 0.005
5685.47581 14.143 0.005
5686.47670 14.194 0.005
5687.47885 13.935 0.005
5691.47038 13.916 0.005
5692.51999 14.019 0.005
5694.48701 14.205 0.005
5695.47144 14.005 0.005
5696.47981 13.674 0.005
5697.46974 13.753 0.005
5699.47928 13.872 0.005
5700.47086 13.995 0.005
5702.46774 14.212 0.005
5706.46744 13.743 0.005
5709.45452 14.085 0.005
5784.92782 14.127 0.005
5795.93380 13.774 0.005
5803.87913 13.770 0.005
5805.84359 13.915 0.005
5806.89458 14.018 0.005
5809.85582 14.004 0.005
5810.85893 13.669 0.005
5812.85176 13.734 0.005
5814.90081 14.002 0.005
5815.88020 14.115 0.005
5816.85434 14.206 0.005
5817.85603 14.063 0.005
5818.88402 13.678 0.005
5819.83801 13.737 0.005
5820.90545 13.743 0.005
5822.82566 13.979 0.005
5823.90054 14.094 0.005
5824.82250 14.197 0.005
5825.81075 14.123 0.005
5826.85926 13.722 0.005
5827.85322 13.721 0.005
5828.87942 13.757 0.005
5829.85281 13.787 0.005
5830.84439 13.971 0.005
5831.83607 14.065 0.005
5832.82548 14.184 0.005
5833.80984 14.156 0.005
5834.81078 13.816 0.005
5835.87068 13.697 0.005
5836.77722 13.771 0.005
5837.85653 13.758 0.005
5839.83820 14.048 0.005
5840.82117 14.169 0.005
5841.81873 14.184 0.005
5842.83634 13.887 0.005
5843.85181 13.678 0.005
5845.86683 13.740 0.005
5846.82727 13.935 0.005
5850.79117 13.977 0.005
5851.80020 13.673 0.005
5853.85371 13.751 0.005
5854.75900 13.888 0.005
5855.82871 14.005 0.005
5856.80026 14.126 0.005
5858.83450 14.024 0.005
5859.80301 13.681 0.005
5860.78809 13.747 0.005
5861.79709 13.742 0.005
5863.79902 13.990 0.005
5864.70756 14.085 0.005
5865.77715 14.202 0.005
5866.80127 14.087 0.005
5867.74019 13.711 0.005
5868.84166 13.741 0.005
5869.80716 13.748 0.005
5870.74697 13.797 0.005
5871.73306 13.973 0.005
5872.74243 14.069 0.005
5873.73765 14.190 0.005
5874.77120 14.136 0.005
5875.70714 13.787 0.005
5878.76378 13.764 0.005
5879.69219 13.958 0.005
5880.74365 14.047 0.005
5881.73021 14.176 0.005
5882.76100 14.175 0.005
5883.76494 13.845 0.005
5885.69624 13.777 0.005
5886.73232 13.740 0.005
5887.80469 13.950 0.005
5888.79336 14.038 0.005
5889.83553 14.167 0.005
5890.76905 14.184 0.005
5891.72775 13.940 0.005
5892.74550 13.674 0.005
5893.76360 13.773 0.005
5894.78707 13.737 0.005
5895.80416 13.929 0.005
5896.78722 14.015 0.005
5897.73403 14.131 0.005
5898.71620 14.207 0.005
5899.77539 13.983 0.005
5900.72501 13.672 0.005
5901.77432 13.756 0.005
5902.72557 13.736 0.005
5903.78076 13.888 0.005
5904.75538 13.997 0.005
5905.72941 14.109 0.005
5906.74130 14.204 0.005
5907.71937 14.068 0.005
5908.74468 13.685 0.005
5909.78921 13.746 0.005
5910.70200 13.746 0.005
5911.73382 13.825 0.005
5912.75429 13.985 0.005
5913.72628 14.085 0.005
5914.74888 14.205 0.005
5915.70593 14.116 0.005
5916.75977 13.711 0.005
5917.72343 13.720 0.005
5922.74047 14.194 0.005
5923.71671 14.147 0.005
5924.69801 13.805 0.005
5925.71205 13.695 0.005
5926.72384 13.765 0.005
5927.72285 13.759 0.005
5929.69701 14.043 0.005
5930.84218 14.183 0.005
5931.66351 14.185 0.005
5932.66076 13.901 0.005
5933.71121 13.678 0.005
5934.70726 13.769 0.005
5935.65826 13.736 0.005
5936.65239 13.927 0.005
5937.68210 14.016 0.005
5938.68290 14.146 0.005
5939.72665 14.198 0.005
5940.76259 13.931 0.005
5941.76254 13.671 0.005
5942.78734 13.771 0.005
5943.74476 13.736 0.005
5944.73765 13.911 0.005
5945.71791 14.008 0.005
5946.65777 14.117 0.005
5946.77413 14.134 0.005
5947.72473 14.212 0.005
5948.71354 14.012 0.005
5949.72972 13.671 0.005
5950.65071 13.750 0.005
5951.67608 13.741 0.005
5952.70068 13.860 0.005
5953.69863 13.986 0.005
5954.69616 14.101 0.005
5955.71878 14.206 0.005
5956.71884 14.073 0.005
5958.73603 13.739 0.005
5959.70801 13.747 0.005
5960.71005 13.821 0.005
5961.64177 13.979 0.005
5962.64269 14.073 0.005
5963.60940 14.189 0.005
5964.62137 14.140 0.005
5965.62031 13.772 0.005
5967.64246 13.762 0.005
5968.64256 13.765 0.005
5969.61858 13.960 0.005
5970.59607 14.052 0.005
5971.68895 14.178 0.005
5972.67533 14.163 0.005
5973.65839 13.828 0.005
5974.61345 13.693 0.005
5976.64758 13.748 0.005
5977.68115 13.951 0.005
5978.65758 14.031 0.005
5979.60775 14.161 0.005
5980.62342 14.194 0.005
5981.64690 13.919 0.005
5982.65280 13.681 0.005
5983.69544 13.772 0.005
5984.63446 13.736 0.005
5985.66680 13.934 0.005
5986.59657 14.013 0.005
5987.67204 14.146 0.005
5988.63852 14.202 0.005
5989.60245 13.997 0.005
5990.59597 13.675 0.005
5991.67099 13.764 0.005
5992.63123 13.732 0.005
5993.58812 13.867 0.005
5994.53128 13.992 0.005
5994.58679 13.995 0.005
5994.67618 14.005 0.005
5995.52628 14.104 0.005
5995.63451 14.120 0.005
5995.67544 14.127 0.005
5996.51004 14.203 0.005
5996.60457 14.211 0.005
5996.65397 14.215 0.005
5997.50765 14.089 0.005
5997.60677 14.065 0.005
5997.66206 14.040 0.005
5998.51776 13.709 0.005
5998.60511 13.686 0.005
5998.66551 13.685 0.005
5999.53425 13.732 0.005
5999.64584 13.748 0.005
6000.49456 13.750 0.005
6000.62121 13.746 0.005
6000.65795 13.745 0.005
6001.49929 13.802 0.005
6001.61270 13.830 0.005
6002.58492 13.981 0.005
6003.55102 14.081 0.005
6004.61143 14.204 0.005
6005.57910 14.112 0.005
6006.57843 13.727 0.005
6007.57677 13.719 0.005
6008.61122 13.747 0.005
6009.55236 13.778 0.005
6010.60443 13.966 0.005
6010.60790 13.968 0.005
6011.56669 14.056 0.005
6012.56578 14.180 0.005
6013.54752 14.151 0.005
6014.56646 13.800 0.005
6015.56183 13.694 0.005
6016.60247 13.767 0.005
6017.56566 13.755 0.005
6018.52105 13.946 0.005
6019.56907 14.037 0.005
6020.59158 14.170 0.005
6021.57932 14.180 0.005
6022.59081 13.873 0.005
6023.56487 13.676 0.005
6024.58770 13.772 0.005
6025.58772 13.730 0.005
6026.53401 13.930 0.005
6028.57075 14.152 0.005
6031.51612 13.675 0.005
6032.50865 13.762 0.005
6033.49621 13.731 0.005
6034.50180 13.883 0.005
6035.52719 14.003 0.005
6036.50401 14.115 0.005
6037.50371 14.196 0.005
6039.50209 13.679 0.005
6040.50440 13.748 0.005
6047.47903 13.714 0.005
6048.47777 13.721 0.005
6049.50108 13.753 0.005
6050.47667 13.793 0.005
6052.49234 14.069 0.005
6053.48938 14.191 0.005
6055.49798 13.769 0.005
6056.48496 13.707 0.005
6057.49091 13.766 0.005
6058.48851 13.769 0.005
6059.48217 13.965 0.005
6060.48492 14.054 0.005
6061.47604 14.173 0.005
6062.47009 14.182 0.005
6123.91929 13.775 0.005
6137.91725 13.690 0.005
6158.93027 14.102 0.005
6164.90457 13.806 0.005
6165.91709 13.977 0.005
6171.88289 13.760 0.005
6174.90873 14.060 0.005
6179.90889 13.763 0.005
6180.86145 13.744 0.005
6181.87565 13.945 0.005
6182.88018 14.025 0.005
6183.88189 14.159 0.005
6184.90844 14.189 0.005
6185.85816 13.939 0.005
6186.85964 13.676 0.005
6191.88524 14.133 0.005
6193.87251 13.992 0.005
6194.88948 13.675 0.005
6196.87494 13.733 0.005
6199.82391 14.110 0.005
6202.83138 13.686 0.005
6204.86650 13.743 0.005
6207.87935 14.092 0.005
6210.87804 13.716 0.005
6212.83083 13.757 0.005
6214.88201 13.973 0.005
6215.86981 14.073 0.005
6216.82866 14.195 0.005
6219.81365 13.696 0.005
6221.82694 13.752 0.005
6223.78496 14.040 0.005
6224.85054 14.178 0.005
6225.73253 14.195 0.005
6226.74491 13.922 0.005
6229.78745 13.735 0.005
6230.73133 13.923 0.005
6231.75614 14.020 0.005
6232.82211 14.149 0.005
6233.82864 14.207 0.005
6234.83251 13.952 0.005
6235.77990 13.676 0.005
6236.79747 13.768 0.005
6237.87349 13.742 0.005
6238.83123 13.916 0.005
6239.80526 14.010 0.005
6240.84852 14.132 0.005
6241.80217 14.216 0.005
6242.84510 14.012 0.005
6243.81347 13.673 0.005
6244.74692 13.747 0.005
6245.77074 13.740 0.005
6248.78747 14.099 0.005
6251.77809 13.703 0.005
6254.78800 13.806 0.005
6257.81637 14.199 0.005
6262.74012 13.765 0.005
6265.81213 14.187 0.005
6270.82811 13.757 0.005
6274.81975 14.185 0.005
6278.76682 13.732 0.005
6282.78965 14.204 0.005
6286.72292 13.740 0.005
6289.79225 14.124 0.005
6294.81416 13.747 0.005
6299.77069 14.094 0.005
6306.71084 14.191 0.005
6312.68525 13.955 0.005
6317.69640 13.687 0.005
6323.66962 14.203 0.005
6329.62885 14.005 0.005
6333.61969 13.679 0.005
6340.63186 14.092 0.005
6342.66092 13.729 0.005
6343.55706 13.762 0.005
6343.57565 13.759 0.005
6344.58701 13.790 0.005
6347.60194 14.191 0.005
6348.58749 14.140 0.005
6349.59420 13.776 0.005
6350.62836 13.713 0.005
6356.61938 14.160 0.005
6363.53683 14.145 0.005
6370.53397 14.005 0.005
6371.55947 14.126 0.005
6372.61022 14.206 0.005
6378.54255 13.993 0.005
6387.53480 14.083 0.005
6396.54063 14.193 0.005
6404.52576 14.162 0.005
6416.50181 13.762 0.005
6508.94118 13.963 0.005
6520.89374 13.911 0.005
6531.90489 13.736 0.005
6547.87032 13.749 0.005
6561.83840 13.862 0.005
6571.84517 13.765 0.005
6577.88575 13.982 0.005
6583.79190 14.107 0.005
6608.83220 14.163 0.005
6612.76840 13.766 0.005
6616.73025 14.136 0.005
6622.78422 13.900 0.005
6628.81187 13.756 0.005
6638.73764 13.799 0.005
6645.73519 13.764 0.005
6649.74213 14.172 0.005
6654.76225 13.746 0.005
6658.78106 14.191 0.005
6662.77068 13.739 0.005
6667.80307 13.963 0.005
6672.77562 14.012 0.005
6680.76989 13.988 0.005
6685.60079 13.709 0.005
6687.70046 13.784 0.005
6688.63346 13.969 0.005
6689.65724 14.060 0.005
6690.65253 14.192 0.005
6691.68247 14.151 0.005
6692.70444 13.789 0.005
6693.65248 13.701 0.005
6694.69634 13.774 0.005
6695.64145 13.751 0.005
6696.62902 13.956 0.005
6697.68709 14.044 0.005
6698.68745 14.172 0.005
6699.52747 14.195 0.005
6700.56083 13.930 0.005
6700.67533 13.895 0.005
6701.54847 13.678 0.005
6701.68826 13.688 0.005
6702.55854 13.769 0.005
6702.68685 13.774 0.005
6703.56915 13.743 0.005
6703.70408 13.747 0.005
6704.56548 13.923 0.005
6704.71327 13.948 0.005
6705.55867 14.012 0.005
6705.67645 14.031 0.005
6706.63584 14.139 0.005
6707.64855 14.206 0.005
6708.63842 13.974 0.005
6709.63278 13.675 0.005
6710.64215 13.769 0.005
6711.62911 13.738 0.005
6712.57972 13.892 0.005
6722.60449 14.108 0.005
6736.61575 13.782 0.005
6871.92515 14.015 0.005
6887.92303 14.112 0.005
6896.89380 13.815 0.005
6907.87656 13.738 0.005
6926.80565 14.091 0.005
6932.81429 13.790 0.005
6938.79973 13.696 0.005
6942.79721 14.046 0.005
6950.84802 14.031 0.005
6956.85084 13.733 0.005
6961.84545 13.995 0.005
6967.71687 14.095 0.005
6973.72236 13.803 0.005
6980.75931 13.762 0.005
6987.79028 13.697 0.005
6992.76244 14.169 0.005
6997.76821 13.736 0.005
7002.71203 13.984 0.005
7007.72335 14.003 0.005
7013.67673 13.747 0.005
7016.78242 14.108 0.005
7020.78661 13.736 0.005
7024.76022 14.080 0.005
7028.71341 13.699 0.005
7032.76778 14.057 0.005
7037.74314 13.771 0.005
7042.74073 14.190 0.005
7046.74192 13.736 0.005
7051.73248 13.990 0.005
7056.67289 13.996 0.005
7062.66461 13.746 0.005
7063.66028 13.821 0.005
7064.72370 13.989 0.005
7065.70877 14.095 0.005
7066.70444 14.206 0.005
7067.69813 14.115 0.005
7068.67397 13.727 0.005
7069.66077 13.720 0.005
7069.68359 13.721 0.005
7070.71922 13.755 0.005
7071.72546 13.798 0.005
7072.70615 13.973 0.005
7074.67195 14.188 0.005
7075.65176 14.160 0.005
7076.65689 13.795 0.005
7077.63574 13.694 0.005
7078.63559 13.769 0.005
7080.58822 13.950 0.005
7083.61499 14.189 0.005
7086.62312 13.775 0.005
7091.60396 14.200 0.005
7103.57196 13.742 0.005
7110.50848 13.714 0.005
7111.53144 13.757 0.005
7112.52945 13.784 0.005
7113.52461 13.969 0.005
7114.53337 14.063 0.005
7115.52767 14.190 0.005
7115.57885 14.196 0.005
7117.54457 13.785 0.005
7118.51766 13.697 0.005
7119.50458 13.766 0.005
7126.52790 13.680 0.005
7131.53246 14.145 0.005
7134.50272 13.670 0.005
7137.53264 13.907 0.005
7143.49729 13.753 0.005
7277.90426 14.060 0.005
7287.90439 14.186 0.005
7292.83697 13.924 0.005
7294.80069 14.131 0.005
7297.79889 13.667 0.005
7304.87832 14.029 0.005
7312.79572 14.108 0.005
7319.77738 14.179 0.005
7322.75003 13.693 0.005
7327.85274 14.172 0.005
7339.76112 13.764 0.005
7345.71967 14.028 0.005
7354.79650 13.683 0.005
7361.81935 14.105 0.005
7366.69191 13.960 0.005
7373.84524 13.759 0.005
7377.81717 14.182 0.005
7382.71540 13.926 0.005
7385.72885 14.208 0.005
7390.75067 13.900 0.005
7399.75528 13.988 0.005
7404.74488 13.725 0.005
7408.71800 14.078 0.005
7410.71939 14.136 0.005
7413.68210 13.765 0.005
7416.68902 14.051 0.005
7424.63143 14.024 0.005
7427.66705 13.952 0.005
7431.65789 13.917 0.005
7435.65118 14.005 0.005
7439.65726 13.872 0.005
7443.62860 14.070 0.005
7449.63431 14.084 0.005
7453.60874 13.719 0.005
7462.62344 13.767 0.005
7466.57092 14.165 0.005
7472.57769 13.931 0.005
7476.53340 13.999 0.005
7488.48721 13.825 0.005
7499.51033 14.191 0.005
7507.48254 14.167 0.005
