5261.55766 16.003 0.007
5261.59934 15.950 0.007
5262.57508 15.917 0.006
5262.59343 15.929 0.007
5264.54162 15.811 0.006
5264.55655 15.812 0.006
5265.53651 16.037 0.008
5265.55794 16.033 0.007
5266.53828 15.728 0.006
5266.55394 15.715 0.006
5267.53706 15.974 0.007
5268.54889 16.113 0.008
5269.52105 15.868 0.007
5271.52978 15.767 0.006
5273.51901 15.899 0.007
5274.55023 15.934 0.007
5275.54859 16.129 0.007
5277.54465 16.074 0.008
5280.53091 16.040 0.007
5281.55299 15.901 0.006
5282.51135 16.093 0.007
5283.52552 15.821 0.007
5284.53111 16.039 0.007
5285.53135 15.737 0.007
5286.50586 15.957 0.007
5288.52397 15.883 0.007
5291.51612 15.994 0.007
5294.52567 16.127 0.008
5296.55517 16.058 0.007
5298.53965 15.992 0.007
5301.49980 16.113 0.008
5306.47901 16.121 0.007
5309.52365 15.777 0.007
5312.49492 15.943 0.008
5314.48934 15.846 0.008
5324.47023 15.958 0.008
5326.47808 15.865 0.007
5328.46929 15.746 0.006
5337.46550 16.087 0.008
5341.46395 16.052 0.008
5343.46634 15.975 0.008
5429.91960 16.130 0.006
5430.87090 15.839 0.007
5439.87941 15.795 0.006
5449.89799 15.839 0.006
5451.90705 15.741 0.007
5454.86299 15.893 0.006
5456.88867 15.803 0.006
5457.87109 16.022 0.006
5462.84006 16.059 0.007
5465.84326 16.007 0.008
5468.79610 15.808 0.006
5471.81890 15.971 0.006
5476.77209 16.011 0.006
5478.76002 15.934 0.006
5480.77736 15.841 0.006
5482.75312 15.717 0.006
5483.72949 15.995 0.007
5485.77169 15.893 0.006
5486.84988 16.110 0.007
5488.72838 16.025 0.007
5489.74953 15.817 0.006
5490.83941 15.983 0.007
5492.75928 15.864 0.006
5493.78162 16.074 0.007
5494.82634 15.762 0.006
5495.78345 16.006 0.007
5496.78130 15.949 0.007
5497.81150 15.944 0.007
5499.71848 15.809 0.006
5502.78861 15.976 0.006
5503.74385 16.104 0.006
5505.71353 16.084 0.007
5506.73100 15.789 0.006
5507.74914 16.028 0.006
5509.65754 15.933 0.006
5510.71344 16.139 0.006
5511.68900 15.848 0.006
5512.73270 16.060 0.006
5513.70295 15.740 0.006
5514.73550 15.998 0.006
5515.65276 16.077 0.007
5516.73830 15.915 0.006
5517.65142 16.105 0.007
5517.85233 16.138 0.007
5518.74785 15.829 0.007
5519.67136 16.033 0.008
5521.69110 15.961 0.007
5522.71620 16.116 0.008
5523.68093 15.880 0.006
5524.68940 16.081 0.007
5525.72244 15.774 0.006
5526.67449 16.010 0.006
5527.75520 15.810 0.006
5528.69624 15.931 0.006
5529.67657 16.134 0.007
5530.68375 15.847 0.006
5531.76695 16.075 0.006
5532.67504 15.718 0.006
5533.69839 15.996 0.006
5534.72993 16.007 0.006
5535.70673 15.914 0.006
5536.70937 16.110 0.006
5539.71966 15.731 0.006
5540.80376 16.004 0.006
5541.66994 16.120 0.007
5542.72835 15.893 0.006
5543.75979 16.093 0.007
5544.74739 15.791 0.006
5545.73666 16.032 0.007
5546.68632 15.906 0.006
5547.74610 15.946 0.006
5548.70605 16.125 0.007
5549.67058 15.834 0.006
5550.72602 16.061 0.006
5551.67655 15.724 0.006
5553.72954 16.022 0.007
5554.66291 15.897 0.006
5556.67751 15.799 0.006
5557.65867 16.029 0.006
5558.65959 15.787 0.006
5559.64976 15.956 0.007
5560.64141 16.131 0.007
5561.67501 15.870 0.006
5562.69456 16.083 0.006
5563.62853 15.742 0.006
5565.65980 15.954 0.007
5566.68709 15.936 0.006
5568.70739 15.858 0.006
5569.70194 16.058 0.007
5571.67181 16.003 0.007
5572.78839 15.944 0.006
5575.69397 15.814 0.006
5576.66816 16.028 0.006
5577.66972 15.767 0.006
5578.67651 15.950 0.006
5579.72008 16.113 0.007
5579.72687 16.113 0.008
5580.67056 15.863 0.006
5581.67258 16.070 0.007
5582.68081 15.760 0.006
5583.68759 16.010 0.006
5584.67359 15.934 0.006
5585.67344 15.933 0.006
5586.63721 16.121 0.007
5587.61933 15.818 0.006
5589.62933 15.721 0.006
5591.66669 16.083 0.006
5592.64893 15.885 0.006
5593.63187 16.101 0.006
5594.64808 15.792 0.006
5595.62671 16.034 0.006
5596.68988 15.755 0.006
5597.60732 15.950 0.006
5598.67147 16.115 0.006
5599.63727 15.869 0.006
5600.67002 16.081 0.006
5601.64963 15.753 0.005
5602.64833 16.015 0.006
5603.65709 15.969 0.006
5604.65420 15.932 0.007
5605.65932 16.122 0.006
5606.67068 15.835 0.006
5607.68118 16.046 0.007
5608.66896 15.723 0.006
5609.70070 16.001 0.007
5611.63057 15.908 0.007
5612.68377 16.107 0.008
5613.64529 15.795 0.006
5614.63861 16.032 0.007
5615.63267 15.838 0.006
5616.64144 15.967 0.006
5619.63195 16.067 0.007
5620.57445 15.733 0.006
5622.62657 15.998 0.007
5623.58948 15.914 0.006
5624.53058 16.122 0.007
5625.62223 15.818 0.006
5626.58333 16.055 0.007
5627.54804 15.775 0.006
5629.55374 16.130 0.007
5630.59972 15.885 0.006
5632.54779 15.746 0.006
5633.59683 16.016 0.006
5634.55720 15.948 0.007
5635.56152 15.939 0.007
5638.56614 16.038 0.008
5639.57639 15.736 0.007
5640.51539 16.010 0.008
5641.54304 16.068 0.007
5642.49129 15.886 0.007
5643.48905 16.101 0.008
5644.49079 15.774 0.006
5645.49055 16.037 0.008
5646.50356 15.849 0.006
5647.50550 15.953 0.006
5648.50535 16.139 0.007
5649.52092 15.861 0.006
5650.50133 16.069 0.006
5651.50731 15.736 0.005
5652.50224 15.997 0.006
5653.53234 15.978 0.006
5654.54081 15.940 0.007
5655.53201 16.123 0.006
5656.54091 15.823 0.005
5656.57460 15.835 0.006
5657.50086 16.047 0.007
5659.50015 15.978 0.007
5660.54553 16.074 0.007
5664.47972 16.016 0.008
5665.49495 15.858 0.007
5666.49177 15.958 0.007
5667.47323 16.137 0.008
5668.47950 15.838 0.007
5669.47352 16.060 0.007
5670.52500 15.750 0.006
5671.47533 16.005 0.007
5672.46985 16.046 0.008
5674.47763 16.121 0.008
5675.47122 15.817 0.008
5676.52615 16.033 0.005
5677.46712 15.742 0.006
5678.50215 15.957 0.006
5679.46947 16.111 0.007
5680.51789 15.883 0.007
5681.48090 16.097 0.008
5682.48139 15.769 0.006
5683.48639 16.023 0.007
5684.49059 15.875 0.006
5685.46316 15.965 0.008
5686.46407 16.127 0.007
5687.46480 15.856 0.007
5691.45774 16.078 0.008
5692.50287 15.915 0.008
5694.46439 15.820 0.007
5695.45828 16.035 0.008
5696.46721 15.780 0.007
5697.45710 15.964 0.008
5699.46664 15.879 0.008
5700.45823 16.087 0.008
5702.45512 15.994 0.008
5783.93196 16.140 0.006
5795.92145 16.110 0.007
5803.86679 15.850 0.006
5805.83126 15.716 0.006
5806.88226 16.006 0.006
5809.84356 16.098 0.006
5810.84664 15.806 0.006
5812.83944 15.759 0.006
5814.85626 16.125 0.007
5815.86790 15.885 0.006
5816.84202 16.080 0.007
5817.84263 15.755 0.006
5818.87176 16.016 0.006
5819.82570 15.962 0.006
5820.89312 15.940 0.006
5822.81336 15.833 0.006
5823.88822 16.051 0.006
5824.81017 15.709 0.006
5825.79844 15.984 0.006
5826.84691 16.062 0.006
5827.84089 15.893 0.006
5828.86709 16.104 0.006
5829.83982 15.796 0.005
5830.83207 16.035 0.006
5831.82372 15.789 0.005
5832.81319 15.943 0.006
5833.79751 16.129 0.006
5834.79845 15.852 0.005
5835.85836 16.088 0.007
5836.76156 15.720 0.005
5837.84371 16.003 0.006
5839.82583 15.930 0.006
5840.80879 16.117 0.006
5841.80580 15.815 0.006
5842.82401 16.049 0.007
5843.83946 15.719 0.005
5845.80352 16.109 0.008
5846.81495 15.886 0.007
5850.77875 15.866 0.006
5851.78784 15.942 0.006
5852.77029 16.146 0.007
5853.84133 15.872 0.006
5854.74536 16.052 0.006
5855.81538 15.742 0.005
5856.78788 16.010 0.007
5857.77221 16.045 0.007
5858.82213 15.930 0.007
5859.79007 16.112 0.006
5860.77570 15.819 0.006
5861.78472 16.047 0.006
5862.83804 15.710 0.005
5863.78662 15.971 0.006
5864.69521 16.131 0.006
5865.76478 15.884 0.006
5866.78887 16.082 0.006
5867.72745 15.763 0.005
5868.82926 16.011 0.006
5869.79477 15.835 0.005
5870.73457 15.932 0.006
5871.72065 16.138 0.006
5872.73000 15.837 0.006
5873.72521 16.043 0.006
5874.75879 15.737 0.007
5875.69473 15.973 0.006
5878.73213 16.098 0.008
5879.67973 15.802 0.006
5880.73118 16.040 0.006
5880.78219 16.015 0.007
5881.71780 15.776 0.005
5882.74856 15.967 0.006
5883.75252 16.127 0.007
5885.68342 16.078 0.007
5886.71988 15.764 0.006
5887.79220 16.012 0.006
5888.78085 15.867 0.006
5889.81943 15.966 0.006
5890.75661 16.133 0.006
5891.71525 15.846 0.006
5892.73301 16.046 0.006
5893.75112 15.726 0.005
5894.77457 16.003 0.006
5895.79169 16.026 0.006
5896.77470 15.923 0.006
5897.72152 16.094 0.006
5898.70369 15.793 0.006
5899.76289 16.033 0.006
5900.71250 15.799 0.006
5901.76180 15.966 0.006
5902.71305 16.142 0.007
5903.76820 15.892 0.006
5904.74281 16.079 0.006
5905.71687 15.760 0.006
5906.72877 16.008 0.007
5908.73156 15.927 0.006
5909.77663 16.137 0.007
5910.68943 15.824 0.006
5911.72126 16.053 0.006
5912.74176 15.731 0.005
5913.71366 15.990 0.006
5914.73631 16.085 0.006
5915.69332 15.902 0.006
5916.74720 16.119 0.006
5917.71083 15.800 0.005
5922.72785 15.872 0.005
5923.70411 16.059 0.006
5924.68540 15.746 0.005
5925.69942 16.025 0.007
5926.71123 15.971 0.006
5927.71023 15.925 0.006
5929.68438 15.831 0.006
5930.82956 16.089 0.006
5931.64993 15.738 0.006
5932.64737 15.987 0.006
5933.69780 16.103 0.006
5934.69425 15.883 0.006
5935.64559 16.083 0.007
5935.80858 16.115 0.008
5936.63924 15.778 0.006
5937.66948 16.024 0.006
5938.67021 15.867 0.006
5939.71358 15.982 0.006
5940.74909 16.125 0.006
5941.74985 15.882 0.006
5942.77420 16.083 0.006
5943.73169 15.754 0.006
5944.72655 16.020 0.006
5945.70483 15.980 0.006
5946.64456 15.913 0.006
5946.76143 15.943 0.006
5947.71155 16.128 0.007
5948.70083 15.823 0.006
5949.71699 16.044 0.006
5950.63804 15.747 0.005
5951.66336 15.980 0.006
5952.68794 16.107 0.006
5953.68591 15.890 0.006
5954.68346 16.085 0.006
5955.70545 15.797 0.006
5956.70613 16.025 0.006
5958.72328 15.965 0.006
5959.69456 16.132 0.006
5960.69567 15.863 0.006
5961.62905 16.051 0.006
5962.62997 15.723 0.006
5963.59664 15.996 0.006
5964.60864 16.093 0.007
5965.60759 15.887 0.006
5967.62973 15.803 0.006
5968.62981 16.043 0.006
5969.60582 15.780 0.006
5970.58330 15.956 0.006
5971.67619 16.109 0.006
5972.66258 15.881 0.005
5973.64564 16.085 0.006
5974.60067 15.776 0.006
5976.63482 15.927 0.006
5977.66833 15.941 0.006
5978.64422 16.120 0.006
5979.59498 15.842 0.005
5980.61064 16.050 0.006
5981.63413 15.731 0.005
5982.63998 15.999 0.006
5983.68268 16.007 0.006
5984.62167 15.897 0.006
5985.65403 16.112 0.006
5986.58377 15.786 0.005
5987.65887 16.044 0.006
5988.62521 15.773 0.006
5989.58972 15.964 0.006
5990.58320 16.159 0.007
5991.65822 15.888 0.006
5993.57533 15.730 0.006
5994.57401 16.016 0.007
5995.62169 15.960 0.006
5996.59181 15.935 0.007
5997.59396 16.137 0.007
5998.59231 15.828 0.006
5998.65275 15.860 0.006
5999.63104 16.055 0.006
6000.60843 15.723 0.005
6002.57215 16.101 0.006
6003.53823 15.899 0.006
6004.57702 16.084 0.006
6006.56474 16.015 0.006
6007.56397 15.851 0.005
6008.57178 15.943 0.006
6009.53961 16.136 0.007
6010.59164 15.872 0.007
6011.55391 16.075 0.006
6012.55302 15.737 0.006
6013.53474 16.002 0.006
6014.55372 16.018 0.006
6015.54884 15.917 0.006
6016.58968 16.115 0.006
6017.55256 15.840 0.005
6018.50780 16.042 0.007
6019.55366 15.753 0.006
6020.57847 15.976 0.006
6021.56654 16.124 0.007
6022.57659 15.885 0.006
6023.55210 16.075 0.007
6024.57494 15.784 0.006
6025.57496 16.027 0.007
6026.52124 15.918 0.007
6028.55800 16.129 0.007
6034.48908 15.901 0.006
6035.51446 16.110 0.006
6036.49129 15.817 0.006
6037.49099 16.038 0.007
6038.48271 15.803 0.007
6039.48939 15.971 0.007
6040.49167 16.132 0.007
6042.48930 16.080 0.007
6047.46636 16.134 0.008
6048.46507 15.825 0.006
6049.48840 16.039 0.006
6050.46399 15.728 0.006
6052.47967 16.097 0.007
6053.47627 15.896 0.007
6055.48529 15.808 0.006
6056.47231 16.015 0.007
6057.46820 15.813 0.006
6058.45969 15.956 0.007
6059.46951 16.127 0.007
6060.47227 15.862 0.006
6061.46275 16.067 0.008
6062.45746 15.737 0.007
6123.90693 15.923 0.006
6137.90488 16.138 0.006
6149.92850 16.053 0.007
6165.90476 16.066 0.006
6171.87057 15.773 0.005
6173.92013 15.748 0.006
6180.84912 16.013 0.006
6181.86334 15.914 0.005
6182.86790 16.120 0.006
6183.86957 15.821 0.005
6184.89614 16.047 0.006
6185.84582 15.721 0.005
6186.84284 15.968 0.006
6191.87292 16.028 0.006
6193.86021 15.942 0.006
6194.87687 16.125 0.005
6196.86468 16.076 0.006
6199.81369 16.029 0.007
6202.82114 15.812 0.006
6204.85624 15.717 0.005
6207.86699 15.889 0.006
6208.78329 16.065 0.006
6210.86572 16.035 0.006
6212.81851 15.934 0.006
6214.86965 15.866 0.007
6216.81634 15.711 0.005
6219.80132 15.903 0.006
6221.81460 15.802 0.006
6222.81554 16.028 0.007
6223.77258 15.781 0.005
6224.83716 15.981 0.006
6225.72016 16.149 0.007
6226.73252 15.855 0.006
6229.77712 16.010 0.006
6230.71894 16.037 0.008
6231.74374 15.921 0.006
6232.80969 16.126 0.007
6233.81626 15.837 0.006
6234.82012 16.059 0.006
6235.76750 15.717 0.005
6236.78506 15.982 0.006
6237.86109 16.006 0.006
6238.81878 15.916 0.006
6239.79279 16.108 0.006
6240.83606 15.845 0.006
6241.78971 16.029 0.006
6242.83267 15.733 0.005
6243.80104 15.975 0.006
6244.73390 16.136 0.006
6245.75832 15.868 0.005
6248.77501 16.008 0.006
6251.76562 16.140 0.005
6254.77549 15.723 0.005
6257.80276 15.900 0.006
6262.72762 15.945 0.005
6265.79918 16.078 0.005
6270.81551 16.141 0.005
6274.80687 16.002 0.005
6278.75422 15.795 0.005
6282.77708 16.134 0.006
6286.71034 16.010 0.006
6289.77963 16.135 0.006
6294.79967 16.084 0.006
6299.75749 15.828 0.005
6304.73840 15.743 0.005
6306.70025 16.084 0.005
6312.67254 15.958 0.005
6317.68366 16.012 0.005
6323.65691 15.736 0.005
6329.61610 16.036 0.006
6333.60649 15.873 0.005
6340.61908 15.838 0.005
6343.56288 15.990 0.006
6347.58920 15.780 0.005
6356.60663 16.039 0.006
6363.52338 16.138 0.006
6371.53732 15.832 0.005
6378.53165 15.792 0.005
6387.52180 15.992 0.006
6396.52782 16.094 0.006
6404.51302 15.749 0.005
6416.48911 15.778 0.005
6508.91832 15.717 0.005
6520.88138 15.729 0.005
6531.89065 16.097 0.006
6547.85800 15.964 0.005
6561.82602 15.901 0.005
6569.89581 16.080 0.006
6577.86607 15.715 0.005
6583.77951 16.010 0.006
6608.81972 15.740 0.005
6612.75587 16.100 0.005
6616.71773 15.945 0.005
6622.77169 15.894 0.005
6628.79740 16.004 0.005
6638.72463 16.068 0.005
6645.72256 16.045 0.005
6649.72909 15.901 0.005
6654.74811 15.972 0.005
6658.76584 15.782 0.005
6662.72665 16.133 0.006
6667.78123 16.052 0.006
6672.76287 15.763 0.005
6680.75713 15.939 0.005
6690.63972 16.034 0.005
6697.70043 16.019 0.005
6705.66368 16.139 0.006
6712.63300 16.135 0.005
6720.67241 15.816 0.005
6736.60297 16.110 0.007
6871.90777 16.129 0.006
6887.91069 16.025 0.006
6896.88093 15.923 0.006
6907.86354 15.829 0.005
6926.79326 15.934 0.005
6932.80162 15.974 0.006
6938.78738 15.773 0.006
6942.78484 16.071 0.006
6950.83561 15.728 0.005
6956.83842 16.051 0.006
6961.83305 16.092 0.006
6967.70442 15.831 0.006
6973.70991 16.084 0.006
6980.74676 16.071 0.006
6987.77774 16.046 0.006
6992.74987 16.083 0.006
6997.75563 16.141 0.007
7002.69132 16.076 0.006
7007.71280 15.744 0.005
7013.66617 16.008 0.006
7016.76961 16.138 0.006
7020.76696 16.014 0.006
7024.74969 15.834 0.006
7028.70280 16.117 0.007
7033.75687 15.839 0.006
7042.72797 16.119 0.006
7046.72916 15.963 0.005
7051.71231 16.001 0.006
7056.66012 16.032 0.006
7062.65127 15.781 0.005
7074.65913 15.830 0.005
7080.57547 16.087 0.006
7083.60220 15.896 0.005
7086.61027 15.840 0.006
7091.59118 15.906 0.005
7103.55894 15.936 0.005
7112.57112 15.821 0.006
7115.56604 15.979 0.006
7119.52617 15.755 0.006
7126.51516 15.725 0.005
7131.51973 15.777 0.006
7134.49000 15.951 0.006
7137.51991 16.067 0.006
7143.48436 15.836 0.007
7273.90473 15.732 0.006
7274.91594 16.006 0.006
7287.89205 15.884 0.006
7292.81565 15.716 0.006
7294.78683 16.114 0.007
7297.78654 15.771 0.006
7304.86507 15.752 0.005
7312.78293 15.968 0.006
7319.75556 15.923 0.007
7322.73469 16.050 0.007
7327.83860 16.119 0.006
7339.74869 16.123 0.006
7345.70680 15.883 0.006
7354.78402 15.777 0.005
7361.80634 15.728 0.005
7366.67935 15.769 0.005
7373.83269 15.789 0.005
7377.80456 16.129 0.006
7382.70240 16.093 0.006
7385.71620 15.793 0.005
7390.73736 15.865 0.005
7399.74260 15.712 0.005
7404.73217 15.776 0.005
7408.70529 16.124 0.006
7410.70666 16.048 0.006
7413.66942 16.030 0.006
7416.67628 15.817 0.005
7424.61866 16.011 0.006
7427.65415 16.127 0.006
7431.64284 15.986 0.005
7435.63727 15.790 0.005
7439.64378 16.127 0.006
7443.61310 15.992 0.005
7449.62150 15.732 0.005
7453.59596 16.092 0.005
7462.61047 16.011 0.005
7466.55815 15.827 0.006
7472.56491 16.083 0.006
7476.52061 15.936 0.005
7488.47442 15.961 0.007
7499.49762 15.739 0.006
7507.46988 15.953 0.006
