5260.62701 16.039 0.007
5261.54182 16.106 0.007
5262.60856 15.868 0.006
5264.57225 16.084 0.006
5265.50605 15.861 0.006
5266.57097 16.049 0.007
5267.55231 16.052 0.007
5268.62687 15.894 0.006
5269.53622 16.044 0.007
5271.54501 15.897 0.006
5272.56217 16.074 0.007
5273.53414 15.967 0.006
5274.56531 15.913 0.006
5276.54436 15.921 0.006
5279.53250 15.870 0.007
5281.50793 16.096 0.007
5282.52663 15.835 0.006
5283.54274 15.950 0.007
5284.54607 16.103 0.007
5285.54764 15.811 0.007
5287.54090 16.114 0.007
5294.54062 15.817 0.006
5297.50879 15.822 0.006
5299.50626 16.130 0.007
5307.49584 16.031 0.007
5310.48657 16.045 0.008
5312.51433 15.882 0.007
5315.48522 15.903 0.007
5323.47101 15.849 0.006
5325.46468 16.088 0.008
5327.46455 15.942 0.007
5335.45920 15.812 0.006
5338.46572 15.824 0.007
5342.47356 16.013 0.008
5343.48314 16.124 0.008
5430.88672 16.098 0.007
5439.89617 16.117 0.007
5444.87827 16.021 0.006
5449.88299 15.854 0.006
5451.89205 16.054 0.007
5454.87776 16.032 0.006
5456.90346 16.058 0.006
5457.88580 15.982 0.006
5461.89809 15.909 0.006
5463.86313 15.899 0.006
5467.83712 15.929 0.006
5468.81111 16.086 0.006
5470.78354 15.932 0.006
5471.83381 16.105 0.006
5476.78950 15.954 0.005
5478.77825 15.799 0.005
5480.79194 16.119 0.006
5482.76816 15.983 0.006
5483.76614 16.117 0.007
5484.87562 15.833 0.005
5486.77466 16.129 0.007
5487.85363 15.837 0.005
5488.84753 16.019 0.006
5490.71378 15.830 0.006
5491.73409 16.007 0.006
5492.76762 16.096 0.006
5493.78992 15.859 0.006
5494.83464 16.039 0.006
5495.79181 16.067 0.006
5496.78961 15.874 0.006
5497.81980 16.050 0.007
5499.72681 15.874 0.006
5502.79695 15.905 0.005
5503.75221 16.066 0.006
5505.72187 15.899 0.006
5506.73935 16.066 0.006
5507.75747 15.900 0.005
5509.66587 16.069 0.006
5510.72180 15.881 0.006
5511.69798 15.929 0.006
5512.74104 16.089 0.006
5513.71132 15.840 0.006
5514.74387 15.943 0.006
5515.66114 16.081 0.007
5516.74668 15.806 0.005
5517.86072 15.977 0.006
5518.75620 16.111 0.007
5519.67972 15.804 0.007
5521.69947 16.113 0.007
5522.72460 15.803 0.006
5523.68930 15.974 0.006
5524.69775 16.118 0.006
5525.73082 15.813 0.005
5526.68287 15.978 0.006
5527.76361 16.122 0.006
5528.70463 15.822 0.006
5529.68497 16.004 0.006
5530.69217 16.119 0.006
5531.77536 15.841 0.005
5532.68346 16.009 0.006
5533.70681 16.106 0.006
5534.73836 15.858 0.006
5535.71514 16.032 0.006
5536.71782 16.085 0.006
5539.72807 16.041 0.006
5540.81220 15.897 0.006
5541.67839 16.040 0.007
5542.73678 15.997 0.006
5543.76830 15.909 0.006
5544.75581 16.062 0.006
5545.74507 15.945 0.006
5546.69475 15.899 0.006
5547.75453 16.070 0.006
5548.71451 15.915 0.006
5549.68063 15.906 0.006
5550.73447 16.088 0.006
5551.68497 15.883 0.006
5553.73804 16.091 0.006
5554.67135 15.845 0.006
5556.68597 16.087 0.006
5557.66711 15.814 0.005
5558.66803 15.955 0.006
5559.65821 16.100 0.007
5560.64989 15.809 0.005
5561.68346 15.967 0.006
5562.70303 16.115 0.006
5563.63700 15.797 0.006
5565.66829 16.119 0.006
5566.69557 15.809 0.005
5568.71587 16.119 0.007
5569.71042 15.833 0.006
5570.74916 16.024 0.006
5571.68099 16.123 0.006
5572.79742 15.865 0.006
5575.70246 15.845 0.006
5576.67668 16.036 0.006
5577.67821 16.093 0.006
5578.68499 15.869 0.006
5579.73535 16.054 0.007
5580.67903 16.061 0.006
5581.68149 15.881 0.006
5582.68928 16.043 0.006
5583.69606 16.009 0.006
5584.68209 15.889 0.006
5585.68193 16.059 0.006
5586.64570 15.999 0.006
5588.73179 16.077 0.006
5589.63783 15.947 0.006
5591.67516 16.077 0.006
5592.65741 15.884 0.005
5593.64037 15.922 0.006
5594.65657 16.082 0.006
5595.63524 15.856 0.005
5596.69838 15.945 0.005
5597.61583 16.093 0.006
5598.67997 15.804 0.005
5599.64575 15.959 0.006
5600.67850 16.107 0.006
5601.65813 15.799 0.005
5602.65684 15.971 0.006
5603.66559 16.100 0.006
5604.66274 15.808 0.006
5605.66783 15.981 0.005
5606.67918 16.124 0.006
5607.69060 15.836 0.006
5608.67747 15.997 0.007
5609.70919 16.127 0.007
5611.63975 16.017 0.007
5612.69227 16.122 0.007
5613.65474 15.832 0.006
5614.64739 16.032 0.006
5615.64118 16.109 0.006
5616.64993 15.858 0.006
5619.64041 15.863 0.005
5620.62640 16.036 0.007
5622.63507 15.880 0.006
5623.59795 16.050 0.006
5624.53905 16.088 0.006
5625.63070 15.885 0.006
5626.59180 16.057 0.006
5627.55650 16.032 0.006
5629.59675 16.065 0.006
5630.60817 15.951 0.006
5632.55628 16.083 0.007
5633.60527 15.906 0.006
5634.56569 15.918 0.006
5635.57000 16.082 0.007
5638.57460 16.088 0.007
5639.58486 15.832 0.006
5640.52385 15.945 0.007
5641.55150 16.087 0.006
5642.49975 15.828 0.005
5643.49752 15.942 0.006
5644.50027 16.100 0.006
5645.49900 15.815 0.006
5646.51199 15.965 0.006
5647.51395 16.109 0.006
5648.51384 15.801 0.006
5649.52937 15.985 0.006
5650.50980 16.114 0.006
5651.51573 15.813 0.005
5652.51067 15.990 0.006
5653.54076 16.122 0.006
5654.54929 15.825 0.006
5655.54044 16.009 0.006
5656.54935 16.122 0.006
5657.50929 15.831 0.006
5659.50858 16.129 0.006
5660.55397 15.860 0.006
5664.48817 16.037 0.007
5665.50340 16.096 0.007
5666.50020 15.874 0.007
5667.48238 16.045 0.007
5668.48792 16.057 0.007
5669.48193 15.879 0.006
5670.53340 16.059 0.007
5671.48378 16.026 0.008
5672.47824 15.893 0.006
5674.48675 15.967 0.006
5675.47962 15.901 0.006
5676.53451 16.077 0.005
5677.47634 15.928 0.006
5678.51054 15.914 0.006
5679.47820 16.081 0.006
5680.52626 15.843 0.006
5681.48929 15.939 0.006
5682.49038 16.101 0.007
5683.49496 15.826 0.006
5684.49897 15.950 0.006
5685.47151 16.097 0.007
5686.47240 15.808 0.005
5687.47315 15.966 0.007
5691.46609 16.133 0.007
5692.51454 15.815 0.007
5694.48270 16.120 0.007
5695.46712 15.814 0.006
5696.47554 16.000 0.007
5697.46544 16.118 0.007
5699.47498 16.018 0.008
5700.46657 16.125 0.008
5702.46345 16.031 0.007
5706.46316 16.076 0.007
5709.45026 16.077 0.008
5784.92370 16.090 0.006
5795.92971 15.990 0.006
5803.87503 15.840 0.005
5805.83952 16.120 0.006
5806.89051 15.852 0.005
5809.85177 15.856 0.005
5810.85488 16.030 0.006
5812.84768 15.867 0.005
5814.86450 16.026 0.006
5815.87614 15.895 0.005
5816.85027 16.053 0.007
5817.85088 15.996 0.006
5818.87997 15.910 0.006
5819.83395 16.060 0.006
5820.90139 15.909 0.006
5822.82161 16.067 0.006
5823.89647 15.859 0.006
5824.81845 15.928 0.006
5825.80671 16.087 0.006
5826.85519 15.846 0.005
5827.84916 15.938 0.005
5828.87537 16.093 0.006
5829.84877 15.812 0.005
5830.84034 15.957 0.005
5831.83201 16.098 0.005
5832.82143 15.801 0.005
5833.80579 15.954 0.006
5834.80672 16.110 0.006
5835.86663 15.811 0.005
5836.77315 15.963 0.005
5837.85248 16.110 0.006
5839.83412 15.984 0.006
5840.81709 16.123 0.006
5841.81411 15.822 0.005
5842.83227 16.010 0.006
5843.84776 16.107 0.006
5845.86277 16.024 0.007
5846.82324 16.111 0.008
5850.78710 15.857 0.005
5851.79616 16.035 0.006
5852.77989 16.086 0.007
5853.84963 15.888 0.006
5854.75494 16.034 0.006
5855.82465 16.020 0.005
5856.79623 15.879 0.006
5857.78056 16.053 0.006
5858.83042 15.977 0.007
5859.79898 15.898 0.005
5860.78404 16.059 0.006
5861.79303 15.956 0.006
5863.79496 16.072 0.006
5864.70352 15.960 0.005
5865.77310 15.917 0.006
5866.79723 16.080 0.006
5867.73612 15.896 0.005
5868.83759 15.950 0.005
5869.80310 16.091 0.006
5870.74291 15.826 0.005
5871.72900 15.932 0.005
5872.73836 16.085 0.006
5873.73358 15.820 0.005
5874.76714 15.961 0.006
5875.70307 16.107 0.006
5878.75284 16.118 0.008
5879.68810 15.797 0.006
5880.73955 15.981 0.005
5880.79057 15.998 0.006
5881.72615 16.113 0.006
5882.75693 15.812 0.005
5883.76090 16.003 0.006
5885.69217 15.814 0.006
5886.72823 16.008 0.007
5887.80060 16.112 0.006
5888.78925 15.839 0.005
5889.83144 16.034 0.006
5890.76500 16.109 0.006
5891.72365 15.837 0.005
5892.74142 16.029 0.006
5893.75952 16.093 0.006
5894.78295 15.868 0.005
5895.80007 16.048 0.006
5896.78311 16.039 0.006
5897.72993 15.880 0.005
5898.71211 16.034 0.006
5899.77129 16.009 0.006
5900.72091 15.882 0.005
5901.77022 16.074 0.006
5902.72147 15.993 0.006
5903.77666 15.920 0.006
5904.75124 16.077 0.006
5905.72530 15.927 0.006
5906.73718 15.910 0.006
5907.71528 16.069 0.006
5908.74053 15.868 0.006
5909.78507 15.929 0.006
5910.69785 16.085 0.006
5911.72970 15.837 0.005
5912.75018 15.941 0.005
5913.72212 16.102 0.006
5914.74474 15.812 0.005
5915.70179 15.949 0.005
5916.75564 16.104 0.006
5917.71928 15.812 0.005
5922.73631 16.125 0.005
5923.71255 15.808 0.005
5924.69386 15.989 0.005
5925.70790 16.119 0.006
5926.71969 15.824 0.005
5927.71869 16.014 0.006
5929.69283 15.835 0.005
5930.83802 16.018 0.005
5931.65842 16.119 0.006
5932.65660 15.842 0.005
5933.70702 16.035 0.006
5934.70305 16.096 0.006
5935.65409 15.859 0.006
5936.64817 16.018 0.006
5937.67792 16.078 0.006
5938.67869 15.869 0.005
5939.72245 16.045 0.006
5940.75840 15.983 0.006
5941.75833 15.902 0.006
5942.78268 16.078 0.006
5943.74018 15.956 0.006
5944.73342 15.897 0.005
5945.71372 16.070 0.005
5946.65356 15.965 0.005
5946.76991 15.889 0.006
5947.72051 15.918 0.006
5948.70931 16.074 0.006
5949.72550 15.863 0.006
5950.64650 15.918 0.005
5951.67186 16.093 0.006
5952.69645 15.852 0.005
5953.69440 15.946 0.006
5954.69193 16.094 0.005
5955.71456 15.814 0.005
5956.71460 15.960 0.005
5958.73178 15.793 0.005
5959.70376 15.973 0.006
5960.70581 16.107 0.006
5961.63754 15.792 0.005
5962.63844 15.964 0.006
5963.60515 16.127 0.007
5964.61713 15.807 0.006
5965.61606 15.970 0.006
5967.63818 15.821 0.006
5968.63830 16.006 0.006
5969.61431 16.109 0.006
5970.59181 15.808 0.005
5971.68469 16.011 0.005
5972.67107 16.113 0.006
5973.65411 15.845 0.005
5976.64332 15.854 0.005
5977.67687 16.040 0.006
5978.65329 16.067 0.005
5979.60349 15.860 0.005
5980.61913 16.025 0.006
5981.64261 16.034 0.006
5982.64849 15.881 0.006
5983.69116 16.065 0.005
5984.63018 16.018 0.005
5985.66252 15.901 0.006
5986.59228 16.059 0.006
5987.66774 15.938 0.006
5988.63423 15.905 0.006
5989.59817 16.056 0.006
5990.59167 15.950 0.006
5991.66669 15.945 0.006
5992.62693 16.061 0.006
5993.58383 15.895 0.006
5994.58248 15.925 0.006
5995.63020 16.089 0.007
5996.60027 15.840 0.006
5997.60244 15.935 0.006
5998.60079 16.093 0.006
5998.66122 16.104 0.006
5999.63949 15.805 0.005
6000.61688 15.963 0.006
6002.58060 15.808 0.005
6003.54672 15.962 0.006
6004.60713 16.113 0.006
6005.57477 15.806 0.005
6006.57412 15.967 0.005
6007.57244 16.117 0.006
6009.54807 15.996 0.006
6010.60011 16.124 0.007
6011.56239 15.821 0.005
6012.56146 16.004 0.006
6013.54320 16.112 0.006
6014.56215 15.834 0.005
6015.55752 15.998 0.006
6016.59815 16.110 0.006
6017.56132 15.851 0.005
6019.56331 16.099 0.006
6020.58692 15.872 0.005
6021.57500 16.028 0.006
6022.58650 16.063 0.007
6023.56054 15.867 0.005
6024.58339 16.040 0.006
6025.58339 16.025 0.007
6026.52968 15.889 0.006
6028.56642 16.003 0.006
6031.51178 15.977 0.007
6032.50432 15.907 0.006
6033.49187 16.076 0.007
6034.49748 15.926 0.006
6035.52287 15.921 0.006
6036.49969 16.067 0.006
6037.49939 15.888 0.006
6038.49111 15.929 0.006
6039.49778 16.089 0.007
6040.50008 15.829 0.006
6042.49770 16.090 0.007
6047.47476 15.968 0.006
6048.47347 16.103 0.006
6049.49678 15.797 0.005
6050.47237 15.975 0.006
6052.48801 15.805 0.006
6053.48508 15.993 0.006
6055.49368 15.839 0.006
6056.48066 16.001 0.006
6057.47654 16.120 0.006
6058.47703 15.831 0.005
6059.47787 16.019 0.006
6060.48062 16.112 0.006
6061.47175 15.839 0.006
6062.46579 16.017 0.006
6123.91514 16.032 0.006
6137.91309 15.910 0.006
6149.93671 15.975 0.007
6164.92720 16.033 0.007
6165.91301 16.099 0.006
6171.87882 16.046 0.006
6174.90465 15.980 0.007
6179.90484 16.089 0.006
6180.85737 15.923 0.006
6181.87158 15.927 0.005
6182.87614 16.076 0.005
6183.87783 15.852 0.005
6184.90438 15.938 0.005
6185.85410 16.096 0.005
6186.85558 15.827 0.005
6191.88116 16.103 0.005
6193.86844 15.979 0.005
6194.88543 16.109 0.005
6196.80772 15.978 0.005
6196.89463 15.996 0.005
6198.85265 15.815 0.006
6198.89483 15.813 0.006
6199.80766 16.005 0.006
6199.87810 15.993 0.007
6200.82781 16.125 0.006
6200.88391 16.099 0.007
6202.74219 15.995 0.006
6202.81301 15.996 0.007
6202.88197 16.022 0.006
6202.90056 16.033 0.008
6203.74151 16.120 0.007
6203.81141 16.120 0.006
6203.86403 16.120 0.006
6203.89980 16.110 0.008
6204.72554 15.808 0.006
6204.72843 15.830 0.005
6204.78946 15.839 0.005
6204.84794 15.839 0.005
6204.89696 15.855 0.006
6205.71446 15.999 0.006
6206.78333 16.108 0.007
6207.87530 15.859 0.005
6208.77068 16.021 0.006
6210.85807 15.873 0.005
6210.87401 15.871 0.005
6212.82675 16.049 0.006
6214.87796 16.049 0.006
6216.82463 15.893 0.005
6219.80963 15.907 0.005
6221.82291 15.917 0.006
6222.82381 15.911 0.006
6222.86636 15.923 0.006
6222.86921 15.932 0.006
6223.78089 16.085 0.006
6223.85349 16.087 0.006
6223.87511 16.081 0.006
6224.83243 15.873 0.005
6224.87001 15.854 0.005
6225.64502 15.896 0.006
6225.69041 15.905 0.006
6225.72848 15.920 0.006
6225.82355 15.936 0.006
6226.68346 16.070 0.007
6226.74084 16.074 0.006
6226.79546 16.089 0.006
6226.87271 16.108 0.006
6227.81290 15.834 0.006
6228.62401 15.905 0.006
6228.68148 15.931 0.006
6229.62664 16.071 0.007
6229.69570 16.083 0.006
6229.77242 16.092 0.006
6229.86498 16.115 0.006
6230.64934 15.891 0.006
6230.71435 15.848 0.006
6230.72726 15.844 0.006
6230.86806 15.801 0.006
6231.75208 15.946 0.006
6231.86140 15.961 0.006
6232.81803 16.099 0.006
6232.87190 16.111 0.006
6233.82457 15.791 0.005
6234.82843 15.962 0.005
6235.77582 16.116 0.006
6236.79340 15.798 0.005
6237.86942 15.998 0.006
6238.82716 16.123 0.006
6239.80117 15.802 0.005
6240.84444 15.996 0.006
6241.79809 16.123 0.006
6242.84103 15.834 0.005
6243.80940 16.005 0.005
6244.74284 16.124 0.006
6245.76670 15.825 0.005
6248.78340 15.849 0.005
6251.77401 15.852 0.005
6252.75321 16.036 0.006
6252.83372 16.058 0.006
6252.85770 16.045 0.006
6254.78390 15.873 0.005
6257.81172 15.893 0.006
6262.73601 15.958 0.005
6265.80802 15.862 0.005
6270.82399 16.105 0.006
6274.81560 15.802 0.005
6277.52819 15.846 0.006
6277.53043 15.855 0.006
6277.53267 15.853 0.006
6277.53524 15.855 0.005
6277.67123 15.802 0.005
6277.75599 15.801 0.005
6278.76268 15.982 0.006
6282.78551 16.117 0.006
6286.71877 15.823 0.005
6289.78809 15.849 0.005
6294.80812 16.046 0.006
6299.76652 16.064 0.006
6300.59093 16.078 0.006
6300.67895 16.033 0.005
6300.75468 15.978 0.006
6301.54984 15.861 0.005
6301.57127 15.868 0.005
6301.59310 15.876 0.005
6301.61524 15.877 0.005
6301.63511 15.871 0.006
6301.65735 15.889 0.005
6301.67972 15.891 0.005
6301.69561 15.892 0.005
6301.72208 15.904 0.005
6301.74234 15.899 0.005
6301.76291 15.895 0.005
6301.78297 15.900 0.006
6301.80621 15.918 0.006
6301.82555 15.920 0.006
6302.56536 16.036 0.005
6302.67071 16.060 0.005
6302.76890 16.069 0.005
6303.54191 16.056 0.005
6303.74010 15.930 0.005
6304.54790 15.877 0.005
6305.69024 16.061 0.006
6306.63288 15.948 0.005
6307.62210 15.907 0.005
6308.68125 16.071 0.005
6311.69781 16.083 0.005
6312.68104 15.819 0.005
6317.69217 16.106 0.006
6323.66541 16.117 0.006
6329.62460 16.116 0.006
6333.61499 15.845 0.005
6340.62758 16.036 0.005
6343.57138 16.038 0.006
6347.59765 15.964 0.006
6356.61510 15.812 0.005
6363.53251 15.967 0.006
6371.55721 15.813 0.005
6372.51917 15.995 0.005
6372.58204 16.019 0.006
6373.53275 16.108 0.005
6373.56419 16.107 0.006
6373.59887 16.109 0.006
6374.52452 15.819 0.005
6374.54740 15.836 0.005
6374.56690 15.841 0.005
6374.58786 15.841 0.005
6374.60602 15.843 0.005
6375.51570 16.011 0.005
6375.55750 16.010 0.005
6375.59847 16.014 0.005
6376.52055 16.130 0.006
6376.59120 16.109 0.008
6377.53769 15.834 0.005
6378.54030 16.021 0.006
6387.53040 16.046 0.006
6396.53627 16.076 0.006
6404.52144 15.961 0.006
6416.49748 16.014 0.006
6508.93702 15.803 0.006
6520.88964 15.827 0.005
6531.90078 16.017 0.005
6547.86625 15.963 0.005
6561.83433 15.844 0.005
6568.90006 16.048 0.007
6569.66468 16.109 0.005
6569.71274 16.112 0.005
6569.75777 16.097 0.005
6569.85213 16.061 0.005
6569.89132 16.038 0.005
6571.84109 16.048 0.005
6577.88166 16.073 0.005
6580.79188 16.063 0.006
6583.78784 16.074 0.006
6592.73784 16.094 0.006
6592.75027 16.098 0.006
6592.77858 16.106 0.006
6593.63576 15.820 0.006
6593.66056 15.818 0.005
6593.68250 15.822 0.006
6593.70263 15.815 0.006
6593.72099 15.804 0.006
6593.74911 15.793 0.005
6593.76941 15.784 0.005
6593.79110 15.797 0.005
6593.81892 15.807 0.006
6593.84030 15.803 0.006
6593.85420 15.807 0.005
6593.86829 15.796 0.006
6594.71017 15.987 0.005
6594.72972 15.955 0.006
6594.75521 15.980 0.006
6594.78159 15.970 0.006
6594.83089 15.988 0.006
6595.70974 16.111 0.006
6595.76252 16.094 0.005
6595.81111 16.113 0.005
6595.85963 16.120 0.006
6596.77333 15.795 0.005
6608.82809 15.862 0.005
6612.76429 16.026 0.005
6616.72615 16.054 0.005
6622.78011 15.913 0.005
6628.80774 15.813 0.005
6638.73311 15.971 0.005
6645.73102 16.105 0.006
6649.73796 15.850 0.005
6654.75807 16.042 0.005
6658.77471 15.898 0.005
6662.73654 16.065 0.005
6667.79669 15.939 0.006
6672.77141 15.801 0.006
6680.76565 16.134 0.006
6690.64827 15.846 0.005
6697.70893 16.042 0.005
6705.67216 15.912 0.006
6712.64150 16.093 0.005
6720.68092 15.976 0.006
6736.61145 16.111 0.007
6871.92099 15.812 0.005
6887.91891 16.058 0.006
6896.88970 16.075 0.006
6926.80156 16.109 0.006
6932.81022 16.030 0.006
6938.79567 15.947 0.006
6942.79315 15.930 0.006
6950.84395 15.796 0.005
6956.76766 15.817 0.006
6956.84679 15.813 0.005
6961.84138 16.116 0.006
6967.71280 16.127 0.008
6973.71826 16.066 0.006
6980.75521 15.903 0.005
6987.78616 16.106 0.006
6992.75833 15.976 0.006
6997.76408 15.813 0.006
7002.70789 16.130 0.006
7007.71921 16.027 0.006
7013.67258 16.033 0.006
7016.77825 16.064 0.006
7020.78032 15.916 0.006
7024.75815 15.934 0.006
7028.71132 16.090 0.006
7033.76538 15.979 0.006
7037.73892 16.114 0.006
7042.73649 16.006 0.006
7046.73769 16.120 0.006
7051.72823 16.028 0.006
7056.66864 15.866 0.006
7062.66034 15.896 0.006
7069.65649 16.092 0.006
7074.66764 15.956 0.006
7080.58394 15.981 0.006
7083.61068 15.991 0.006
7086.61881 16.007 0.006
7091.59964 15.843 0.006
7103.56763 15.884 0.005
7112.57999 15.942 0.006
7115.57454 15.961 0.006
7119.53461 16.096 0.007
7126.52357 15.804 0.005
7131.52813 16.123 0.007
7134.49841 16.123 0.007
7137.52831 16.098 0.006
7143.49298 16.048 0.007
7277.90020 16.123 0.006
7287.90032 15.880 0.006
7292.83291 16.002 0.007
7294.79589 16.053 0.006
7297.79481 16.062 0.006
7304.87369 15.810 0.005
7312.79166 16.118 0.006
7319.77027 15.831 0.006
7322.74301 15.828 0.006
7327.84694 16.059 0.006
7339.75707 15.934 0.005
7345.71557 15.869 0.006
7354.79240 15.807 0.005
7361.81525 16.030 0.006
7366.68782 15.843 0.005
7373.84112 16.063 0.006
7377.81301 15.922 0.006
7382.71124 16.081 0.006
7385.72467 16.090 0.006
7390.74648 15.953 0.005
7399.75108 16.006 0.007
7404.74067 15.839 0.005
7408.71377 16.029 0.006
7410.71515 15.865 0.006
7413.67791 15.872 0.006
7416.68479 15.891 0.005
7424.62716 15.943 0.005
7427.66273 15.862 0.005
7431.65292 15.935 0.005
7435.64650 16.073 0.006
7439.65268 15.801 0.005
7443.62429 15.991 0.005
7449.63001 16.029 0.006
7453.60446 16.102 0.006
7462.61893 15.962 0.005
7466.56660 15.909 0.006
7472.57338 15.944 0.006
7476.52907 16.090 0.006
7488.48287 16.128 0.006
7499.50603 16.042 0.006
7507.47825 15.902 0.006
