5261.66571 15.787 0.007
5262.65974 15.661 0.008
5264.62882 15.834 0.008
5265.62831 15.790 0.008
5266.62224 15.662 0.007
5267.63401 15.622 0.008
5268.61637 15.834 0.008
5269.58574 15.780 0.008
5270.58797 15.660 0.007
5271.59526 15.626 0.007
5273.58355 15.794 0.008
5274.61479 15.674 0.008
5276.59417 15.826 0.008
5279.58229 15.619 0.008
5281.57245 15.801 0.008
5282.57702 15.700 0.008
5285.56706 15.803 0.008
5287.56385 15.598 0.008
5290.49704 15.663 0.008
5293.49293 15.798 0.008
5295.52174 15.611 0.008
5296.59693 15.764 0.008
5297.54451 15.826 0.008
5299.52709 15.610 0.007
5301.55010 15.839 0.008
5305.54774 15.832 0.008
5307.48412 15.586 0.008
5308.55415 15.733 0.008
5309.57490 15.835 0.008
5311.54113 15.599 0.008
5313.52368 15.854 0.008
5315.50439 15.598 0.008
5321.49089 15.835 0.008
5322.50098 15.731 0.008
5324.50535 15.701 0.008
5326.51284 15.751 0.008
5327.50286 15.612 0.007
5335.49327 15.630 0.008
5342.49344 15.773 0.009
5432.92194 15.864 0.009
5443.87282 15.654 0.007
5445.89339 15.775 0.007
5448.90427 15.853 0.007
5451.84738 15.657 0.008
5454.89664 15.661 0.007
5457.79126 15.748 0.007
5461.86909 15.806 0.007
5465.88835 15.830 0.008
5467.87122 15.594 0.007
5468.86020 15.827 0.008
5470.83525 15.671 0.007
5471.88285 15.580 0.006
5473.81773 15.789 0.007
5477.82088 15.811 0.007
5478.84268 15.697 0.007
5481.76655 15.808 0.008
5483.79948 15.595 0.007
5484.81195 15.803 0.007
5486.79367 15.705 0.008
5487.79553 15.577 0.006
5488.86669 15.726 0.007
5490.85860 15.727 0.008
5491.84662 15.578 0.007
5492.78836 15.791 0.008
5493.81062 15.836 0.008
5494.85541 15.743 0.007
5495.81261 15.585 0.007
5496.81042 15.764 0.008
5497.84057 15.852 0.008
5499.74761 15.585 0.007
5502.81775 15.729 0.007
5503.77300 15.591 0.006
5505.74271 15.831 0.007
5506.76020 15.729 0.007
5507.77833 15.592 0.006
5509.68669 15.836 0.007
5510.74260 15.738 0.007
5511.71886 15.594 0.007
5512.76191 15.722 0.007
5513.73221 15.858 0.007
5514.76473 15.757 0.007
5515.68202 15.597 0.007
5516.76758 15.701 0.007
5517.68070 15.830 0.008
5518.77715 15.773 0.008
5519.70357 15.601 0.008
5521.72039 15.842 0.008
5522.74552 15.752 0.007
5523.71021 15.600 0.007
5524.71872 15.678 0.007
5525.75172 15.855 0.007
5526.70383 15.761 0.007
5527.78452 15.645 0.007
5528.72564 15.676 0.007
5529.70592 15.849 0.007
5530.71312 15.772 0.008
5531.79636 15.671 0.006
5532.70452 15.675 0.006
5533.72786 15.848 0.008
5534.75934 15.787 0.007
5535.73621 15.652 0.007
5536.73886 15.613 0.007
5539.74909 15.660 0.007
5540.83328 15.570 0.007
5541.69944 15.856 0.008
5542.75862 15.814 0.008
5543.79285 15.692 0.008
5544.77686 15.584 0.006
5545.76615 15.822 0.007
5546.71587 15.803 0.008
5547.77564 15.712 0.007
5548.74353 15.604 0.007
5549.70342 15.829 0.008
5550.75567 15.820 0.008
5551.71317 15.680 0.007
5553.75916 15.784 0.008
5556.70715 15.574 0.007
5557.68830 15.821 0.007
5558.68920 15.815 0.007
5559.73238 15.710 0.007
5560.67110 15.593 0.006
5561.70487 15.811 0.008
5562.72423 15.832 0.007
5563.65820 15.689 0.007
5565.69009 15.784 0.007
5566.71678 15.825 0.007
5568.73708 15.592 0.007
5569.73165 15.738 0.008
5570.77114 15.843 0.007
5571.70276 15.721 0.007
5572.81976 15.625 0.007
5575.72372 15.736 0.007
5576.69789 15.590 0.007
5577.70016 15.738 0.007
5578.70752 15.857 0.008
5579.75742 15.767 0.008
5580.70144 15.609 0.007
5581.70358 15.723 0.007
5582.71052 15.833 0.008
5583.71895 15.753 0.007
5584.70325 15.604 0.007
5585.70319 15.682 0.007
5586.66695 15.832 0.007
5587.64916 15.739 0.006
5588.75309 15.615 0.007
5589.65908 15.721 0.007
5591.69643 15.760 0.007
5592.67867 15.620 0.006
5593.66163 15.689 0.007
5594.67791 15.865 0.007
5595.65655 15.758 0.007
5596.71963 15.645 0.006
5597.63711 15.696 0.007
5598.70343 15.845 0.007
5599.66708 15.769 0.007
5600.69977 15.644 0.007
5601.67939 15.633 0.006
5602.67814 15.826 0.007
5603.68484 15.779 0.008
5604.68523 15.642 0.007
5605.68774 15.611 0.006
5606.70005 15.845 0.007
5607.71060 15.806 0.008
5608.70368 15.673 0.008
5609.72842 15.596 0.007
5611.65895 15.801 0.008
5612.71149 15.702 0.008
5613.67466 15.612 0.008
5614.66699 15.823 0.007
5615.66038 15.790 0.007
5616.67640 15.663 0.007
5619.65830 15.801 0.007
5622.66019 15.832 0.007
5623.61922 15.804 0.007
5624.56046 15.645 0.006
5625.65193 15.596 0.007
5626.61301 15.835 0.008
5627.57780 15.797 0.007
5629.61798 15.601 0.007
5630.62940 15.802 0.008
5632.57761 15.669 0.008
5633.62651 15.589 0.007
5634.58698 15.819 0.008
5635.59125 15.795 0.008
5638.59587 15.806 0.008
5639.57163 15.818 0.008
5640.54504 15.696 0.008
5641.57428 15.596 0.007
5642.52097 15.841 0.007
5643.51871 15.799 0.008
5644.52147 15.681 0.007
5645.52018 15.611 0.007
5646.53322 15.796 0.007
5647.53516 15.795 0.007
5648.53581 15.688 0.007
5649.55057 15.582 0.007
5650.53103 15.788 0.007
5651.53689 15.825 0.006
5652.53184 15.696 0.007
5653.56193 15.591 0.006
5654.57039 15.763 0.007
5655.56166 15.839 0.008
5656.57047 15.742 0.007
5657.53040 15.609 0.007
5659.52972 15.834 0.007
5660.57512 15.733 0.007
5664.50928 15.707 0.008
5665.52450 15.591 0.007
5666.52131 15.732 0.008
5667.50347 15.826 0.008
5668.50940 15.732 0.008
5669.50298 15.597 0.007
5670.55451 15.703 0.007
5671.50488 15.839 0.008
5672.49973 15.753 0.007
5674.50782 15.742 0.007
5675.50109 15.854 0.007
5676.55687 15.763 0.005
5677.49772 15.606 0.007
5678.53156 15.697 0.007
5679.49919 15.825 0.007
5680.54798 15.756 0.008
5681.51262 15.625 0.007
5682.51181 15.654 0.008
5683.51637 15.838 0.008
5684.52136 15.762 0.008
5685.49283 15.614 0.007
5686.49335 15.688 0.007
5687.49552 15.854 0.008
5691.48702 15.830 0.008
5694.50360 15.649 0.008
5695.48803 15.817 0.008
5696.49641 15.754 0.008
5697.48637 15.649 0.007
5699.49586 15.817 0.008
5700.48744 15.779 0.008
5702.48428 15.626 0.007
5709.47105 15.675 0.006
5785.90983 15.698 0.007
5796.91174 15.662 0.007
5803.89557 15.754 0.007
5805.86000 15.654 0.007
5806.91104 15.825 0.007
5809.87222 15.662 0.006
5810.87537 15.836 0.007
5812.86830 15.679 0.007
5814.91730 15.791 0.008
5815.89669 15.777 0.007
5816.87081 15.667 0.007
5817.87248 15.608 0.006
5818.90049 15.776 0.007
5819.85450 15.774 0.007
5822.84216 15.818 0.007
5824.83899 15.694 0.007
5825.82725 15.649 0.006
5826.87578 15.807 0.007
5827.86975 15.815 0.007
5828.89599 15.719 0.007
5829.86932 15.630 0.006
5830.86091 15.765 0.007
5831.85260 15.793 0.006
5832.84207 15.693 0.006
5833.82634 15.603 0.006
5834.82735 15.769 0.006
5835.88729 15.803 0.007
5836.79376 15.680 0.006
5837.87407 15.602 0.006
5839.85480 15.823 0.007
5840.83832 15.720 0.007
5841.83533 15.626 0.007
5842.85299 15.772 0.008
5843.86845 15.839 0.007
5845.88342 15.638 0.008
5846.84398 15.744 0.008
5850.80861 15.716 0.007
5851.81681 15.811 0.007
5853.87234 15.617 0.007
5854.77603 15.765 0.007
5855.84536 15.831 0.007
5856.81697 15.745 0.008
5857.81764 15.652 0.008
5858.85119 15.725 0.008
5859.81973 15.819 0.007
5860.80478 15.757 0.007
5861.81379 15.649 0.007
5863.81696 15.815 0.007
5864.72425 15.689 0.006
5865.79427 15.614 0.006
5866.81801 15.663 0.007
5867.75691 15.800 0.007
5868.85876 15.764 0.007
5869.82397 15.625 0.006
5870.76372 15.710 0.007
5871.74987 15.837 0.007
5872.75918 15.757 0.007
5873.75444 15.645 0.006
5874.79142 15.701 0.007
5875.72390 15.813 0.007
5878.82487 15.658 0.008
5879.73219 15.805 0.008
5880.76049 15.739 0.007
5881.74700 15.624 0.007
5882.77783 15.641 0.007
5883.78178 15.793 0.007
5885.71885 15.643 0.007
5886.74915 15.673 0.007
5887.82156 15.802 0.007
5888.81018 15.802 0.007
5889.85242 15.711 0.007
5890.78594 15.668 0.007
5891.74461 15.828 0.007
5892.76238 15.793 0.007
5893.78050 15.686 0.007
5894.80398 15.639 0.007
5895.82106 15.769 0.007
5896.80416 15.777 0.008
5897.75093 15.649 0.006
5898.73314 15.616 0.006
5899.79229 15.765 0.007
5900.74195 15.775 0.007
5901.79123 15.683 0.007
5902.74252 15.627 0.007
5903.79765 15.785 0.007
5904.77232 15.818 0.007
5905.74633 15.712 0.007
5906.75820 15.634 0.007
5907.73629 15.803 0.007
5908.76166 15.814 0.007
5909.80614 15.733 0.007
5910.71896 15.636 0.006
5911.75083 15.763 0.007
5912.77127 15.777 0.007
5913.74320 15.691 0.006
5914.76588 15.594 0.006
5915.72293 15.758 0.006
5916.77922 15.794 0.007
5917.74044 15.696 0.006
5922.75750 15.655 0.006
5923.73369 15.763 0.006
5924.71502 15.807 0.007
5925.72905 15.740 0.007
5926.74085 15.640 0.006
5927.73982 15.719 0.006
5929.71404 15.702 0.007
5930.85921 15.646 0.006
5931.68106 15.722 0.007
5932.67932 15.806 0.007
5933.72822 15.724 0.007
5934.72430 15.616 0.006
5936.66984 15.834 0.007
5937.69914 15.769 0.007
5938.70046 15.650 0.006
5939.74403 15.717 0.007
5940.77961 15.836 0.007
5941.78028 15.783 0.007
5942.80492 15.695 0.006
5943.76179 15.657 0.006
5944.75467 15.789 0.006
5945.73538 15.737 0.006
5946.67522 15.617 0.006
5946.79120 15.667 0.007
5947.74222 15.630 0.006
5948.73059 15.791 0.007
5949.74676 15.772 0.007
5950.66774 15.637 0.006
5951.69315 15.686 0.006
5952.71773 15.848 0.007
5953.71565 15.783 0.007
5954.71323 15.695 0.006
5955.73585 15.686 0.007
5956.73585 15.820 0.007
5958.75307 15.706 0.007
5959.72507 15.658 0.006
5960.72707 15.771 0.006
5961.65883 15.729 0.006
5962.65973 15.640 0.007
5963.62649 15.647 0.007
5964.63843 15.800 0.007
5965.63731 15.750 0.007
5967.65948 15.666 0.007
5968.65961 15.842 0.007
5969.63560 15.794 0.007
5970.61310 15.686 0.006
5971.70597 15.663 0.006
5972.69231 15.810 0.007
5973.67542 15.784 0.006
5974.63045 15.685 0.006
5976.66460 15.749 0.007
5977.69817 15.768 0.007
5978.67463 15.668 0.006
5979.62472 15.616 0.007
5980.65492 15.757 0.007
5981.66385 15.791 0.007
5982.66983 15.692 0.007
5983.71291 15.627 0.006
5984.65192 15.802 0.006
5985.68384 15.834 0.007
5986.61356 15.720 0.006
5987.68939 15.664 0.006
5988.65548 15.780 0.007
5989.61944 15.794 0.007
5990.61586 15.690 0.008
5991.68798 15.655 0.007
5992.64821 15.729 0.007
5993.60507 15.760 0.007
5994.60454 15.671 0.007
5995.65143 15.579 0.007
5996.62155 15.731 0.008
5997.62371 15.798 0.007
5998.62205 15.710 0.007
5998.68336 15.715 0.007
5999.66605 15.630 0.006
6000.63812 15.773 0.007
6002.60178 15.747 0.007
6003.56805 15.665 0.007
6004.62838 15.764 0.007
6005.61142 15.817 0.007
6006.59536 15.718 0.006
6007.59366 15.631 0.006
6008.64805 15.696 0.006
6009.56921 15.765 0.007
6010.62480 15.710 0.007
6011.58360 15.598 0.006
6012.61929 15.669 0.006
6013.56436 15.816 0.007
6014.58331 15.737 0.007
6015.57967 15.645 0.006
6016.62008 15.723 0.006
6017.58305 15.848 0.007
6018.53818 15.755 0.007
6019.58690 15.690 0.007
6020.60841 15.726 0.007
6021.59619 15.821 0.008
6022.60809 15.767 0.007
6023.58168 15.628 0.007
6024.60453 15.656 0.007
6025.60455 15.782 0.008
6026.55083 15.715 0.007
6028.58756 15.631 0.007
6032.52541 15.755 0.008
6033.51298 15.845 0.008
6034.51851 15.786 0.007
6035.54395 15.703 0.007
6036.52083 15.728 0.007
6037.52045 15.797 0.008
6038.51217 15.750 0.008
6039.51887 15.655 0.007
6040.52114 15.651 0.007
6042.51879 15.717 0.008
6047.49571 15.679 0.007
6048.49447 15.708 0.007
6049.51776 15.845 0.007
6050.49331 15.815 0.008
6052.50900 15.700 0.007
6053.50605 15.782 0.007
6055.51462 15.668 0.007
6056.50158 15.611 0.007
6057.51386 15.733 0.006
6058.50517 15.736 0.007
6059.49881 15.647 0.006
6060.50207 15.609 0.007
6061.49523 15.787 0.008
6062.48669 15.798 0.008
6064.48848 15.669 0.007
6070.48985 15.775 0.008
6079.47184 15.738 0.008
6123.93569 15.780 0.007
6137.93361 15.801 0.007
6164.92179 15.744 0.007
6166.90489 15.678 0.006
6171.89929 15.713 0.006
6180.87793 15.707 0.007
6181.89207 15.775 0.006
6182.89665 15.707 0.006
6183.89836 15.641 0.006
6185.87464 15.860 0.007
6186.87612 15.781 0.006
6191.90180 15.652 0.006
6196.89143 15.653 0.006
6199.84048 15.668 0.007
6202.84795 15.802 0.007
6204.88313 15.765 0.006
6212.84748 15.635 0.007
6216.84530 15.736 0.006
6219.83031 15.730 0.007
6221.84359 15.799 0.007
6222.84454 15.744 0.007
6223.80165 15.631 0.006
6224.86725 15.635 0.006
6225.74923 15.747 0.007
6226.76164 15.699 0.007
6229.80417 15.778 0.007
6230.74803 15.796 0.008
6231.77285 15.707 0.007
6232.83892 15.697 0.007
6233.84806 15.859 0.007
6234.84925 15.852 0.007
6235.79665 15.755 0.006
6236.81426 15.721 0.006
6238.84800 15.771 0.006
6239.82205 15.681 0.006
6240.86531 15.641 0.007
6241.81895 15.693 0.007
6242.86191 15.717 0.007
6243.83069 15.628 0.006
6244.77103 15.598 0.006
6245.78759 15.750 0.006
6248.80430 15.689 0.006
6251.79494 15.773 0.006
6254.80484 15.766 0.006
6257.83385 15.670 0.007
6262.75704 15.800 0.006
6265.82987 15.783 0.006
6270.85441 15.805 0.007
6274.83671 15.728 0.006
6278.78442 15.794 0.006
6282.80662 15.870 0.006
6286.73994 15.764 0.006
6289.80923 15.621 0.006
6294.83121 15.729 0.006
6299.78773 15.825 0.006
6306.72789 15.710 0.006
6312.71934 15.726 0.005
6317.71422 15.710 0.006
6323.68708 15.731 0.006
6329.64591 15.724 0.007
6333.63750 15.686 0.006
6340.64889 15.681 0.006
6343.59265 15.821 0.006
6347.61898 15.812 0.007
6356.63631 15.706 0.006
6363.55379 15.793 0.006
6371.57671 15.757 0.006
6378.55760 15.742 0.006
6387.55193 15.736 0.006
6396.55743 15.795 0.006
6404.54260 15.754 0.006
6416.51851 15.737 0.006
6509.93701 15.631 0.006
6520.91023 15.713 0.006
6531.92141 15.792 0.006
6547.88809 15.818 0.006
6561.85555 15.679 0.006
6571.86182 15.758 0.006
6578.88179 15.653 0.006
6583.80860 15.778 0.006
6608.84909 15.782 0.005
6612.78534 15.789 0.006
6616.74722 15.787 0.006
6622.80118 15.664 0.006
6628.82958 15.783 0.006
6638.75468 15.659 0.005
6645.75225 15.772 0.006
6649.75921 15.784 0.006
6654.77934 15.710 0.005
6658.80466 15.718 0.005
6662.80870 15.743 0.006
6667.84476 15.665 0.006
6673.77601 15.788 0.007
6680.78699 15.685 0.006
6690.67966 15.736 0.005
6697.72614 15.798 0.006
6705.69356 15.790 0.007
6712.66078 15.672 0.006
6722.62158 15.768 0.006
6736.63273 15.625 0.007
6738.56123 15.772 0.006
6742.56834 15.800 0.006
6742.57044 15.803 0.006
6744.57419 15.635 0.006
6744.57625 15.641 0.006
6745.54153 15.791 0.007
6745.54362 15.784 0.007
6746.54463 15.730 0.006
6746.54671 15.785 0.007
6747.52500 15.687 0.006
6749.52378 15.754 0.006
6751.49005 15.684 0.005
6752.55769 15.628 0.005
6753.50222 15.760 0.006
6754.48902 15.801 0.006
6756.49161 15.618 0.005
6757.48437 15.763 0.007
6759.47202 15.711 0.007
6761.48132 15.760 0.007
6763.47259 15.714 0.007
6765.47334 15.740 0.007
6770.47623 15.786 0.006
6871.94158 15.643 0.008
6888.91011 15.649 0.006
6896.91025 15.648 0.006
6907.89308 15.678 0.006
6926.82225 15.813 0.006
6932.83094 15.610 0.006
6938.81638 15.824 0.007
6942.81394 15.825 0.007
6950.86476 15.818 0.006
6956.86763 15.645 0.006
6961.86226 15.628 0.006
6967.73374 15.742 0.008
6973.73918 15.649 0.006
6980.77621 15.683 0.006
6987.80722 15.811 0.007
6992.77940 15.715 0.006
6997.78519 15.614 0.006
7002.72698 15.778 0.007
7007.73826 15.833 0.007
7013.69377 15.607 0.006
7016.79740 15.755 0.006
7020.80197 15.757 0.007
7024.77734 15.777 0.007
7028.72838 15.760 0.007
7032.78274 15.780 0.006
7037.76026 15.667 0.006
7042.75786 15.610 0.006
7047.72100 15.817 0.006
7051.74963 15.784 0.006
7056.69000 15.824 0.007
7062.68169 15.592 0.006
7069.67835 15.705 0.006
7080.60525 15.824 0.007
7083.63198 15.758 0.007
7086.64103 15.591 0.006
7091.62094 15.746 0.007
7103.59185 15.695 0.006
7112.59915 15.830 0.007
7119.55373 15.648 0.007
7126.54473 15.658 0.006
7134.51953 15.642 0.006
7137.54938 15.812 0.007
7143.51399 15.584 0.007
7278.86561 15.589 0.006
7292.85625 15.872 0.007
7294.81728 15.599 0.006
7297.81599 15.755 0.007
7306.87415 15.671 0.006
7312.81239 15.840 0.007
7322.76740 15.658 0.007
7327.87396 15.595 0.008
7339.77797 15.593 0.006
7345.73657 15.817 0.007
7354.81343 15.765 0.006
7361.83630 15.839 0.007
7366.70890 15.740 0.006
7373.86243 15.844 0.008
7377.83418 15.811 0.006
7382.73240 15.780 0.007
7385.74589 15.851 0.007
7390.76772 15.808 0.006
7399.77233 15.706 0.007
7403.78771 15.724 0.006
7408.73503 15.584 0.006
7410.73641 15.818 0.007
7413.69914 15.801 0.007
7416.70607 15.583 0.006
7424.64844 15.577 0.006
7427.68211 15.707 0.006
7431.67405 15.734 0.006
7435.66824 15.749 0.006
7439.67511 15.736 0.006
7443.64569 15.735 0.006
7449.65132 15.688 0.006
7453.62667 15.693 0.006
7462.64043 15.851 0.006
7466.58781 15.843 0.007
7472.59459 15.644 0.007
7476.55033 15.639 0.006
7488.50401 15.636 0.006
7499.52712 15.813 0.007
7508.47258 15.686 0.006
