5260.62491 16.783 0.008
5261.53973 16.587 0.008
5262.60647 16.763 0.008
5264.57016 16.767 0.008
5265.50395 16.594 0.008
5266.56887 16.766 0.009
5267.55022 16.604 0.008
5268.62477 16.779 0.008
5269.53415 16.602 0.008
5271.54295 16.595 0.008
5272.56012 16.751 0.008
5273.53208 16.603 0.008
5274.56324 16.746 0.008
5276.54229 16.731 0.008
5279.53045 16.636 0.009
5281.50586 16.634 0.008
5282.52458 16.711 0.008
5283.54067 16.655 0.010
5284.54401 16.703 0.008
5285.54561 16.641 0.009
5287.53885 16.668 0.009
5289.51512 16.659 0.008
5292.55580 16.689 0.008
5294.53859 16.663 0.008
5297.50678 16.727 0.008
5299.50424 16.737 0.008
5307.49382 16.763 0.008
5310.48457 16.626 0.009
5315.48324 16.793 0.009
5323.46903 16.745 0.008
5325.46270 16.749 0.012
5327.46258 16.768 0.009
5335.45725 16.722 0.009
5338.46375 16.640 0.011
5342.47160 16.631 0.012
5343.48117 16.722 0.011
5429.93287 16.622 0.009
5430.88467 16.714 0.009
5439.89410 16.646 0.008
5444.87622 16.663 0.008
5449.88091 16.726 0.008
5451.88996 16.726 0.009
5454.87567 16.631 0.008
5456.90135 16.627 0.007
5457.88371 16.744 0.007
5461.89599 16.767 0.008
5463.86103 16.786 0.008
5467.83499 16.770 0.008
5468.80899 16.593 0.008
5470.78142 16.597 0.008
5471.83168 16.754 0.008
5476.78736 16.601 0.007
5478.77611 16.609 0.007
5480.78979 16.614 0.008
5482.76602 16.627 0.008
5483.76399 16.733 0.008
5484.87347 16.607 0.007
5486.77249 16.615 0.008
5487.85147 16.720 0.007
5488.84537 16.613 0.007
5490.71162 16.668 0.008
5491.73193 16.668 0.008
5492.76544 16.641 0.008
5493.78777 16.681 0.008
5494.83250 16.647 0.008
5495.78964 16.684 0.008
5496.78744 16.663 0.008
5497.81763 16.687 0.008
5499.72462 16.669 0.008
5502.79478 16.707 0.007
5503.75002 16.633 0.007
5505.71969 16.645 0.008
5506.73715 16.745 0.007
5507.75528 16.640 0.007
5509.66370 16.607 0.007
5510.71961 16.763 0.008
5511.69578 16.615 0.008
5512.73885 16.769 0.008
5513.70912 16.618 0.008
5514.74166 16.771 0.008
5515.65893 16.605 0.008
5516.74449 16.776 0.008
5517.65759 16.603 0.008
5517.85853 16.628 0.008
5518.75399 16.753 0.009
5519.67752 16.592 0.009
5521.69727 16.596 0.008
5522.72241 16.774 0.009
5523.68710 16.602 0.008
5524.69555 16.756 0.008
5525.72862 16.600 0.007
5526.68067 16.753 0.008
5527.76141 16.589 0.007
5528.70243 16.747 0.008
5529.68276 16.593 0.008
5530.68997 16.746 0.008
5531.77315 16.598 0.007
5532.68126 16.745 0.008
5533.70460 16.612 0.008
5534.73617 16.753 0.008
5535.71295 16.608 0.007
5536.71561 16.732 0.008
5539.72586 16.607 0.007
5540.80998 16.743 0.008
5541.67618 16.625 0.008
5542.73457 16.714 0.008
5543.76609 16.610 0.008
5544.75361 16.716 0.008
5545.74288 16.619 0.008
5546.69255 16.703 0.008
5547.75233 16.646 0.008
5548.71230 16.698 0.008
5549.67684 16.652 0.008
5550.73226 16.692 0.008
5551.68278 16.657 0.008
5553.73582 16.667 0.008
5554.66915 16.673 0.008
5556.68377 16.672 0.007
5557.66492 16.710 0.008
5558.66583 16.673 0.008
5559.65601 16.716 0.008
5560.64769 16.648 0.007
5561.68126 16.731 0.008
5562.70082 16.655 0.008
5563.63480 16.723 0.008
5565.66608 16.744 0.008
5566.69337 16.633 0.008
5568.71367 16.615 0.008
5569.70822 16.763 0.008
5570.74695 16.638 0.007
5571.67880 16.762 0.008
5572.79522 16.644 0.008
5575.70028 16.771 0.008
5576.67448 16.611 0.007
5577.67605 16.772 0.008
5578.68281 16.597 0.008
5579.73317 16.752 0.008
5580.67685 16.603 0.007
5581.67931 16.764 0.008
5582.68711 16.585 0.008
5583.69389 16.774 0.008
5584.67991 16.595 0.008
5585.67977 16.770 0.008
5586.64352 16.593 0.008
5587.62564 16.774 0.008
5588.72960 16.598 0.008
5589.63566 16.762 0.008
5591.67301 16.750 0.007
5592.65525 16.597 0.007
5593.63821 16.749 0.008
5594.65440 16.606 0.007
5595.63304 16.741 0.008
5596.69624 16.606 0.007
5597.61367 16.720 0.008
5598.67781 16.606 0.007
5599.64362 16.735 0.008
5600.67636 16.618 0.007
5601.65597 16.717 0.007
5602.65469 16.626 0.007
5603.66345 16.723 0.008
5604.66059 16.623 0.008
5605.66569 16.707 0.007
5606.67704 16.621 0.007
5607.68847 16.721 0.008
5608.67534 16.652 0.008
5609.70705 16.706 0.008
5611.63762 16.686 0.009
5612.69014 16.655 0.008
5613.65164 16.686 0.008
5614.64527 16.668 0.008
5615.63907 16.670 0.007
5616.64781 16.703 0.008
5619.63830 16.658 0.007
5620.62366 16.709 0.008
5622.63295 16.735 0.008
5623.59586 16.642 0.007
5624.53695 16.762 0.008
5625.62860 16.633 0.008
5626.58970 16.765 0.008
5627.55442 16.621 0.007
5629.59466 16.614 0.007
5630.60609 16.761 0.008
5632.55419 16.799 0.008
5633.60320 16.600 0.007
5634.56361 16.773 0.008
5635.56792 16.613 0.008
5638.57253 16.775 0.010
5639.58277 16.609 0.009
5640.52177 16.771 0.010
5641.54943 16.589 0.008
5642.49769 16.770 0.008
5643.49546 16.604 0.008
5644.49821 16.753 0.008
5645.49692 16.602 0.008
5646.50995 16.735 0.008
5647.51189 16.592 0.007
5648.51178 16.755 0.008
5649.52733 16.600 0.008
5650.50776 16.741 0.008
5651.51370 16.597 0.007
5652.50863 16.737 0.008
5653.53872 16.604 0.007
5654.54726 16.741 0.008
5655.53842 16.624 0.008
5656.54731 16.727 0.008
5657.50726 16.627 0.008
5659.50654 16.632 0.007
5660.55195 16.732 0.008
5664.48614 16.702 0.009
5665.50138 16.669 0.009
5666.49818 16.678 0.009
5667.48037 16.669 0.008
5668.48590 16.655 0.008
5669.47991 16.686 0.008
5670.53141 16.674 0.008
5671.48176 16.710 0.010
5672.47624 16.648 0.008
5674.48474 16.638 0.008
5675.47761 16.752 0.009
5676.53252 16.652 0.005
5677.47433 16.757 0.008
5678.50854 16.651 0.007
5679.47620 16.737 0.008
5680.52427 16.631 0.008
5681.48730 16.747 0.008
5682.48839 16.625 0.008
5683.49291 16.762 0.008
5684.49699 16.628 0.008
5685.46954 16.750 0.009
5686.47043 16.610 0.007
5687.47117 16.773 0.009
5691.46412 16.788 0.009
5692.51198 16.600 0.009
5694.47720 16.584 0.008
5695.46467 16.752 0.008
5696.47357 16.603 0.009
5697.46347 16.767 0.008
5699.47301 16.758 0.011
5700.46460 16.590 0.008
5702.46149 16.592 0.008
5706.46037 16.598 0.008
5709.44830 16.736 0.011
5783.93814 16.614 0.008
5795.92766 16.592 0.008
5803.87297 16.614 0.007
5805.83745 16.624 0.007
5806.88844 16.708 0.008
5809.84970 16.641 0.007
5810.85281 16.690 0.008
5812.84560 16.683 0.007
5814.86242 16.693 0.008
5815.87406 16.663 0.008
5816.84818 16.676 0.008
5817.84879 16.682 0.008
5818.87790 16.686 0.008
5819.83185 16.704 0.008
5820.89930 16.684 0.007
5822.81951 16.650 0.007
5823.89439 16.713 0.008
5824.81635 16.667 0.007
5825.80461 16.744 0.007
5826.85307 16.653 0.007
5827.84706 16.741 0.007
5828.87328 16.642 0.007
5829.84667 16.770 0.007
5830.83822 16.618 0.007
5831.82988 16.761 0.007
5832.81933 16.631 0.007
5833.80366 16.767 0.008
5834.80459 16.602 0.007
5835.86450 16.798 0.008
5836.76848 16.603 0.007
5837.84985 16.783 0.008
5839.83198 16.768 0.008
5840.81496 16.600 0.007
5841.81196 16.777 0.008
5842.83014 16.588 0.008
5843.84562 16.775 0.008
5845.85988 16.776 0.010
5846.82110 16.606 0.009
5850.78492 16.597 0.007
5851.79400 16.743 0.008
5852.77772 16.615 0.008
5853.84746 16.753 0.008
5854.75277 16.609 0.007
5855.82249 16.749 0.007
5856.79406 16.619 0.008
5857.77839 16.750 0.008
5858.82827 16.606 0.008
5859.79680 16.738 0.007
5860.78185 16.614 0.007
5861.79085 16.731 0.008
5863.79278 16.722 0.007
5864.70136 16.638 0.007
5865.77092 16.705 0.008
5866.79505 16.640 0.007
5867.73395 16.687 0.007
5868.83543 16.627 0.007
5869.80093 16.686 0.007
5870.74072 16.668 0.007
5871.72681 16.690 0.007
5872.73616 16.674 0.007
5873.73138 16.658 0.008
5874.76495 16.674 0.008
5875.70089 16.660 0.008
5878.73832 16.713 0.009
5879.68591 16.639 0.008
5880.73736 16.746 0.008
5880.78837 16.715 0.008
5881.72396 16.636 0.007
5882.75472 16.741 0.008
5883.75869 16.655 0.008
5885.68996 16.619 0.008
5886.72604 16.755 0.009
5887.79840 16.632 0.007
5888.78706 16.747 0.008
5889.82926 16.629 0.008
5890.76280 16.764 0.007
5891.72144 16.621 0.008
5892.73920 16.776 0.008
5893.75732 16.605 0.007
5894.78074 16.781 0.008
5895.79786 16.620 0.008
5896.78090 16.769 0.008
5897.72773 16.596 0.007
5898.70991 16.778 0.008
5899.76908 16.591 0.007
5900.71871 16.771 0.008
5901.76801 16.612 0.008
5902.71925 16.757 0.008
5903.77443 16.621 0.008
5904.74903 16.777 0.008
5905.72309 16.590 0.008
5906.73498 16.750 0.008
5907.71134 16.592 0.008
5908.73829 16.762 0.008
5909.78288 16.609 0.008
5910.69564 16.757 0.008
5911.72749 16.607 0.007
5912.74797 16.751 0.008
5913.71990 16.597 0.007
5914.74255 16.749 0.007
5915.69956 16.615 0.007
5916.75344 16.755 0.007
5917.71708 16.609 0.007
5922.73411 16.725 0.007
5923.71034 16.629 0.007
5924.69164 16.705 0.007
5925.70569 16.642 0.008
5926.71748 16.695 0.007
5927.71648 16.642 0.007
5929.69065 16.659 0.007
5930.83580 16.713 0.007
5931.65622 16.678 0.008
5932.65364 16.672 0.008
5933.70483 16.683 0.008
5934.70088 16.686 0.008
5935.65189 16.712 0.009
5936.64597 16.666 0.008
5937.67574 16.709 0.007
5938.67648 16.658 0.007
5939.72028 16.716 0.008
5940.75620 16.663 0.007
5941.75615 16.689 0.008
5942.78050 16.664 0.007
5943.73800 16.728 0.008
5944.73123 16.649 0.007
5945.71154 16.740 0.007
5946.65138 16.627 0.007
5946.76774 16.635 0.008
5947.71832 16.751 0.008
5948.70714 16.641 0.008
5949.72333 16.759 0.008
5950.64432 16.604 0.007
5951.66966 16.772 0.008
5952.69429 16.607 0.007
5953.69222 16.773 0.008
5954.68977 16.609 0.006
5955.71237 16.768 0.008
5956.71244 16.610 0.007
5958.72961 16.607 0.007
5959.70160 16.785 0.008
5960.70365 16.599 0.007
5961.63538 16.779 0.007
5962.63629 16.592 0.008
5963.60300 16.764 0.009
5964.61499 16.583 0.008
5965.61392 16.760 0.008
5967.63604 16.776 0.008
5968.63613 16.597 0.007
5969.61216 16.732 0.007
5970.58966 16.605 0.007
5971.68255 16.764 0.007
5972.66895 16.602 0.007
5973.65198 16.737 0.007
5976.64120 16.608 0.007
5977.67474 16.740 0.008
5978.65061 16.619 0.007
5979.60137 16.718 0.008
5980.61702 16.624 0.008
5981.64049 16.723 0.007
5982.64636 16.635 0.007
5983.68905 16.743 0.007
5984.62807 16.628 0.007
5985.66041 16.710 0.007
5986.59017 16.669 0.007
5987.66564 16.699 0.008
5988.63212 16.665 0.008
5989.59608 16.684 0.007
5990.58957 16.675 0.008
5991.66461 16.698 0.008
5992.62484 16.687 0.008
5993.58174 16.658 0.008
5994.58041 16.706 0.008
5995.62811 16.674 0.008
5996.59819 16.726 0.009
5997.60036 16.665 0.008
5998.59871 16.745 0.008
5998.65912 16.718 0.008
5999.63742 16.645 0.007
6000.61481 16.735 0.008
6002.57853 16.752 0.008
6003.54463 16.623 0.008
6004.58342 16.773 0.008
6005.57089 16.613 0.008
6006.57205 16.773 0.008
6007.57038 16.605 0.007
6009.54601 16.608 0.008
6010.59804 16.783 0.008
6011.56033 16.597 0.007
6012.55942 16.783 0.008
6013.54114 16.611 0.007
6014.56012 16.806 0.008
6015.55549 16.592 0.007
6016.59611 16.762 0.007
6017.55928 16.577 0.007
6019.56127 16.602 0.008
6020.58489 16.778 0.008
6021.57297 16.583 0.008
6022.58397 16.801 0.008
6023.55852 16.595 0.007
6024.58135 16.754 0.008
6025.58138 16.592 0.008
6026.52766 16.745 0.008
6028.56440 16.777 0.008
6032.50230 16.721 0.009
6033.48986 16.614 0.008
6034.49547 16.704 0.008
6035.52086 16.623 0.008
6036.49769 16.715 0.008
6037.49738 16.631 0.008
6038.48912 16.727 0.009
6039.49578 16.656 0.008
6040.49807 16.710 0.008
6042.49571 16.709 0.009
6047.47276 16.666 0.008
6048.47149 16.662 0.008
6049.49478 16.681 0.008
6050.47038 16.676 0.008
6052.48603 16.669 0.008
6053.48267 16.732 0.008
6055.49170 16.729 0.008
6056.47869 16.636 0.008
6057.47457 16.765 0.008
6058.47506 16.632 0.007
6059.47588 16.767 0.008
6060.47866 16.631 0.008
6061.46977 16.790 0.009
6062.46382 16.617 0.008
6123.91316 16.705 0.007
6137.91108 16.675 0.008
6149.93468 16.639 0.008
6165.91095 16.581 0.007
6171.87675 16.580 0.007
6174.90260 16.753 0.009
6179.90273 16.613 0.008
6180.85528 16.728 0.008
6181.86950 16.616 0.007
6182.87405 16.729 0.007
6183.87574 16.618 0.007
6184.90229 16.717 0.007
6185.85200 16.643 0.007
6186.85350 16.710 0.008
6191.87906 16.647 0.007
6193.86635 16.655 0.007
6194.88332 16.679 0.007
6196.87085 16.681 0.007
6199.81983 16.711 0.008
6202.82730 16.630 0.008
6204.86239 16.634 0.007
6207.87316 16.740 0.008
6208.78735 16.622 0.007
6210.87186 16.613 0.008
6212.82463 16.604 0.007
6214.87582 16.609 0.008
6216.82249 16.594 0.007
6219.80747 16.774 0.008
6221.82076 16.770 0.008
6222.82166 16.560 0.008
6223.77872 16.751 0.008
6224.84332 16.597 0.006
6225.72632 16.743 0.008
6226.73869 16.581 0.008
6229.78328 16.753 0.008
6230.72508 16.592 0.008
6231.74991 16.732 0.008
6232.81587 16.582 0.007
6233.82241 16.753 0.007
6234.82625 16.591 0.007
6235.77365 16.744 0.007
6236.79123 16.609 0.007
6237.86724 16.730 0.008
6238.82496 16.609 0.007
6239.79897 16.702 0.007
6240.84224 16.605 0.008
6241.79590 16.722 0.007
6242.83884 16.618 0.007
6243.80720 16.716 0.007
6244.74065 16.638 0.007
6245.76450 16.689 0.007
6248.78120 16.649 0.007
6251.77181 16.685 0.007
6254.78168 16.660 0.007
6257.80951 16.668 0.008
6262.73382 16.740 0.008
6265.80539 16.642 0.007
6270.82177 16.754 0.007
6274.81338 16.757 0.007
6278.76046 16.762 0.008
6282.78331 16.758 0.008
6286.71656 16.753 0.007
6289.78588 16.591 0.007
6294.80593 16.734 0.008
6299.76433 16.581 0.007
6306.70654 16.690 0.007
6312.67886 16.666 0.007
6317.68999 16.716 0.008
6323.66324 16.745 0.007
6329.62245 16.745 0.008
6333.61283 16.760 0.008
6340.62546 16.600 0.006
6343.56926 16.743 0.008
6347.59555 16.738 0.008
6348.59256 16.595 0.008
6350.63475 16.590 0.008
6351.60295 16.712 0.008
6352.61090 16.602 0.007
6353.62275 16.720 0.007
6354.58716 16.600 0.007
6355.57536 16.705 0.007
6356.61301 16.617 0.007
6356.66086 16.597 0.007
6357.63869 16.720 0.008
6358.53617 16.634 0.007
6363.53043 16.654 0.008
6371.55484 16.638 0.007
6378.53818 16.765 0.008
6387.52832 16.596 0.007
6396.53423 16.757 0.008
6404.51943 16.736 0.008
6414.46942 16.704 0.008
6416.47971 16.694 0.008
6416.49548 16.708 0.008
6508.93500 16.635 0.008
6520.88760 16.719 0.007
6531.89870 16.605 0.007
6547.86417 16.563 0.007
6561.83222 16.632 0.007
6571.83896 16.652 0.006
6577.87950 16.678 0.007
6583.78566 16.753 0.008
6608.82589 16.572 0.006
6612.76209 16.592 0.007
6616.72393 16.604 0.007
6622.77790 16.614 0.007
6628.80484 16.631 0.007
6638.73088 16.709 0.007
6645.72881 16.608 0.007
6649.73573 16.587 0.007
6654.75585 16.766 0.007
6658.76826 16.771 0.006
6662.73434 16.769 0.007
6667.79450 16.575 0.007
6672.76921 16.717 0.008
6680.76346 16.712 0.007
6690.64610 16.651 0.007
6697.70678 16.679 0.007
6705.67002 16.749 0.008
6712.63938 16.584 0.006
6720.67883 16.596 0.007
6736.60939 16.616 0.008
6871.91898 16.738 0.008
6887.91689 16.682 0.007
6896.88765 16.714 0.008
6907.86975 16.586 0.008
6926.79944 16.737 0.008
6932.80810 16.717 0.008
6938.79352 16.681 0.008
6942.79099 16.691 0.008
6950.84178 16.661 0.007
6956.84460 16.643 0.007
6961.83919 16.730 0.008
6967.71060 16.764 0.010
6973.71607 16.752 0.008
6980.75299 16.580 0.007
6987.78395 16.728 0.008
6992.75610 16.603 0.007
6997.76188 16.707 0.008
7002.70567 16.658 0.008
7007.71698 16.647 0.008
7013.67037 16.622 0.008
7016.77589 16.707 0.007
7020.77584 16.743 0.008
7024.75595 16.760 0.008
7028.70911 16.764 0.008
7033.76318 16.591 0.007
7037.73673 16.585 0.007
7042.73430 16.738 0.007
7046.73551 16.731 0.008
7051.72605 16.607 0.007
7056.66647 16.687 0.008
7062.65818 16.670 0.008
7069.65434 16.706 0.008
7074.66551 16.637 0.008
7080.58184 16.601 0.007
7083.60857 16.750 0.008
7086.61671 16.608 0.008
7091.59756 16.761 0.008
7103.56536 16.735 0.007
7112.57794 16.628 0.008
7115.57248 16.681 0.008
7119.53259 16.669 0.008
7126.52157 16.697 0.008
7131.52613 16.635 0.008
7134.49641 16.764 0.010
7137.52631 16.614 0.008
7143.49077 16.582 0.008
7277.89812 16.652 0.008
7287.89821 16.619 0.008
7292.83079 16.787 0.009
7294.79344 16.763 0.008
7297.79270 16.581 0.008
7304.87121 16.758 0.008
7312.78949 16.703 0.008
7319.76811 16.647 0.009
7322.74086 16.659 0.009
7327.84478 16.666 0.008
7339.75486 16.758 0.007
7345.71336 16.768 0.008
7354.79020 16.588 0.008
7361.81303 16.761 0.008
7366.68559 16.618 0.007
7373.83889 16.722 0.008
7377.81080 16.706 0.008
7382.70903 16.671 0.008
7385.72245 16.664 0.008
7390.74364 16.691 0.007
7399.74888 16.636 0.008
7404.73848 16.768 0.008
7408.71160 16.777 0.008
7410.71298 16.750 0.009
7413.67574 16.576 0.008
7416.68260 16.757 0.008
7424.62501 16.723 0.007
7427.65634 16.586 0.007
7431.65044 16.612 0.006
7435.64437 16.650 0.007
7439.65057 16.665 0.008
7443.62217 16.682 0.007
7449.62790 16.730 0.008
7453.60236 16.766 0.007
7462.61686 16.616 0.007
7466.56452 16.592 0.008
7472.57132 16.550 0.008
7476.52701 16.591 0.007
7488.48085 16.647 0.008
7499.50403 16.685 0.008
7507.47626 16.628 0.008
