5260.60790 14.361 0.005
5261.52292 14.382 0.005
5262.61960 14.404 0.005
5263.60040 14.391 0.005
5264.58558 14.351 0.005
5265.51714 14.329 0.005
5266.58205 14.333 0.005
5267.59435 14.349 0.005
5268.57806 14.375 0.005
5269.54726 14.401 0.005
5270.56441 14.396 0.005
5271.55622 14.347 0.005
5273.54519 14.320 0.005
5274.57617 14.339 0.005
5275.55963 14.364 0.005
5276.55531 14.390 0.005
5279.54370 14.338 0.005
5280.54204 14.320 0.005
5281.51894 14.330 0.005
5282.53789 14.353 0.005
5283.48957 14.385 0.005
5286.51902 14.336 0.005
5288.53568 14.324 0.005
5291.52722 14.400 0.005
5294.55903 14.315 0.005
5295.48021 14.327 0.005
5296.57020 14.339 0.005
5298.55088 14.393 0.005
5301.51103 14.327 0.005
5306.50848 14.393 0.005
5307.53655 14.368 0.005
5310.53661 14.331 0.005
5313.48067 14.400 0.005
5314.50044 14.386 0.005
5320.46843 14.391 0.005
5321.46266 14.383 0.005
5323.48206 14.327 0.005
5324.48117 14.319 0.005
5326.48912 14.364 0.005
5328.48212 14.392 0.005
5337.47660 14.330 0.005
5341.47661 14.380 0.005
5430.89761 14.366 0.005
5439.90686 14.325 0.005
5444.92198 14.383 0.005
5445.83970 14.354 0.005
5449.82461 14.372 0.005
5451.91770 14.390 0.006
5453.87965 14.332 0.005
5455.85320 14.342 0.005
5457.89630 14.394 0.005
5462.89237 14.335 0.005
5465.85507 14.393 0.005
5468.82185 14.322 0.005
5470.79427 14.351 0.005
5471.84457 14.375 0.005
5473.77271 14.392 0.005
5477.74847 14.353 0.005
5478.78889 14.369 0.005
5481.72812 14.372 0.005
5482.77889 14.343 0.005
5484.77296 14.346 0.005
5485.78230 14.368 0.005
5486.86770 14.391 0.005
5487.86437 14.414 0.005
5488.87328 14.380 0.005
5490.72431 14.333 0.005
5491.74479 14.348 0.005
5492.82928 14.365 0.005
5493.75315 14.385 0.005
5495.83459 14.390 0.005
5497.74021 14.332 0.005
5503.83716 14.368 0.005
5507.73561 14.388 0.005
5510.81972 14.377 0.005
5512.83828 14.337 0.005
5514.84073 14.371 0.005
5516.84393 14.403 0.005
5519.77156 14.327 0.005
5521.82971 14.366 0.005
5523.80587 14.411 0.005
5525.81428 14.361 0.005
5527.67198 14.346 0.005
5528.79194 14.356 0.005
5529.85995 14.384 0.005
5531.84242 14.397 0.005
5533.66752 14.345 0.005
5534.71088 14.332 0.005
5535.80159 14.354 0.005
5539.84086 14.370 0.005
5541.81024 14.336 0.005
5543.83124 14.371 0.005
5544.82653 14.396 0.005
5546.65613 14.384 0.005
5547.81760 14.342 0.005
5549.75842 14.342 0.005
5551.77020 14.391 0.005
5553.78937 14.389 0.005
5554.80799 14.352 0.005
5556.77036 14.330 0.005
5558.77675 14.377 0.005
5559.81082 14.403 0.005
5561.76118 14.358 0.005
5562.80418 14.321 0.005
5563.76691 14.326 0.005
5565.79299 14.372 0.005
5566.78810 14.397 0.005
5570.78043 14.324 0.005
5575.73534 14.374 0.005
5576.77188 14.339 0.005
5577.71060 14.323 0.005
5578.71412 14.325 0.005
5579.76353 14.350 0.005
5580.70788 14.372 0.005
5581.71030 14.394 0.005
5583.72591 14.343 0.005
5584.72458 14.322 0.005
5585.78042 14.321 0.005
5589.71704 14.391 0.005
5590.68021 14.360 0.005
5592.75285 14.321 0.005
5593.71994 14.328 0.005
5595.70041 14.395 0.005
5597.64681 14.375 0.005
5598.71199 14.336 0.005
5599.70689 14.314 0.005
5601.73485 14.353 0.005
5602.72475 14.389 0.005
5605.72766 14.333 0.005
5606.72704 14.314 0.005
5608.70990 14.355 0.005
5611.68664 14.384 0.005
5614.67988 14.321 0.005
5616.69008 14.367 0.005
5623.64058 14.367 0.005
5626.57043 14.382 0.005
5629.62433 14.326 0.005
5631.55504 14.386 0.005
5633.63300 14.377 0.005
5635.59858 14.323 0.005
5639.60849 14.399 0.005
5641.59629 14.341 0.005
5643.55992 14.315 0.005
5645.56621 14.363 0.005
5647.59207 14.396 0.005
5649.55864 14.331 0.005
5652.57399 14.356 0.005
5654.57719 14.406 0.005
5657.53716 14.326 0.005
5659.57292 14.352 0.005
5665.54701 14.325 0.005
5667.52666 14.372 0.005
5671.52877 14.328 0.005
5675.52531 14.396 0.005
5677.52488 14.355 0.005
5682.51975 14.387 0.005
5686.50110 14.323 0.005
5693.49863 14.323 0.005
5694.45995 14.324 0.005
5786.92291 14.363 0.005
5802.87661 14.342 0.005
5804.91824 14.364 0.005
5805.88490 14.396 0.005
5807.89884 14.380 0.005
5810.83288 14.344 0.005
5813.83773 14.410 0.005
5816.89300 14.334 0.005
5819.87837 14.360 0.005
5822.84906 14.365 0.005
5824.84592 14.334 0.005
5826.81571 14.372 0.005
5829.79364 14.388 0.005
5831.89013 14.349 0.005
5833.78398 14.367 0.005
5835.81274 14.409 0.005
5836.88405 14.386 0.005
5839.79101 14.341 0.005
5841.88966 14.388 0.005
5844.83039 14.348 0.005
5850.85019 14.401 0.005
5851.82344 14.365 0.005
5855.85244 14.376 0.005
5856.85869 14.399 0.005
5858.80871 14.370 0.005
5860.81236 14.331 0.005
5861.82058 14.336 0.005
5862.79929 14.363 0.005
5864.84605 14.407 0.005
5865.75008 14.377 0.005
5867.86489 14.324 0.005
5870.87687 14.386 0.005
5873.77637 14.351 0.005
5874.80872 14.329 0.005
5878.84210 14.401 0.005
5880.76686 14.368 0.005
5882.79956 14.325 0.005
5885.79738 14.393 0.005
5888.84220 14.333 0.005
5890.82394 14.332 0.005
5891.84131 14.348 0.005
5893.72233 14.400 0.005
5895.76325 14.344 0.005
5896.81057 14.324 0.005
5897.84681 14.329 0.005
5899.71866 14.368 0.005
5900.81989 14.399 0.005
5901.83059 14.382 0.005
5902.76440 14.352 0.005
5903.81891 14.312 0.005
5904.78384 14.316 0.005
5905.75287 14.336 0.005
5906.76589 14.361 0.005
5907.76767 14.386 0.005
5908.78382 14.389 0.005
5909.82440 14.357 0.005
5910.77713 14.316 0.005
5911.80378 14.314 0.005
5912.82478 14.328 0.005
5913.83026 14.357 0.005
5914.81993 14.391 0.005
5915.78237 14.385 0.005
5916.80055 14.369 0.005
5917.78030 14.331 0.005
5923.77965 14.373 0.005
5924.78021 14.339 0.005
5925.78431 14.314 0.005
5927.77991 14.339 0.005
5929.78656 14.389 0.005
5931.71664 14.345 0.005
5932.77360 14.308 0.005
5933.78205 14.319 0.005
5934.80246 14.331 0.005
5936.72521 14.389 0.005
5937.74710 14.390 0.005
5938.74023 14.352 0.005
5939.76991 14.327 0.005
5940.78578 14.327 0.005
5941.73689 14.322 0.005
5942.76123 14.365 0.005
5943.76937 14.384 0.005
5944.76065 14.398 0.005
5945.74149 14.363 0.005
5946.74853 14.337 0.005
5947.74838 14.324 0.005
5948.73684 14.332 0.005
5949.75296 14.349 0.005
5951.73406 14.398 0.005
5953.75299 14.352 0.005
5955.74225 14.322 0.005
5959.73154 14.391 0.005
5962.61675 14.314 0.005
5963.70974 14.338 0.005
5965.66056 14.391 0.005
5968.66704 14.321 0.005
5971.71454 14.357 0.005
5973.63205 14.402 0.005
5974.64015 14.371 0.005
5977.63992 14.334 0.005
5979.68894 14.382 0.005
5980.67415 14.402 0.005
5982.67625 14.355 0.005
5984.67589 14.328 0.005
5986.68310 14.379 0.005
5988.66173 14.390 0.005
5989.64713 14.357 0.005
5991.64558 14.330 0.005
5992.65451 14.340 0.005
5994.56094 14.400 0.005
5996.64306 14.376 0.005
5997.63015 14.337 0.005
6000.64447 14.357 0.005
6003.57513 14.390 0.005
6007.60000 14.356 0.005
6011.59156 14.361 0.005
6018.56122 14.373 0.005
6023.53913 14.401 0.005
6026.55803 14.339 0.005
6033.53711 14.349 0.005
6034.52557 14.332 0.005
6036.54334 14.351 0.005
6038.53595 14.394 0.005
6039.54054 14.395 0.005
6040.52780 14.362 0.005
6047.51730 14.372 0.005
6050.50042 14.344 0.005
6057.48377 14.343 0.005
6067.48472 14.404 0.005
6141.92648 14.376 0.005
6160.91295 14.385 0.005
6171.91621 14.331 0.005
6182.90356 14.386 0.005
6186.90323 14.322 0.005
6198.85946 14.395 0.005
6200.84959 14.323 0.005
6203.83669 14.348 0.005
6208.84061 14.321 0.005
6211.88005 14.381 0.005
6212.87142 14.408 0.005
6215.83490 14.314 0.005
6220.74873 14.395 0.005
6225.81181 14.363 0.005
6230.75453 14.322 0.005
6232.86041 14.356 0.005
6235.86086 14.371 0.005
6241.83421 14.394 0.005
6244.84048 14.323 0.005
6248.81077 14.398 0.005
6251.80124 14.321 0.005
6254.74700 14.361 0.005
6257.78920 14.365 0.005
6262.76331 14.371 0.005
6265.78554 14.330 0.005
6271.79142 14.382 0.005
6278.79037 14.383 0.005
6283.77531 14.351 0.005
6287.80366 14.327 0.005
6291.81299 14.377 0.005
6297.72980 14.349 0.005
6303.56953 14.322 0.005
6310.69333 14.322 0.005
6318.67089 14.331 0.005
6338.62211 14.333 0.005
6343.62036 14.407 0.005
6350.60551 14.399 0.005
6355.54926 14.345 0.005
6361.56546 14.301 0.005
6368.58237 14.337 0.005
6374.59487 14.349 0.005
6381.56139 14.358 0.005
6389.54038 14.333 0.005
6398.49446 14.341 0.005
6511.91982 14.351 0.005
6521.90107 14.332 0.005
6532.89901 14.386 0.005
6548.85576 14.326 0.005
6564.88276 14.317 0.005
6572.80447 14.335 0.005
6578.88842 14.330 0.005
6579.72638 14.322 0.005
6584.74763 14.344 0.005
6593.75811 14.322 0.005
6607.78932 14.321 0.005
6613.73812 14.354 0.005
6617.71877 14.374 0.005
6627.75912 14.361 0.005
6637.76540 14.339 0.005
6644.80257 14.329 0.005
6657.79953 14.346 0.005
6660.75208 14.368 0.005
6666.81436 14.349 0.005
6671.76367 14.359 0.005
6678.78068 14.366 0.005
6682.67577 14.375 0.005
6693.63273 14.356 0.005
6698.70329 14.412 0.005
6703.66690 14.359 0.005
6707.65726 14.376 0.005
6710.67241 14.350 0.005
6715.64456 14.350 0.005
6731.62013 14.326 0.005
6874.92443 14.342 0.005
6885.91773 14.368 0.005
6904.91627 14.325 0.005
6920.78935 14.326 0.005
6926.78003 14.323 0.005
6930.80819 14.409 0.005
6937.78624 14.402 0.005
6941.80650 14.324 0.005
6951.84880 14.394 0.005
6957.80341 14.365 0.005
6963.79628 14.338 0.005
6969.81412 14.346 0.005
6975.80806 14.384 0.005
6982.85567 14.384 0.005
6992.78582 14.344 0.005
6995.72504 14.416 0.005
7000.71717 14.352 0.005
7004.81252 14.389 0.005
7008.75281 14.365 0.005
7013.77344 14.335 0.005
7017.78162 14.411 0.005
7021.76586 14.348 0.005
7025.74689 14.405 0.005
7029.72749 14.351 0.005
7035.74938 14.339 0.005
7040.74594 14.383 0.005
7045.71111 14.381 0.005
7050.69027 14.347 0.005
7057.65745 14.345 0.005
7063.68719 14.347 0.005
7070.64347 14.359 0.005
7076.66589 14.400 0.005
7080.62478 14.343 0.005
7082.61338 14.397 0.005
7086.64732 14.328 0.005
7089.61892 14.391 0.005
7093.59918 14.322 0.005
7099.62485 14.347 0.005
7110.57307 14.356 0.005
7114.55515 14.324 0.005
7118.55475 14.375 0.005
7124.52890 14.338 0.005
7131.50711 14.331 0.005
7133.50337 14.395 0.005
7136.48632 14.331 0.005
7141.48806 14.378 0.005
7144.49847 14.319 0.005
7278.84849 14.402 0.005
7291.80791 14.368 0.005
7294.82413 14.386 0.005
7297.82263 14.342 0.005
7303.84190 14.330 0.005
7308.82725 14.349 0.005
7317.78761 14.348 0.005
7325.74433 14.341 0.005
7325.78585 14.334 0.005
7339.78507 14.335 0.005
7345.74338 14.374 0.005
7353.85786 14.343 0.005
7357.84975 14.378 0.005
7364.76018 14.371 0.005
7367.83232 14.360 0.005
7371.79367 14.365 0.005
7376.79220 14.319 0.005
7381.69685 14.380 0.005
7381.69984 14.383 0.005
7385.70306 14.347 0.005
7389.72761 14.347 0.005
7398.70078 14.317 0.005
7402.73583 14.389 0.005
7405.73125 14.319 0.005
7409.70051 14.401 0.005
7415.66937 14.371 0.005
7424.65686 14.395 0.005
7428.67360 14.334 0.005
7434.65417 14.320 0.005
7438.66195 14.398 0.005
7442.62465 14.318 0.005
7446.63841 14.385 0.005
7451.61300 14.361 0.005
7458.63502 14.351 0.005
7463.58513 14.319 0.005
7468.56083 14.379 0.005
7472.55226 14.343 0.005
7476.55702 14.356 0.005
7488.51117 14.386 0.005
7499.53416 14.324 0.005
