5261.66150 15.185 0.006
5262.65553 15.275 0.007
5264.62463 15.055 0.006
5265.62407 15.148 0.006
5266.61805 15.252 0.006
5267.62984 15.292 0.007
5268.61221 15.044 0.006
5269.58159 15.109 0.006
5270.58380 15.210 0.006
5271.59110 15.298 0.006
5273.57941 15.075 0.006
5274.61065 15.182 0.006
5276.59004 15.207 0.006
5279.57818 15.255 0.007
5281.56834 15.049 0.006
5282.57294 15.120 0.006
5285.56297 15.108 0.006
5287.55656 15.183 0.007
5290.49295 15.045 0.006
5293.48886 15.298 0.007
5295.51768 15.114 0.006
5296.59288 15.232 0.007
5297.54047 15.304 0.006
5299.52305 15.083 0.006
5301.54608 15.279 0.006
5305.54372 15.253 0.006
5307.48010 15.052 0.006
5308.55013 15.120 0.006
5309.57090 15.231 0.007
5311.53712 15.105 0.006
5313.51969 15.189 0.007
5315.50041 15.210 0.007
5321.48691 15.115 0.007
5322.49704 15.214 0.007
5324.50138 15.094 0.006
5326.50887 15.188 0.006
5327.49888 15.286 0.006
5335.48933 15.228 0.006
5342.48951 15.061 0.007
5430.93153 15.267 0.008
5443.86866 15.253 0.006
5445.88922 15.043 0.006
5448.90011 15.305 0.006
5451.84320 15.185 0.007
5454.89246 15.060 0.006
5457.78705 15.288 0.006
5461.86490 15.308 0.006
5465.88413 15.298 0.007
5467.86697 15.057 0.006
5468.85597 15.162 0.006
5470.83100 15.271 0.006
5471.87860 15.043 0.005
5473.81344 15.224 0.006
5477.81658 15.194 0.006
5478.83839 15.293 0.006
5481.76225 15.150 0.006
5482.89181 15.274 0.007
5483.79519 15.273 0.006
5484.80764 15.037 0.005
5486.78937 15.222 0.006
5487.79061 15.312 0.006
5488.86234 15.053 0.005
5490.85425 15.206 0.006
5491.84228 15.292 0.006
5492.84635 15.136 0.006
5494.73733 15.151 0.006
5495.86658 15.266 0.006
5499.81062 15.236 0.006
5506.77623 15.070 0.005
5509.80361 15.244 0.006
5511.74292 15.134 0.006
5513.77120 15.312 0.006
5515.70604 15.096 0.006
5517.70482 15.294 0.006
5521.74448 15.262 0.006
5523.82343 15.043 0.006
5526.71639 15.309 0.006
5528.77294 15.109 0.005
5529.84131 15.213 0.006
5530.79327 15.296 0.006
5531.75463 15.135 0.005
5533.68678 15.167 0.006
5534.80490 15.275 0.006
5535.83863 15.209 0.007
5539.85814 15.296 0.007
5542.68837 15.211 0.005
5543.84865 15.313 0.006
5544.84391 15.092 0.006
5546.67515 15.165 0.006
5548.79315 15.219 0.006
5550.76499 15.142 0.006
5553.80667 15.051 0.006
5554.82537 15.118 0.006
5556.78765 15.305 0.006
5557.78587 15.106 0.006
5558.79453 15.082 0.006
5560.82346 15.288 0.006
5561.77865 15.206 0.006
5562.82384 15.065 0.006
5563.78435 15.143 0.006
5565.81129 15.291 0.006
5568.81995 15.222 0.006
5569.86285 15.314 0.007
5571.81086 15.097 0.006
5575.77713 15.067 0.006
5576.82444 15.163 0.006
5577.78529 15.260 0.007
5578.78210 15.293 0.006
5579.81522 15.049 0.006
5580.76097 15.126 0.006
5581.76338 15.235 0.006
5583.77843 15.106 0.006
5584.71197 15.088 0.005
5585.79940 15.195 0.006
5587.70805 15.214 0.006
5589.76697 15.171 0.006
5590.78819 15.271 0.006
5592.79007 15.047 0.005
5593.70727 15.115 0.006
5594.77240 15.224 0.006
5595.73525 15.322 0.006
5596.76549 15.078 0.006
5597.73477 15.092 0.005
5598.74437 15.205 0.006
5599.75911 15.298 0.006
5600.75868 15.177 0.006
5601.75220 15.066 0.006
5602.74246 15.159 0.005
5604.74708 15.291 0.006
5605.75068 15.049 0.005
5608.72750 15.321 0.007
5609.73707 15.082 0.006
5611.72359 15.193 0.006
5612.72237 15.292 0.007
5615.68392 15.168 0.006
5623.62793 15.086 0.005
5625.66072 15.294 0.006
5627.65708 15.072 0.006
5630.63805 15.297 0.006
5632.60141 15.117 0.006
5634.61286 15.318 0.006
5638.60471 15.300 0.007
5640.56988 15.057 0.006
5642.54609 15.256 0.006
5644.54640 15.050 0.005
5646.54210 15.218 0.006
5648.54492 15.102 0.005
5650.57462 15.194 0.006
5653.59205 15.070 0.005
5655.57093 15.256 0.006
5657.57007 15.044 0.006
5659.59006 15.235 0.006
5667.54491 15.155 0.006
5668.53466 15.267 0.006
5671.54796 15.127 0.006
5674.55411 15.077 0.006
5675.54540 15.090 0.006
5677.54390 15.285 0.006
5681.52171 15.251 0.006
5683.52534 15.042 0.005
5686.51848 15.304 0.006
5687.50465 15.074 0.006
5692.48930 15.057 0.006
5695.49684 15.282 0.006
5697.49883 15.126 0.006
5700.49634 15.079 0.007
5787.89889 15.101 0.005
5802.89351 15.300 0.006
5805.86918 15.163 0.006
5807.91574 15.256 0.006
5810.88478 15.237 0.006
5813.85674 15.106 0.005
5817.88127 15.077 0.005
5820.86457 15.275 0.006
5823.85708 15.239 0.006
5825.89101 15.060 0.005
5827.87842 15.198 0.005
5830.86971 15.075 0.005
5832.85096 15.273 0.006
5834.83610 15.043 0.005
5836.81897 15.232 0.005
5840.87848 15.210 0.005
5844.80671 15.167 0.006
5850.88253 15.318 0.006
5851.85785 15.066 0.005
5852.83905 15.102 0.006
5855.86945 15.123 0.005
5856.87587 15.087 0.006
5857.87649 15.180 0.006
5860.84734 15.058 0.005
5861.86992 15.150 0.006
5862.82811 15.257 0.005
5864.76497 15.063 0.005
5866.82730 15.220 0.005
5870.82087 15.185 0.005
5871.78005 15.277 0.005
5873.79348 15.059 0.005
5874.83215 15.152 0.006
5878.86028 15.114 0.006
5881.77268 15.134 0.006
5882.83203 15.079 0.005
5885.83192 15.212 0.006
5886.84974 15.054 0.005
5887.82976 15.152 0.005
5890.84128 15.041 0.005
5891.82834 15.111 0.005
5893.73979 15.309 0.005
5895.78049 15.081 0.006
5896.82785 15.189 0.006
5898.82159 15.206 0.006
5899.80098 15.055 0.005
5900.85879 15.154 0.006
5901.84785 15.250 0.006
5902.80177 15.296 0.006
5903.83629 15.043 0.005
5904.80453 15.123 0.005
5905.80974 15.232 0.006
5906.80283 15.309 0.006
5907.78504 15.107 0.005
5908.80136 15.085 0.005
5910.81252 15.289 0.006
5911.76011 15.216 0.005
5912.84211 15.059 0.005
5913.84772 15.160 0.005
5914.83718 15.257 0.005
5915.80074 15.297 0.005
5916.83486 15.047 0.005
5917.79801 15.120 0.005
5922.85062 15.196 0.005
5924.79763 15.189 0.005
5925.83596 15.059 0.005
5927.79726 15.261 0.006
5929.81907 15.038 0.005
5931.76672 15.214 0.006
5932.79143 15.305 0.006
5933.81845 15.067 0.006
5934.81988 15.096 0.006
5936.81184 15.292 0.006
5937.76456 15.183 0.006
5938.78464 15.062 0.005
5939.78800 15.157 0.006
5940.80326 15.255 0.006
5941.78879 15.277 0.006
5942.81381 15.047 0.005
5943.78694 15.124 0.005
5944.77804 15.231 0.005
5945.75942 15.299 0.005
5946.79959 15.074 0.006
5947.76577 15.091 0.005
5948.75478 15.194 0.005
5949.77038 15.295 0.006
5950.72301 15.185 0.005
5952.79768 15.165 0.005
5954.74490 15.271 0.005
5956.76086 15.131 0.005
5959.74962 15.076 0.005
5962.66854 15.295 0.006
5963.72914 15.179 0.006
5965.67951 15.153 0.005
5967.75860 15.268 0.006
5969.72764 15.135 0.005
5972.73702 15.072 0.005
5974.66625 15.189 0.005
5976.69520 15.173 0.005
5977.70692 15.064 0.005
5979.70634 15.265 0.006
5981.67249 15.047 0.005
5982.69353 15.127 0.005
5984.69327 15.328 0.006
5986.71602 15.094 0.005
5988.67916 15.296 0.006
5989.66439 15.172 0.005
5990.65002 15.058 0.005
5992.67186 15.274 0.006
5994.66476 15.047 0.005
5995.68493 15.141 0.006
5997.64754 15.315 0.006
5999.67476 15.105 0.005
6001.62575 15.295 0.006
6004.63798 15.166 0.006
6009.59898 15.238 0.006
6017.59252 15.173 0.005
6018.59599 15.270 0.006
6019.62446 15.263 0.006
6021.60541 15.139 0.006
6022.61891 15.239 0.006
6023.59125 15.318 0.006
6024.61403 15.062 0.006
6033.57902 15.052 0.006
6035.55291 15.231 0.006
6037.54707 15.084 0.006
6038.55307 15.101 0.006
6039.55761 15.202 0.006
6040.54484 15.297 0.006
6042.54309 15.073 0.006
6047.53446 15.133 0.006
6048.51853 15.233 0.006
6049.52684 15.314 0.006
6052.51868 15.212 0.006
6056.51177 15.164 0.006
6059.50790 15.051 0.006
6068.47890 15.076 0.005
6080.46705 15.155 0.006
6149.91710 15.075 0.006
6163.92210 15.111 0.006
6173.90867 15.240 0.006
6183.90763 15.239 0.005
6185.88483 15.139 0.005
6196.81709 15.260 0.005
6199.86886 15.240 0.006
6202.87267 15.111 0.005
6207.85538 15.168 0.006
6208.85567 15.282 0.006
6214.85779 15.045 0.006
6216.88714 15.217 0.006
6218.86034 15.109 0.005
6220.76598 15.168 0.006
6223.82633 15.051 0.005
6226.78637 15.308 0.006
6230.80302 15.301 0.006
6233.85699 15.191 0.005
6236.87301 15.054 0.006
6241.85136 15.115 0.005
6244.86055 15.094 0.005
6248.82801 15.208 0.005
6251.81860 15.262 0.005
6254.76424 15.118 0.005
6257.84498 15.103 0.005
6262.78108 15.058 0.005
6265.84599 15.289 0.005
6269.82166 15.314 0.005
6275.82602 15.068 0.005
6280.77871 15.126 0.005
6284.84171 15.104 0.005
6288.74969 15.067 0.005
6292.81925 15.051 0.005
6297.76662 15.105 0.005
6303.77386 15.271 0.005
6308.78300 15.310 0.005
6318.68843 15.055 0.005
6321.53774 15.312 0.005
6321.71818 15.328 0.005
6322.68971 15.091 0.005
6338.64025 15.298 0.005
6355.56677 15.266 0.005
6361.61450 15.077 0.005
6369.59244 15.280 0.005
6375.58936 15.105 0.005
6382.55547 15.278 0.005
6390.54821 15.298 0.005
6399.49405 15.325 0.005
6510.93232 15.243 0.006
6521.91779 15.070 0.005
6534.91412 15.055 0.005
6537.89457 15.337 0.005
6552.85659 15.129 0.005
6568.87304 15.123 0.005
6575.86995 15.265 0.005
6582.81347 15.085 0.005
6586.76718 15.063 0.005
6595.80067 15.094 0.005
6607.80767 15.111 0.005
6614.75838 15.258 0.005
6618.81404 15.233 0.005
6627.78943 15.263 0.005
6637.84192 15.171 0.005
6644.81996 15.233 0.005
6650.79735 15.158 0.005
6654.78907 15.274 0.005
6659.70371 15.082 0.005
6663.79137 15.152 0.005
6668.79458 15.039 0.005
6674.73363 15.196 0.005
6680.79676 15.244 0.005
6685.74892 15.059 0.005
6693.67416 15.267 0.005
6698.72093 15.066 0.005
6703.68500 15.072 0.005
6708.68836 15.132 0.005
6712.68862 15.111 0.005
6715.67924 15.144 0.005
6729.67186 15.087 0.005
6741.63868 15.136 0.005
6884.91451 15.040 0.005
6910.87899 15.058 0.006
6921.85228 15.274 0.005
6928.81408 15.106 0.005
6936.81965 15.050 0.005
6939.82829 15.292 0.006
6949.84571 15.051 0.005
6955.82103 15.213 0.005
6961.87101 15.162 0.005
6967.80536 15.119 0.006
6972.77734 15.183 0.005
6973.76874 15.274 0.005
6973.78445 15.280 0.005
6974.79378 15.177 0.005
6975.70891 15.048 0.005
6976.83159 15.154 0.005
6977.73299 15.247 0.005
6978.76551 15.294 0.005
6978.77760 15.290 0.005
6984.75938 15.087 0.005
6990.76578 15.253 0.006
6995.78544 15.317 0.005
7000.82200 15.145 0.005
7004.83104 15.256 0.005
7008.80270 15.309 0.005
7012.75929 15.306 0.006
7015.77995 15.161 0.005
7019.74904 15.132 0.005
7019.78075 15.131 0.005
7020.66083 15.241 0.005
7021.74091 15.318 0.005
7022.67342 15.099 0.005
7023.66408 15.098 0.005
7023.78925 15.111 0.005
7024.67938 15.206 0.005
7025.62733 15.298 0.005
7026.78072 15.140 0.005
7030.79309 15.254 0.005
7034.74710 15.325 0.005
7038.77222 15.315 0.005
7042.76639 15.293 0.005
7048.74866 15.061 0.005
7053.71702 15.085 0.005
7057.71264 15.068 0.005
7062.70764 15.110 0.005
7067.70294 15.183 0.005
7068.67873 15.272 0.005
7069.68839 15.250 0.005
7070.72403 15.056 0.005
7071.73024 15.152 0.005
7072.71096 15.251 0.006
7075.69143 15.112 0.005
7080.64213 15.174 0.005
7082.63079 15.257 0.006
7085.64646 15.244 0.005
7088.62774 15.110 0.005
7091.62981 15.140 0.005
7098.61241 15.256 0.005
7104.60133 15.137 0.005
7111.59869 15.246 0.005
7114.57222 15.114 0.005
7117.57526 15.128 0.005
7120.57259 15.273 0.006
7127.55594 15.109 0.005
7132.55893 15.176 0.006
7135.54187 15.053 0.005
7139.52716 15.047 0.005
7142.50500 15.308 0.005
7282.89560 15.100 0.005
7291.89582 15.134 0.005
7294.85865 15.093 0.005
7299.86712 15.060 0.005
7306.82709 15.318 0.006
7312.82175 15.054 0.005
7324.75887 15.202 0.006
7341.73744 15.295 0.005
7346.76482 15.091 0.005
7355.72260 15.055 0.005
7366.75243 15.265 0.005
7374.85525 15.211 0.005
7377.84247 15.072 0.005
7382.74217 15.132 0.005
7386.72145 15.092 0.005
7389.76428 15.130 0.005
7398.71885 15.050 0.005
7402.77544 15.112 0.005
7405.74893 15.269 0.005
7409.71787 15.225 0.005
7413.70757 15.206 0.006
7425.70145 15.102 0.005
7429.66846 15.071 0.005
7436.64478 15.299 0.005
7441.65143 15.117 0.005
7445.63016 15.221 0.005
7450.63321 15.040 0.005
7457.60420 15.272 0.005
7463.60495 15.045 0.005
7467.56571 15.124 0.005
7471.59673 15.220 0.005
7475.57058 15.297 0.005
7487.51992 15.243 0.006
7495.49437 15.171 0.006
7508.48143 15.181 0.005
