5268.55794 14.859 0.005
5272.57180 14.930 0.005
5277.52122 15.139 0.005
5286.55247 15.173 0.005
5290.56196 14.873 0.005
5293.51572 15.354 0.005
5304.47270 15.349 0.005
5309.53206 14.930 0.005
5436.90298 15.242 0.005
5443.91262 15.200 0.005
5449.83738 14.951 0.005
5457.90911 15.059 0.005
5470.87227 15.348 0.005
5477.87239 15.327 0.005
5478.87998 14.851 0.005
5482.80850 14.903 0.005
5484.75407 15.239 0.005
5489.75843 14.943 0.005
5491.86720 15.200 0.005
5494.77266 15.070 0.005
5497.70420 14.927 0.005
5505.78033 15.042 0.005
5509.68970 15.094 0.005
5511.76780 15.073 0.005
5515.73086 14.864 0.005
5517.74689 15.199 0.005
5519.82753 14.929 0.005
5522.86057 15.053 0.005
5526.82148 14.854 0.005
5529.78563 15.372 0.005
5532.82163 15.245 0.005
5536.77961 15.299 0.005
5542.82973 15.076 0.005
5546.78894 15.126 0.005
5548.85271 14.899 0.005
5557.84320 15.126 0.005
5563.82545 14.862 0.005
5566.84803 15.335 0.005
5567.81305 14.926 0.005
5571.73847 14.971 0.005
5575.80304 15.045 0.005
5587.73232 15.174 0.005
5605.63784 15.087 0.005
5616.61875 15.072 0.005
5624.58065 15.170 0.005
5628.51798 15.213 0.005
5634.58921 14.995 0.005
5640.59368 15.363 0.005
5642.61320 15.098 0.005
5644.59593 15.101 0.005
5646.56641 15.148 0.005
5649.60258 15.029 0.005
5803.91563 14.899 0.005
5816.90370 15.234 0.005
5830.80913 15.098 0.005
5835.79132 15.312 0.005
5840.88771 14.922 0.005
5860.75568 15.174 0.005
5866.76891 14.925 0.005
5873.81990 14.857 0.005
5889.75360 15.081 0.005
5892.84929 14.978 0.005
5894.84800 15.297 0.005
5900.77777 15.076 0.005
5903.72797 14.944 0.005
5905.76543 15.296 0.005
5910.78972 14.883 0.005
5917.84402 14.952 0.005
5927.83840 15.266 0.005
5929.84623 14.993 0.005
5940.63822 14.930 0.005
5943.53577 15.097 0.005
5951.74717 14.948 0.005
5955.68619 14.991 0.005
5962.67861 14.918 0.005
5965.73418 15.033 0.005
5969.66577 14.866 0.005
5973.73156 14.916 0.005
5978.62536 15.132 0.005
5982.62125 15.197 0.005
5985.63506 15.067 0.005
5988.60634 14.938 0.005
5991.54403 15.066 0.005
5994.64118 15.348 0.005
6002.63733 15.044 0.005
6005.62614 15.334 0.005
6011.60827 15.092 0.005
6015.52656 15.135 0.005
6034.55330 15.215 0.005
6066.49045 15.007 0.005
6071.47927 15.236 0.005
6141.89801 15.276 0.005
6157.89148 14.861 0.005
6246.72963 14.899 0.005
6247.74786 15.074 0.005
6250.82259 14.967 0.005
6253.80923 14.862 0.005
6256.77908 15.356 0.005
6259.79219 15.252 0.005
6265.86449 15.016 0.005
6266.81869 15.183 0.005
6271.82429 15.266 0.005
6276.79131 14.985 0.005
6280.81727 15.057 0.005
6285.76203 15.242 0.005
6290.78858 14.848 0.005
6296.79940 15.253 0.005
6302.78049 15.026 0.005
6307.72191 15.229 0.005
6314.70727 15.162 0.005
6323.69825 15.046 0.005
6332.62360 15.087 0.005
6341.56739 15.334 0.005
6351.62585 15.173 0.005
6354.61892 15.063 0.005
6357.66168 14.939 0.005
6362.56660 15.157 0.005
6372.57302 14.970 0.005
6379.55255 14.885 0.005
6388.52321 15.167 0.005
6395.52764 15.117 0.005
6400.52241 15.334 0.005
6514.89337 15.329 0.005
6522.89396 15.138 0.005
6533.89457 15.219 0.005
6545.85005 14.945 0.005
6558.85384 15.261 0.005
6571.77479 14.957 0.005
6578.86458 14.893 0.005
6584.76788 15.269 0.005
6591.84682 15.231 0.005
6596.81388 15.033 0.005
6609.79291 15.138 0.005
6616.75879 15.079 0.005
6622.81229 14.880 0.005
6628.78676 15.230 0.005
6640.78053 15.334 0.005
6647.77938 15.330 0.005
6653.77496 15.105 0.005
6659.77237 14.851 0.005
6664.82234 15.090 0.005
6669.78768 15.298 0.005
6673.76556 15.348 0.005
6678.76568 14.948 0.005
6688.72651 15.355 0.005
6693.71243 14.984 0.005
6699.67834 15.364 0.005
6702.69798 15.257 0.005
6707.56620 14.989 0.005
6711.67900 14.875 0.005
6715.66394 14.945 0.005
6731.64221 15.162 0.005
6883.90083 15.326 0.005
6890.88628 15.246 0.005
6904.84706 15.121 0.005
6915.83749 15.106 0.005
6924.84023 15.353 0.005
6930.79549 15.139 0.005
6936.78545 14.889 0.005
6941.79371 15.126 0.005
6944.75367 14.994 0.005
6950.78368 15.319 0.005
6956.79828 15.165 0.005
6961.79372 15.347 0.005
6966.71717 14.969 0.005
6970.71690 15.020 0.005
6975.79251 15.240 0.005
6979.73675 15.293 0.005
6984.77730 14.882 0.005
6992.71930 14.997 0.005
6995.77088 14.871 0.005
6999.80882 14.945 0.005
7003.85198 15.005 0.005
7009.70580 15.355 0.005
7014.81251 14.998 0.005
7018.79985 15.044 0.005
7022.78961 15.094 0.005
7025.80741 14.977 0.005
7030.77748 15.184 0.005
7033.77828 15.078 0.005
7038.73262 15.287 0.005
7041.73079 15.162 0.005
7047.75214 14.935 0.005
7054.72953 14.862 0.005
7058.71131 14.922 0.005
7064.73460 15.312 0.005
7070.66315 15.069 0.005
7077.64695 15.005 0.005
7082.59249 15.222 0.005
7087.61555 15.045 0.005
7090.61015 15.330 0.005
7097.59532 15.246 0.005
7103.60237 15.025 0.005
7111.58335 15.133 0.005
7115.55537 15.175 0.005
7118.57361 15.056 0.005
7120.55721 15.326 0.005
7127.53621 15.332 0.005
7132.51073 14.922 0.005
7139.51159 14.857 0.005
7143.52445 14.907 0.005
7272.92110 14.952 0.005
7273.89289 15.123 0.005
7274.89979 15.281 0.005
7287.88109 14.986 0.005
7292.90094 15.198 0.005
7293.78441 15.343 0.005
7295.80509 15.078 0.005
7299.88452 15.150 0.005
7306.81231 15.070 0.005
7312.77232 15.014 0.005
7320.78370 14.923 0.005
7327.81086 14.858 0.005
7340.74610 15.181 0.005
7346.75033 14.958 0.005
7355.74144 15.221 0.005
7363.75500 15.326 0.005
7367.82018 15.314 0.005
7373.75187 15.151 0.005
7378.81556 15.340 0.005
7383.72576 14.950 0.005
7387.74135 15.027 0.005
7396.77435 15.306 0.005
7399.78460 15.184 0.005
7403.75824 15.229 0.005
7407.73232 15.263 0.005
7410.74718 15.164 0.005
7415.73215 15.354 0.005
7424.69742 15.023 0.005
7427.71383 14.905 0.005
7433.67135 15.296 0.005
7438.64937 14.875 0.005
7443.65636 15.111 0.005
7447.63050 15.151 0.005
7448.64874 15.341 0.005
7453.63739 14.930 0.005
7461.61546 15.036 0.005
7465.54053 15.076 0.005
7471.56006 14.917 0.005
7474.55754 15.361 0.005
7485.52108 15.333 0.005
7494.51301 14.975 0.005
