5260.64296 16.796 0.013
5261.64632 16.722 0.013
5262.64009 16.640 0.012
5264.60750 16.852 0.015
5265.60876 16.833 0.017
5266.60133 16.775 0.014
5267.61457 16.734 0.015
5268.59721 16.657 0.013
5269.56649 16.797 0.014
5270.55309 16.870 0.014
5271.57589 16.837 0.014
5273.56434 16.694 0.013
5274.59547 16.673 0.013
5275.57871 16.786 0.013
5276.57476 16.848 0.013
5279.56288 16.698 0.015
5281.53830 16.830 0.015
5282.55775 16.841 0.016
5284.56137 16.807 0.016
5286.54406 16.718 0.014
5288.55772 16.886 0.017
5291.55185 16.692 0.013
5293.54320 16.821 0.015
5295.49934 16.814 0.016
5297.52506 16.697 0.014
5298.57010 16.680 0.014
5301.53090 16.834 0.015
5306.52737 16.886 0.017
5308.53511 16.718 0.016
5309.55579 16.692 0.015
5310.55563 16.691 0.017
5311.52202 16.786 0.019
5313.50467 16.822 0.019
5314.51946 16.754 0.020
5322.46695 16.771 0.018
5325.48124 16.817 0.020
5327.48355 16.670 0.013
5335.47424 16.852 0.015
5341.49572 16.858 0.019
5343.49832 16.787 0.020
5430.91646 16.711 0.012
5439.92600 16.838 0.021
5444.89610 16.747 0.011
5448.91500 16.715 0.012
5451.82841 16.819 0.013
5454.90739 16.692 0.014
5457.77129 16.838 0.011
5459.88324 16.756 0.011
5462.88155 16.754 0.013
5467.85212 16.675 0.011
5468.84104 16.792 0.012
5470.81598 16.809 0.012
5471.86371 16.757 0.011
5473.79855 16.709 0.011
5477.80055 16.736 0.010
5478.80801 16.660 0.010
5481.74738 16.828 0.012
5483.78061 16.753 0.015
5484.79273 16.673 0.010
5485.81951 16.688 0.011
5487.74125 16.812 0.011
5488.74340 16.782 0.011
5489.83566 16.758 0.011
5490.74452 16.664 0.012
5491.85791 16.679 0.015
5492.77997 16.828 0.013
5493.80227 16.832 0.014
5494.84703 16.833 0.015
5495.80418 16.732 0.011
5496.80202 16.644 0.013
5497.83216 16.687 0.012
5499.73919 16.834 0.012
5502.80934 16.662 0.010
5503.76457 16.724 0.010
5505.73426 16.823 0.012
5506.75177 16.752 0.009
5507.76988 16.727 0.010
5509.67826 16.770 0.011
5510.73416 16.832 0.013
5511.71039 16.830 0.012
5512.75345 16.772 0.010
5513.72377 16.703 0.010
5514.75630 16.654 0.010
5515.67356 16.803 0.012
5516.75912 16.834 0.011
5517.67224 16.816 0.012
5518.76867 16.772 0.016
5519.69506 16.692 0.014
5521.71192 16.772 0.013
5522.73706 16.828 0.014
5523.70175 16.795 0.013
5524.71020 16.759 0.011
5525.74325 16.707 0.010
5526.69532 16.686 0.010
5527.77604 16.726 0.010
5528.71714 16.835 0.012
5529.69741 16.825 0.012
5530.70463 16.764 0.011
5531.78783 16.709 0.010
5532.69597 16.673 0.009
5533.71932 16.757 0.013
5534.75081 16.827 0.012
5535.72769 16.838 0.013
5536.73032 16.781 0.011
5539.74059 16.751 0.011
5540.82475 16.823 0.011
5541.69091 16.793 0.013
5542.75006 16.775 0.010
5543.78086 16.710 0.013
5544.76832 16.662 0.011
5545.75762 16.755 0.012
5546.70729 16.857 0.013
5547.76709 16.833 0.014
5548.72833 16.776 0.012
5549.69485 16.686 0.012
5550.74711 16.678 0.013
5551.70459 16.788 0.016
5553.75060 16.833 0.015
5556.69860 16.677 0.014
5557.67973 16.801 0.011
5558.68064 16.835 0.013
5559.72383 16.846 0.013
5560.66252 16.724 0.010
5561.69631 16.680 0.014
5562.71565 16.666 0.011
5563.64961 16.794 0.013
5565.68153 16.829 0.011
5566.70821 16.768 0.011
5568.72851 16.668 0.012
5569.72307 16.755 0.012
5570.76260 16.863 0.013
5571.69418 16.800 0.013
5572.81082 16.794 0.012
5575.71516 16.793 0.012
5576.68932 16.834 0.011
5577.69160 16.827 0.012
5578.69787 16.777 0.013
5579.74884 16.691 0.015
5580.69288 16.691 0.011
5581.69499 16.788 0.013
5582.70197 16.853 0.014
5583.70924 16.819 0.012
5584.69474 16.730 0.011
5585.69463 16.690 0.011
5586.65841 16.718 0.012
5587.64057 16.835 0.011
5588.74450 16.830 0.012
5589.65054 16.809 0.012
5591.68787 16.677 0.010
5592.67012 16.683 0.010
5594.66933 16.835 0.013
5595.64797 16.808 0.011
5596.71109 16.767 0.011
5597.62856 16.645 0.011
5598.69487 16.688 0.011
5599.65850 16.822 0.012
5600.69121 16.880 0.011
5601.67085 16.798 0.011
5602.66959 16.745 0.011
5603.67627 16.676 0.012
5604.67667 16.707 0.012
5605.67920 16.805 0.011
5606.69113 16.870 0.013
5607.70205 16.811 0.014
5608.69265 16.714 0.014
5609.71988 16.666 0.015
5611.65046 16.843 0.017
5612.70298 16.861 0.018
5613.66614 16.817 0.014
5614.65846 16.736 0.012
5615.65187 16.670 0.010
5616.66788 16.702 0.011
5619.64980 16.797 0.011
5622.64786 16.739 0.013
5623.61071 16.867 0.013
5624.55189 16.826 0.012
5625.64343 16.808 0.014
5626.60454 16.726 0.013
5627.56930 16.671 0.010
5629.60952 16.847 0.012
5630.62095 16.850 0.015
5632.56909 16.717 0.014
5633.61803 16.688 0.012
5634.57851 16.783 0.014
5635.58280 16.845 0.014
5638.58739 16.709 0.015
5639.59766 16.671 0.015
5640.53662 16.805 0.015
5641.56428 16.860 0.015
5642.51253 16.807 0.011
5643.51029 16.745 0.011
5644.51305 16.681 0.011
5645.51174 16.689 0.013
5646.52477 16.792 0.013
5647.52672 16.867 0.013
5648.52739 16.826 0.012
5649.54215 16.782 0.012
5650.52260 16.690 0.011
5651.52849 16.720 0.009
5652.52344 16.795 0.012
5653.55348 16.854 0.014
5654.56203 16.840 0.013
5655.55320 16.772 0.014
5656.56210 16.687 0.011
5657.52203 16.669 0.012
5659.52136 16.853 0.015
5660.56673 16.825 0.013
5664.50091 16.798 0.017
5665.51614 16.876 0.016
5666.51297 16.832 0.018
5667.49514 16.731 0.015
5668.50109 16.660 0.013
5669.49464 16.681 0.012
5670.54616 16.794 0.015
5671.49655 16.846 0.018
5672.49144 16.811 0.013
5674.49948 16.682 0.010
5675.49276 16.711 0.013
5676.54801 16.860 0.008
5677.48902 16.853 0.013
5678.52328 16.802 0.013
5679.49087 16.742 0.014
5680.53966 16.686 0.015
5681.50372 16.701 0.013
5682.50315 16.803 0.015
5683.50806 16.864 0.014
5684.51308 16.825 0.015
5685.48454 16.721 0.014
5686.48508 16.665 0.010
5687.48724 16.724 0.014
5691.47874 16.726 0.015
5694.49535 16.813 0.017
5695.47976 16.828 0.015
5696.48818 16.802 0.018
5697.47811 16.710 0.015
5699.48765 16.687 0.017
5700.47920 16.818 0.018
5702.47607 16.807 0.015
5706.47578 16.817 0.016
5709.46285 16.695 0.012
5784.93602 16.658 0.016
5796.90356 16.661 0.013
5803.88735 16.753 0.011
5805.85183 16.833 0.012
5806.90282 16.778 0.010
5809.86402 16.773 0.010
5810.86716 16.846 0.012
5812.86008 16.788 0.010
5814.90907 16.671 0.012
5815.88843 16.753 0.011
5816.86260 16.852 0.015
5817.86425 16.839 0.012
5818.89226 16.770 0.012
5819.84626 16.682 0.011
5820.91367 16.662 0.015
5822.83392 16.849 0.011
5823.90874 16.827 0.019
5824.83073 16.761 0.011
5825.81899 16.698 0.010
5826.86749 16.657 0.010
5827.86147 16.759 0.010
5828.88768 16.857 0.012
5829.86106 16.847 0.010
5830.85262 16.781 0.011
5831.84431 16.688 0.009
5832.83374 16.669 0.009
5833.81810 16.794 0.011
5834.81906 16.849 0.010
5835.87896 16.831 0.011
5836.78546 16.745 0.010
5837.86482 16.692 0.010
5839.84649 16.791 0.011
5840.82998 16.845 0.010
5841.82701 16.832 0.012
5842.84462 16.765 0.013
5843.86011 16.694 0.010
5845.87509 16.747 0.016
5846.83561 16.893 0.020
5850.80023 16.694 0.010
5851.80845 16.806 0.013
5853.86396 16.855 0.015
5854.76727 16.740 0.010
5855.83699 16.698 0.009
5856.80859 16.687 0.014
5857.79343 16.828 0.015
5858.84280 16.887 0.015
5859.81131 16.827 0.012
5860.79638 16.750 0.011
5861.80536 16.696 0.011
5863.80855 16.825 0.012
5864.71584 16.838 0.011
5865.78546 16.795 0.011
5866.80958 16.768 0.011
5867.74850 16.654 0.011
5868.85000 16.674 0.010
5869.81551 16.820 0.010
5870.75529 16.842 0.011
5871.74142 16.819 0.011
5872.75075 16.732 0.010
5873.74600 16.669 0.010
5874.77956 16.707 0.011
5875.71547 16.861 0.013
5878.81642 16.768 0.016
5879.70054 16.648 0.014
5880.75201 16.717 0.010
5881.73854 16.823 0.012
5882.76935 16.862 0.011
5883.77329 16.804 0.013
5885.70461 16.672 0.013
5886.74067 16.744 0.014
5887.81306 16.823 0.010
5888.80171 16.871 0.012
5889.84389 16.856 0.012
5890.77744 16.741 0.011
5891.73610 16.661 0.010
5892.75387 16.727 0.010
5893.77199 16.865 0.012
5894.79548 16.860 0.011
5895.81255 16.831 0.012
5896.79561 16.775 0.011
5897.74241 16.681 0.010
5898.72463 16.744 0.010
5899.78378 16.827 0.011
5900.73342 16.842 0.010
5901.78269 16.828 0.013
5902.73398 16.709 0.013
5903.78914 16.677 0.011
5904.76378 16.737 0.012
5905.73781 16.858 0.014
5906.74969 16.830 0.012
5907.72776 16.790 0.012
5908.75310 16.714 0.012
5909.79760 16.674 0.011
5910.71042 16.790 0.012
5911.74228 16.849 0.011
5912.76275 16.856 0.011
5913.73468 16.791 0.010
5914.75732 16.726 0.010
5915.71436 16.670 0.009
5916.77070 16.741 0.009
5917.73188 16.875 0.011
5922.74892 16.728 0.010
5923.72513 16.852 0.009
5924.70647 16.827 0.011
5925.72051 16.810 0.011
5926.73227 16.725 0.010
5927.73130 16.673 0.010
5929.70548 16.872 0.011
5930.85066 16.852 0.010
5931.67250 16.779 0.012
5932.66981 16.701 0.010
5933.71967 16.667 0.011
5934.71573 16.786 0.011
5935.66674 16.837 0.016
5936.66129 16.846 0.013
5937.69057 16.783 0.011
5938.69135 16.688 0.010
5939.73544 16.662 0.011
5940.77105 16.738 0.011
5941.77174 16.847 0.013
5942.79637 16.846 0.011
5943.75322 16.780 0.011
5944.74610 16.700 0.010
5945.72682 16.656 0.009
5946.66666 16.813 0.011
5946.78263 16.737 0.013
5947.73320 16.849 0.013
5948.72205 16.819 0.011
5949.73822 16.782 0.012
5950.65919 16.684 0.009
5951.68457 16.668 0.010
5952.70916 16.798 0.010
5953.70709 16.853 0.012
5954.70464 16.843 0.010
5955.72731 16.792 0.011
5956.72730 16.720 0.010
5958.74454 16.765 0.011
5959.71648 16.859 0.012
5960.71854 16.837 0.011
5961.65028 16.751 0.010
5962.65118 16.689 0.014
5963.61791 16.731 0.015
5964.62987 16.849 0.014
5965.62877 16.856 0.013
5967.65096 16.779 0.016
5968.65105 16.694 0.012
5969.62707 16.728 0.010
5970.60456 16.864 0.011
5971.69744 16.862 0.011
5972.68381 16.829 0.011
5973.66689 16.757 0.009
5974.62191 16.688 0.010
5976.65607 16.839 0.011
5977.68964 16.845 0.012
5978.66605 16.825 0.011
5979.61622 16.733 0.011
5980.64638 16.679 0.011
5981.65535 16.708 0.011
5982.66131 16.818 0.012
5983.70440 16.869 0.010
5984.64340 16.821 0.010
5985.67528 16.759 0.011
5986.60506 16.680 0.010
5987.68086 16.700 0.011
5988.64698 16.818 0.011
5989.61093 16.864 0.013
5990.60445 16.826 0.012
5991.67947 16.740 0.013
5992.63976 16.676 0.013
5993.59659 16.755 0.013
5994.59607 16.838 0.014
5995.64297 16.848 0.016
5996.61308 16.786 0.015
5997.61524 16.742 0.013
5998.61358 16.689 0.012
5998.67699 16.683 0.012
5999.65429 16.722 0.011
6000.62969 16.852 0.012
6002.59335 16.775 0.012
6003.55954 16.719 0.012
6004.61991 16.696 0.012
6005.60294 16.760 0.011
6006.58690 16.826 0.012
6007.58522 16.857 0.011
6008.61971 16.803 0.011
6009.56079 16.703 0.012
6010.61636 16.671 0.012
6011.57515 16.753 0.011
6012.61084 16.826 0.014
6013.55596 16.830 0.011
6014.57488 16.780 0.011
6015.57026 16.738 0.010
6016.61124 16.692 0.010
6017.57461 16.759 0.011
6018.52948 16.906 0.014
6019.57851 16.841 0.013
6020.60003 16.792 0.012
6021.58777 16.712 0.012
6022.59968 16.661 0.012
6023.57332 16.760 0.012
6024.59615 16.860 0.016
6025.59617 16.843 0.015
6026.54243 16.794 0.014
6028.57919 16.690 0.013
6029.59677 16.728 0.014
6032.51706 16.756 0.012
6033.50463 16.705 0.014
6034.51020 16.682 0.012
6035.53563 16.792 0.012
6036.51247 16.851 0.013
6037.51209 16.839 0.017
6038.50382 16.760 0.017
6039.51052 16.695 0.013
6040.51282 16.692 0.011
6042.51044 16.868 0.016
6047.48742 16.797 0.014
6048.48618 16.844 0.016
6049.50945 16.818 0.012
6050.48503 16.781 0.015
6052.50075 16.718 0.014
6053.49776 16.829 0.015
6055.50635 16.844 0.016
6056.49333 16.746 0.014
6057.50351 16.692 0.011
6058.49689 16.694 0.011
6059.49054 16.824 0.013
6060.49381 16.873 0.014
6061.48698 16.813 0.015
6062.47843 16.752 0.014
6064.48024 16.716 0.013
6070.48161 16.722 0.015
6079.46362 16.765 0.016
6123.92752 16.804 0.011
6137.92547 16.683 0.011
6164.91279 16.797 0.012
6165.92590 16.789 0.012
6171.89110 16.789 0.010
6174.91747 16.740 0.016
6179.91711 16.675 0.017
6180.86967 16.698 0.015
6181.88386 16.806 0.011
6182.88841 16.830 0.010
6183.89010 16.799 0.009
6185.86638 16.670 0.009
6186.86788 16.754 0.010
6191.89349 16.672 0.009
6193.90150 16.823 0.011
6196.88318 16.693 0.010
6199.83219 16.818 0.015
6202.83963 16.665 0.013
6204.87478 16.763 0.010
6207.88762 16.760 0.012
6210.88632 16.736 0.013
6212.83915 16.821 0.011
6216.83695 16.774 0.009
6219.82192 16.745 0.011
6221.83524 16.666 0.011
6222.83616 16.793 0.011
6223.79326 16.843 0.011
6224.85882 16.802 0.010
6225.74083 16.752 0.012
6226.75322 16.685 0.011
6229.79578 16.817 0.014
6230.73964 16.788 0.015
6231.76446 16.745 0.011
6232.83047 16.697 0.010
6233.83965 16.667 0.009
6234.84084 16.776 0.010
6235.78822 16.819 0.011
6236.80583 16.814 0.010
6238.83956 16.696 0.009
6239.81362 16.679 0.010
6240.85686 16.779 0.013
6241.81050 16.835 0.011
6242.85343 16.817 0.010
6243.82223 16.763 0.011
6244.76257 16.665 0.010
6245.77910 16.703 0.010
6248.79582 16.815 0.011
6251.78643 16.697 0.008
6254.79636 16.803 0.009
6257.82530 16.700 0.011
6262.74850 16.671 0.009
6265.82134 16.827 0.010
6270.83652 16.798 0.012
6270.84245 16.794 0.012
6274.82819 16.687 0.009
6278.77564 16.802 0.010
6282.79812 16.791 0.009
6286.73137 16.664 0.009
6289.80069 16.844 0.011
6294.82262 16.799 0.010
6299.77918 16.689 0.010
6306.71933 16.831 0.010
6312.71038 16.822 0.009
6317.70562 16.724 0.010
6323.67853 16.801 0.011
6329.63735 16.779 0.014
6333.62844 16.672 0.010
6340.64036 16.709 0.009
6343.58413 16.775 0.010
6347.61045 16.815 0.011
6353.62721 16.813 0.011
6354.59161 16.853 0.010
6355.58068 16.817 0.010
6356.62781 16.716 0.009
6356.66531 16.736 0.009
6357.64315 16.654 0.009
6360.59220 16.842 0.009
6361.60251 16.781 0.009
6362.57596 16.700 0.009
6363.54531 16.657 0.010
6363.58006 16.665 0.009
6371.56810 16.846 0.011
6378.55115 16.846 0.012
6387.54338 16.687 0.010
6396.54905 16.824 0.010
6404.53421 16.726 0.012
6416.51022 16.676 0.010
6509.92880 16.699 0.009
6520.90200 16.686 0.009
6531.91317 16.764 0.010
6547.87983 16.864 0.010
6561.84670 16.708 0.009
6571.85347 16.861 0.009
6577.89410 16.849 0.023
6578.87312 16.814 0.010
6583.80024 16.836 0.011
6608.84055 16.796 0.008
6612.77682 16.884 0.011
6616.73868 16.713 0.009
6622.79264 16.686 0.009
6628.82031 16.697 0.008
6638.74610 16.752 0.009
6645.74365 16.688 0.010
6649.75060 16.820 0.009
6654.77073 16.871 0.009
6658.79386 16.696 0.008
6662.77915 16.755 0.009
6667.84245 16.815 0.011
6672.78411 16.854 0.014
6680.77839 16.750 0.009
6690.67106 16.843 0.009
6697.71966 16.771 0.009
6705.68499 16.690 0.011
6712.65223 16.816 0.010
6722.61304 16.696 0.009
6736.62425 16.860 0.013
6871.93340 16.808 0.013
6887.93174 16.814 0.016
6896.90205 16.761 0.011
6907.88482 16.817 0.012
6926.81395 16.719 0.009
6932.82261 16.717 0.009
6938.80800 16.708 0.012
6942.80555 16.843 0.011
6950.85636 16.728 0.009
6956.85920 16.722 0.010
6961.85381 16.782 0.011
6967.72526 16.764 0.014
6973.73073 16.754 0.010
6980.76770 16.687 0.009
6987.79870 16.679 0.010
6992.77084 16.707 0.010
6997.77665 16.787 0.013
7000.71052 16.818 0.010
7001.66558 16.825 0.012
7002.69934 16.800 0.010
7003.80595 16.786 0.011
7004.74983 16.701 0.010
7005.69798 16.725 0.010
7006.72760 16.827 0.012
7007.77563 16.841 0.012
7008.72662 16.809 0.010
7009.74027 16.750 0.009
7010.68158 16.663 0.009
7013.68520 16.822 0.010
7016.78881 16.714 0.010
7020.79339 16.816 0.011
7024.76875 16.789 0.011
7028.72190 16.668 0.010
7032.77624 16.804 0.011
7037.75165 16.855 0.010
7042.74924 16.808 0.009
7047.71241 16.731 0.010
7051.74101 16.727 0.010
7056.68140 16.784 0.012
7062.67313 16.791 0.010
7069.66976 16.718 0.010
7080.59672 16.746 0.010
7083.62348 16.789 0.011
7085.59517 16.823 0.011
7086.59076 16.749 0.013
7086.63248 16.755 0.012
7087.58565 16.681 0.011
7088.59706 16.702 0.009
7089.57761 16.820 0.011
7090.58179 16.865 0.012
7091.56966 16.805 0.010
7091.61244 16.822 0.010
7092.63366 16.757 0.010
7093.58774 16.705 0.010
7097.56217 16.789 0.013
7103.58342 16.817 0.009
7112.59070 16.679 0.013
7115.58728 16.821 0.013
7119.54531 16.794 0.012
7126.53635 16.811 0.011
7131.54085 16.846 0.013
7134.51115 16.710 0.012
7137.54105 16.832 0.012
7143.50569 16.828 0.017
7277.91252 16.852 0.019
7292.84527 16.697 0.012
7294.80897 16.835 0.012
7297.80771 16.716 0.011
7304.88661 16.671 0.011
7312.80401 16.839 0.011
7322.75835 16.697 0.012
7327.86556 16.790 0.014
7339.76949 16.699 0.009
7345.72806 16.692 0.010
7354.80492 16.847 0.011
7361.82776 16.841 0.011
7366.70033 16.842 0.010
7373.85371 16.843 0.011
7377.82560 16.755 0.010
7382.72385 16.703 0.013
7385.73731 16.812 0.010
7390.75916 16.850 0.009
7399.76376 16.722 0.012
7403.77913 16.827 0.009
7408.72646 16.863 0.011
7410.72786 16.748 0.011
7413.69057 16.843 0.013
7416.69750 16.722 0.010
7424.63989 16.760 0.010
7427.67348 16.799 0.010
7431.66726 16.852 0.010
7435.65969 16.660 0.009
7439.66653 16.726 0.012
7443.63708 16.841 0.011
7449.64279 16.850 0.012
7453.61817 16.696 0.008
7462.63192 16.830 0.009
7466.57937 16.833 0.014
7472.58617 16.789 0.011
7476.54188 16.688 0.010
7488.49564 16.676 0.010
7499.51876 16.770 0.012
7508.46430 16.869 0.013
