5260.64086 16.882 0.012
5261.64422 16.723 0.012
5264.60542 16.834 0.014
5265.60667 16.925 0.016
5266.59924 16.738 0.013
5267.61248 16.932 0.016
5268.59514 16.726 0.013
5269.56442 16.855 0.014
5270.55103 16.901 0.012
5271.57381 16.819 0.012
5273.56227 16.650 0.011
5274.59340 16.915 0.015
5275.57665 16.799 0.012
5276.57271 16.861 0.012
5279.56083 16.950 0.017
5281.53626 16.839 0.013
5282.55570 16.852 0.013
5284.55930 16.910 0.014
5286.54200 16.900 0.014
5288.55569 16.863 0.014
5291.54983 16.937 0.014
5293.54115 16.877 0.015
5295.49732 16.775 0.014
5297.52306 16.688 0.012
5298.56807 16.899 0.015
5301.52886 16.863 0.014
5306.52535 16.831 0.014
5308.53311 16.924 0.016
5309.55378 16.748 0.014
5310.55364 16.928 0.017
5311.51872 16.705 0.016
5313.50270 16.898 0.018
5314.51747 16.726 0.015
5322.46497 16.889 0.016
5325.47925 16.897 0.017
5327.48156 16.918 0.014
5335.47226 16.699 0.013
5341.49376 16.942 0.017
5343.49636 16.792 0.018
5430.91444 16.805 0.013
5439.92393 16.696 0.015
5444.89399 16.764 0.011
5448.91293 16.878 0.012
5451.82634 16.695 0.011
5454.90530 16.823 0.012
5457.76920 16.869 0.010
5459.88114 16.850 0.011
5462.87008 16.896 0.012
5462.87631 16.869 0.013
5467.85001 16.890 0.013
5468.83893 16.735 0.011
5470.81386 16.690 0.011
5471.86160 16.846 0.011
5473.79644 16.770 0.011
5477.79840 16.875 0.010
5478.80588 16.778 0.010
5481.74524 16.893 0.013
5484.79060 16.889 0.011
5485.81736 16.801 0.011
5487.73823 16.672 0.010
5488.74125 16.873 0.012
5489.83351 16.840 0.011
5490.74236 16.766 0.012
5491.85574 16.872 0.014
5492.77779 16.676 0.011
5493.80010 16.935 0.014
5494.84485 16.742 0.012
5495.80200 16.825 0.011
5496.79985 16.893 0.015
5497.83000 16.806 0.012
5499.73700 16.623 0.010
5502.80718 16.834 0.011
5503.76239 16.880 0.011
5505.73208 16.913 0.013
5506.74959 16.802 0.010
5507.76770 16.839 0.011
5509.67609 16.735 0.010
5510.73198 16.938 0.012
5511.70819 16.665 0.010
5512.75126 16.872 0.011
5513.72157 16.900 0.011
5514.75411 16.825 0.011
5515.67136 16.897 0.012
5516.75693 16.659 0.010
5517.67006 16.890 0.013
5518.76646 16.775 0.016
5519.69288 16.806 0.015
5521.70973 16.728 0.013
5522.73485 16.933 0.014
5523.69958 16.694 0.011
5524.70800 16.851 0.011
5525.74107 16.882 0.011
5526.69311 16.792 0.010
5527.77382 16.879 0.011
5528.71494 16.638 0.010
5529.69521 16.918 0.012
5530.70244 16.847 0.012
5531.78562 16.876 0.010
5532.69377 16.864 0.010
5533.71712 16.728 0.011
5534.74862 16.940 0.012
5535.72549 16.708 0.011
5536.72812 16.859 0.011
5539.73837 16.903 0.011
5540.82254 16.797 0.011
5541.68870 16.918 0.013
5542.74708 16.711 0.010
5543.77864 16.927 0.015
5544.76612 16.853 0.011
5545.75540 16.745 0.011
5546.70507 16.932 0.013
5547.76487 16.746 0.012
5548.72613 16.899 0.012
5549.69102 16.855 0.013
5550.74488 16.855 0.012
5551.70238 16.913 0.015
5553.74841 16.893 0.013
5554.68173 16.824 0.016
5556.69637 16.890 0.013
5557.67753 16.689 0.010
5558.67844 16.952 0.013
5559.72162 16.740 0.011
5560.66031 16.861 0.011
5561.69411 16.814 0.014
5562.71345 16.822 0.010
5563.64740 16.921 0.013
5565.67932 16.887 0.010
5566.70602 16.649 0.009
5568.72630 16.884 0.013
5569.72086 16.777 0.011
5570.76042 16.870 0.014
5571.69143 16.715 0.011
5572.80863 16.941 0.012
5575.71296 16.900 0.012
5576.68715 16.740 0.010
5577.68941 16.918 0.012
5578.69570 16.598 0.011
5579.74665 16.914 0.015
5580.69069 16.869 0.011
5581.69281 16.770 0.012
5583.70654 16.685 0.010
5584.69258 16.927 0.012
5585.69245 16.757 0.011
5586.65623 16.782 0.012
5587.65608 16.912 0.011
5588.71574 16.778 0.011
5588.74233 16.798 0.012
5589.64838 16.899 0.012
5591.68571 16.886 0.011
5592.66796 16.899 0.011
5593.65093 16.764 0.011
5594.66716 16.879 0.011
5595.64583 16.669 0.010
5596.70894 16.945 0.011
5597.62642 16.863 0.011
5598.69272 16.843 0.011
5599.65634 16.911 0.013
5600.68907 16.788 0.010
5601.66871 16.934 0.011
5602.66744 16.639 0.010
5603.64959 16.858 0.013
5604.57786 16.921 0.012
5604.64718 16.886 0.012
5604.71998 16.833 0.011
5605.56741 16.703 0.009
5605.73912 16.863 0.010
5606.55597 16.890 0.012
5606.71788 16.883 0.012
5607.58913 16.681 0.012
5607.59181 16.667 0.011
5607.72220 16.700 0.012
5608.60014 16.899 0.013
5609.56710 16.870 0.015
5609.69342 16.770 0.011
5611.57961 16.903 0.015
5611.67688 16.880 0.016
5612.57038 16.738 0.012
5612.67598 16.766 0.013
5613.62269 16.937 0.013
5613.67804 16.965 0.017
5614.56999 16.772 0.012
5614.66927 16.692 0.011
5615.58172 16.821 0.010
5615.71248 16.879 0.013
5616.56873 16.907 0.012
5616.70119 16.796 0.012
5617.53432 16.706 0.011
5617.66574 16.837 0.012
5619.54979 16.691 0.010
5619.66053 16.656 0.010
5620.54297 16.879 0.014
5622.64577 16.838 0.013
5623.60861 16.874 0.012
5624.54977 16.702 0.011
5625.64135 16.935 0.012
5626.60245 16.695 0.011
5627.56720 16.805 0.010
5629.60743 16.809 0.011
5630.61886 16.912 0.013
5632.56698 16.895 0.013
5633.61595 16.862 0.012
5634.57642 16.813 0.013
5635.58072 16.878 0.013
5638.58532 16.753 0.015
5639.59560 16.845 0.015
5640.53455 16.906 0.015
5641.56223 16.781 0.013
5642.51047 16.922 0.011
5643.50823 16.655 0.010
5644.51098 16.866 0.011
5645.50968 16.906 0.014
5646.52270 16.767 0.011
5647.52467 16.886 0.012
5648.52534 16.650 0.011
5649.54011 16.941 0.012
5650.52054 16.820 0.011
5651.52644 16.795 0.008
5652.52139 16.895 0.011
5653.55145 16.765 0.011
5654.56000 16.924 0.012
5655.55117 16.647 0.011
5656.56006 16.878 0.012
5657.52001 16.903 0.013
5659.51933 16.898 0.014
5660.56471 16.677 0.010
5664.49889 16.885 0.015
5665.51413 16.759 0.014
5666.51096 16.942 0.016
5667.49311 16.677 0.012
5668.49866 16.854 0.014
5669.49264 16.900 0.013
5670.54415 16.841 0.015
5671.49453 16.903 0.019
5672.48943 16.619 0.011
5674.49749 16.838 0.011
5675.49033 16.796 0.012
5676.54562 16.879 0.007
5677.48704 16.714 0.010
5678.52128 16.942 0.013
5679.48888 16.711 0.011
5680.53767 16.895 0.015
5681.50173 16.862 0.015
5682.50116 16.821 0.014
5683.50607 16.897 0.013
5684.51050 16.683 0.012
5685.48220 16.907 0.014
5686.48310 16.843 0.011
5687.48525 16.852 0.014
5691.47678 16.742 0.013
5692.52813 16.891 0.018
5694.49337 16.809 0.014
5695.47780 16.923 0.014
5696.48620 16.710 0.014
5697.47614 16.908 0.014
5699.48567 16.872 0.018
5700.47725 16.885 0.016
5702.47410 16.932 0.014
5706.47381 16.811 0.014
5709.46090 16.904 0.013
5784.93399 16.906 0.014
5796.90153 16.927 0.014
5803.88529 16.890 0.011
5805.84978 16.813 0.011
5806.90075 16.888 0.011
5809.86196 16.766 0.009
5810.86508 16.872 0.012
5812.85800 16.718 0.009
5814.90700 16.744 0.012
5815.88636 16.894 0.011
5816.86053 16.771 0.013
5817.86217 16.823 0.011
5818.89016 16.887 0.012
5819.84417 16.713 0.010
5820.91158 16.890 0.014
5822.83183 16.848 0.011
5823.90666 16.838 0.016
5824.82863 16.703 0.010
5825.81689 16.935 0.010
5826.86539 16.727 0.010
5827.85937 16.889 0.010
5828.88559 16.683 0.010
5829.85894 16.815 0.009
5830.85052 16.909 0.010
5831.84220 16.751 0.009
5832.83163 16.908 0.010
5833.81600 16.720 0.010
5834.81693 16.865 0.010
5835.87683 16.876 0.011
5836.78335 16.675 0.009
5837.86269 16.902 0.011
5839.84435 16.923 0.011
5840.82784 16.771 0.009
5841.82488 16.800 0.011
5842.84246 16.917 0.016
5843.85798 16.784 0.010
5845.87295 16.610 0.013
5846.83344 16.898 0.017
5850.79809 16.688 0.010
5851.80631 16.910 0.012
5852.79008 16.835 0.015
5853.86181 16.842 0.014
5854.76512 16.926 0.010
5855.83484 16.769 0.009
5856.80641 16.926 0.014
5858.84064 16.895 0.014
5859.80915 16.910 0.011
5860.79420 16.759 0.010
5861.80321 16.884 0.011
5863.80638 16.928 0.010
5864.71370 16.894 0.010
5865.78328 16.781 0.010
5866.80741 16.882 0.011
5867.74633 16.728 0.010
5868.84781 16.928 0.010
5869.81332 16.652 0.008
5870.75313 16.839 0.010
5871.73923 16.910 0.011
5872.74857 16.760 0.010
5873.74381 16.898 0.011
5874.77737 16.626 0.010
5875.71327 16.861 0.012
5878.81424 16.878 0.016
5879.69833 16.743 0.014
5880.74981 16.915 0.011
5881.73636 16.711 0.010
5882.76714 16.845 0.011
5883.77109 16.912 0.013
5885.70242 16.929 0.014
5886.73847 16.613 0.012
5887.81086 16.935 0.010
5888.79952 16.812 0.011
5889.84168 16.870 0.011
5890.77523 16.870 0.012
5891.73390 16.720 0.010
5892.75166 16.942 0.011
5893.76979 16.689 0.009
5894.79328 16.860 0.010
5895.81035 16.778 0.011
5896.79341 16.840 0.010
5897.74022 16.921 0.011
5898.72241 16.621 0.010
5899.78156 16.900 0.011
5900.73122 16.884 0.011
5901.78048 16.864 0.012
5902.73176 16.868 0.014
5903.78693 16.748 0.011
5904.76158 16.937 0.012
5905.73560 16.731 0.011
5906.74749 16.854 0.012
5907.72556 16.882 0.012
5908.75089 16.811 0.011
5909.79540 16.898 0.011
5910.70822 16.646 0.010
5911.74006 16.918 0.011
5912.76053 16.788 0.010
5913.73248 16.822 0.009
5914.75511 16.872 0.010
5915.71214 16.665 0.009
5916.76850 16.942 0.010
5917.72967 16.745 0.009
5922.74672 16.716 0.009
5923.72294 16.891 0.009
5924.70427 16.858 0.010
5925.71828 16.862 0.011
5926.73008 16.890 0.011
5927.72910 16.719 0.010
5929.70328 16.761 0.010
5930.84845 16.949 0.009
5931.67029 16.887 0.012
5932.66760 16.741 0.010
5933.71749 16.932 0.012
5934.71355 16.719 0.010
5935.66454 16.860 0.015
5936.65908 16.896 0.013
5937.68839 16.847 0.010
5938.68917 16.889 0.011
5939.73325 16.732 0.011
5940.76886 16.899 0.011
5941.76956 16.687 0.010
5942.79417 16.940 0.011
5943.75102 16.789 0.010
5944.74392 16.817 0.010
5945.72463 16.928 0.010
5946.66447 16.717 0.010
5946.78044 16.813 0.012
5947.73101 16.910 0.012
5948.71986 16.636 0.009
5949.73604 16.893 0.012
5950.65700 16.898 0.010
5951.68239 16.716 0.011
5952.70698 16.907 0.010
5953.70492 16.681 0.010
5954.70247 16.891 0.009
5955.72513 16.800 0.010
5956.72515 16.796 0.009
5958.74237 16.765 0.010
5959.71432 16.906 0.011
5960.71638 16.634 0.009
5961.64813 16.833 0.009
5962.64901 16.914 0.016
5963.61574 16.682 0.015
5964.62771 16.923 0.013
5965.62663 16.774 0.011
5967.64881 16.871 0.014
5968.64891 16.756 0.011
5969.62493 16.896 0.010
5970.60241 16.745 0.009
5971.69531 16.953 0.010
5972.68169 16.673 0.009
5973.66476 16.837 0.009
5974.61978 16.931 0.011
5976.65394 16.904 0.011
5977.68751 16.623 0.009
5978.66394 16.903 0.010
5979.61410 16.885 0.011
5980.64425 16.759 0.011
5981.65323 16.888 0.012
5982.65917 16.726 0.010
5983.70231 16.961 0.010
5984.64129 16.750 0.009
5985.67318 16.836 0.012
5986.60295 16.932 0.010
5987.67874 16.794 0.010
5988.64489 16.917 0.011
5989.60883 16.621 0.010
5990.60237 16.885 0.015
5991.67736 16.844 0.012
5992.63766 16.785 0.012
5993.59450 16.901 0.012
5994.59397 16.702 0.011
5995.64090 16.950 0.016
5996.61098 16.767 0.012
5997.61315 16.817 0.012
5998.61150 16.911 0.012
5998.68116 16.871 0.012
5999.65223 16.799 0.010
6000.62760 16.911 0.011
6002.59129 16.883 0.011
6003.55746 16.907 0.013
6004.61784 16.789 0.012
6005.60087 16.893 0.011
6006.58484 16.646 0.009
6007.58315 16.920 0.011
6008.61764 16.773 0.010
6009.55873 16.758 0.012
6010.61430 16.894 0.014
6011.57310 16.762 0.010
6012.57218 16.920 0.015
6013.55392 16.665 0.009
6014.57285 16.873 0.011
6015.56821 16.911 0.011
6016.60889 16.812 0.010
6017.57256 16.888 0.010
6018.52745 16.657 0.011
6019.57602 16.949 0.013
6020.59799 16.786 0.010
6021.58574 16.815 0.012
6022.59723 16.896 0.013
6023.57129 16.735 0.010
6024.59412 16.945 0.014
6025.59414 16.685 0.012
6026.54041 16.832 0.014
6028.57717 16.812 0.014
6029.59476 16.887 0.015
6032.51504 16.893 0.014
6033.50261 16.779 0.013
6034.50821 16.916 0.012
6035.53361 16.720 0.010
6036.51045 16.916 0.012
6037.51009 16.736 0.014
6038.50182 16.793 0.015
6039.50852 16.916 0.014
6040.51082 16.784 0.011
6042.50844 16.641 0.014
6047.48543 16.682 0.011
6048.48420 16.937 0.015
6049.50747 16.760 0.011
6050.48305 16.810 0.013
6052.49875 16.786 0.013
6053.49578 16.924 0.014
6055.50438 16.899 0.014
6056.49135 16.908 0.013
6057.50153 16.839 0.011
6058.49492 16.880 0.012
6059.48856 16.667 0.011
6060.49183 16.938 0.013
6061.48244 16.767 0.013
6062.47646 16.792 0.013
6123.92554 16.922 0.011
6137.92347 16.852 0.011
6164.91074 16.919 0.011
6165.92385 16.677 0.010
6171.88904 16.942 0.010
6174.91517 16.829 0.015
6179.91503 16.735 0.015
6180.86758 16.826 0.013
6181.88177 16.871 0.012
6182.88632 16.723 0.009
6183.88802 16.922 0.009
6185.86428 16.863 0.010
6186.86580 16.862 0.010
6191.89139 16.692 0.009
6193.89940 16.877 0.010
6196.88107 16.708 0.009
6199.83007 16.763 0.013
6202.83752 16.882 0.013
6204.87264 16.872 0.011
6207.88549 16.886 0.012
6210.88418 16.789 0.011
6212.83699 16.907 0.011
6216.83479 16.865 0.009
6219.81976 16.891 0.012
6221.83308 16.907 0.014
6222.83401 16.869 0.012
6223.79109 16.732 0.009
6224.85666 16.904 0.010
6225.73866 16.729 0.011
6226.75104 16.873 0.012
6229.79362 16.915 0.013
6230.73746 16.671 0.012
6231.76227 16.891 0.011
6232.82828 16.621 0.009
6233.83747 16.924 0.010
6234.83866 16.832 0.010
6235.78605 16.745 0.009
6236.80365 16.898 0.010
6238.83738 16.928 0.010
6239.81141 16.694 0.010
6240.85467 16.860 0.013
6241.80831 16.899 0.012
6242.85125 16.818 0.009
6243.82007 16.907 0.011
6244.76038 16.672 0.010
6245.77689 16.905 0.010
6248.79363 16.884 0.010
6251.78422 16.718 0.008
6254.79417 16.774 0.008
6257.82311 16.894 0.012
6262.74628 16.905 0.010
6265.81865 16.864 0.009
6270.83432 16.766 0.011
6270.83995 16.722 0.010
6274.82599 16.945 0.009
6278.77342 16.804 0.009
6282.79590 16.779 0.008
6286.72915 16.919 0.010
6289.79849 16.820 0.010
6294.82041 16.627 0.008
6299.77697 16.706 0.009
6306.71714 16.866 0.009
6312.70821 16.865 0.008
6317.70345 16.871 0.010
6323.67636 16.831 0.010
6329.63519 16.827 0.012
6333.62603 16.616 0.009
6340.63822 16.765 0.008
6343.58200 16.755 0.009
6347.60831 16.856 0.010
6356.62573 16.916 0.009
6363.54323 16.906 0.011
6371.56600 16.806 0.009
6378.54906 16.881 0.010
6387.54133 16.895 0.010
6388.53409 16.734 0.008
6390.53218 16.886 0.009
6391.52599 16.715 0.010
6395.49385 16.852 0.011
6396.51556 16.793 0.012
6396.54704 16.800 0.009
6397.51672 16.940 0.011
6398.50768 16.736 0.010
6399.50492 16.905 0.010
6400.50459 16.750 0.010
6401.49041 16.866 0.010
6402.52832 16.908 0.013
6404.50190 16.935 0.012
6404.53221 16.893 0.012
6407.49910 16.827 0.011
6414.46746 16.910 0.014
6416.47775 16.918 0.012
6416.50822 16.898 0.011
6423.46047 16.909 0.015
6509.92679 16.764 0.008
6531.91110 16.832 0.009
6547.87774 16.650 0.008
6571.85133 16.696 0.008
6577.89193 16.912 0.015
6608.83837 16.913 0.008
6616.73646 16.901 0.009
6622.79042 16.801 0.009
6628.81810 16.896 0.009
6638.74388 16.684 0.008
6645.74144 16.852 0.010
6649.74837 16.936 0.009
6654.76853 16.892 0.008
6658.78741 16.842 0.008
6662.77696 16.726 0.009
6667.83396 16.733 0.009
6672.78192 16.754 0.012
6680.77622 16.929 0.010
6690.66888 16.935 0.009
6697.71752 16.940 0.009
6705.68284 16.837 0.011
6712.65013 16.880 0.009
6722.61094 16.834 0.009
6736.62218 16.888 0.013
6871.93138 16.866 0.012
6887.92970 16.928 0.012
6896.90001 16.732 0.010
6907.88274 16.891 0.011
6926.81182 16.936 0.010
6932.82045 16.773 0.009
6938.80588 16.899 0.012
6942.80339 16.810 0.010
6950.85420 16.870 0.009
6956.85702 16.823 0.010
6961.85162 16.860 0.010
6967.72306 16.900 0.015
6970.75934 16.646 0.010
6972.78311 16.866 0.010
6973.72853 16.793 0.010
6973.77403 16.836 0.010
6974.79900 16.882 0.010
6975.71420 16.638 0.010
6976.84202 16.921 0.011
6977.73804 16.860 0.010
6980.76550 16.758 0.009
6987.79649 16.710 0.010
6992.76864 16.739 0.009
6997.77443 16.848 0.012
7002.71827 16.853 0.010
7007.72957 16.877 0.011
7013.68299 16.879 0.011
7015.77083 16.853 0.010
7016.66624 16.668 0.009
7017.69846 16.961 0.011
7018.68389 16.751 0.009
7019.74684 16.912 0.010
7020.65863 16.867 0.009
7024.76652 16.899 0.011
7028.71970 16.753 0.010
7032.77406 16.698 0.009
7037.74945 16.598 0.008
7042.74706 16.689 0.008
7047.71023 16.775 0.009
7051.73882 16.878 0.009
7056.67923 16.811 0.012
7060.67824 16.934 0.010
7061.70650 16.661 0.009
7062.67099 16.873 0.011
7062.69770 16.893 0.010
7063.65825 16.899 0.011
7064.72165 16.825 0.010
7065.70672 16.869 0.012
7066.70242 16.646 0.009
7069.66764 16.811 0.010
7074.67889 16.873 0.014
7080.59459 16.894 0.010
7083.62137 16.723 0.010
7086.63039 16.835 0.011
7091.61037 16.907 0.010
7103.57836 16.891 0.009
7109.52792 16.828 0.012
7110.51316 16.781 0.010
7112.58866 16.803 0.012
7115.58524 16.907 0.012
7119.54329 16.637 0.010
7126.53431 16.676 0.009
7131.53884 16.657 0.010
7134.50915 16.819 0.011
7137.53906 16.942 0.011
7143.50371 16.638 0.014
7277.91044 16.904 0.017
7292.84315 16.674 0.011
7294.80686 16.873 0.012
7297.80556 16.761 0.011
7304.88446 16.619 0.009
7312.80186 16.786 0.010
7322.75617 16.892 0.013
7327.85890 16.927 0.013
7339.76729 16.931 0.009
7345.72586 16.655 0.009
7354.80271 16.862 0.010
7361.82555 16.846 0.011
7366.69811 16.882 0.010
7373.85149 16.816 0.010
7377.82340 16.910 0.010
7382.72164 16.897 0.012
7385.73513 16.872 0.010
7390.75696 16.756 0.009
7399.76157 16.888 0.012
7404.75118 16.908 0.009
7408.72428 16.875 0.010
7410.72567 16.745 0.010
7413.68842 16.881 0.012
7416.69535 16.929 0.010
7424.63775 16.771 0.009
7427.66923 16.767 0.009
7431.66463 16.690 0.008
7435.65757 16.889 0.009
7439.66409 16.766 0.010
7443.63496 16.735 0.009
7449.64070 16.914 0.010
7453.61606 16.715 0.008
7462.62984 16.880 0.009
7466.57731 16.913 0.012
7472.58410 16.611 0.009
7476.53983 16.900 0.010
7488.49363 16.887 0.010
7499.51675 16.766 0.011
7507.48895 16.946 0.010
