5262.52161 14.459 0.005
5264.52644 14.426 0.005
5265.57806 14.541 0.005
5266.52174 14.521 0.005
5267.52179 14.309 0.005
5269.50544 14.502 0.005
5272.51669 14.354 0.005
5273.50369 14.475 0.005
5275.50083 14.469 0.005
5277.51231 14.437 0.005
5280.51572 14.317 0.005
5282.49628 14.490 0.005
5284.51038 14.356 0.005
5285.51031 14.346 0.005
5288.50214 14.458 0.005
5291.50095 14.531 0.005
5294.51069 14.394 0.005
5296.53936 14.549 0.005
5298.52428 14.350 0.005
5301.48465 14.475 0.005
5306.49717 14.305 0.005
5308.51975 14.493 0.005
5312.47978 14.440 0.005
5315.46830 14.308 0.005
5428.92355 14.380 0.005
5439.84504 14.559 0.005
5444.86322 14.448 0.005
5449.91511 14.326 0.005
5450.84453 14.406 0.005
5454.84817 14.375 0.005
5457.85639 14.458 0.005
5459.78524 14.424 0.005
5463.84783 14.406 0.005
5467.82227 14.363 0.005
5468.78092 14.475 0.005
5469.83262 14.564 0.005
5471.79673 14.352 0.005
5475.89037 14.317 0.005
5478.74526 14.566 0.005
5480.74055 14.359 0.005
5482.73803 14.561 0.005
5484.74453 14.329 0.005
5486.72973 14.533 0.005
5488.71353 14.323 0.005
5489.73464 14.382 0.005
5491.71872 14.557 0.005
5492.73336 14.375 0.005
5494.72266 14.462 0.005
5496.77057 14.494 0.005
5499.79565 14.542 0.005
5505.87067 14.348 0.005
5510.76972 14.332 0.005
5512.78820 14.542 0.005
5514.79091 14.314 0.005
5516.79382 14.506 0.005
5518.81723 14.395 0.005
5521.81645 14.564 0.005
5523.77520 14.333 0.005
5525.78483 14.524 0.005
5527.70857 14.345 0.005
5528.84286 14.398 0.005
5529.73284 14.499 0.005
5530.76249 14.562 0.005
5532.75506 14.360 0.005
5533.82198 14.467 0.005
5534.68273 14.553 0.005
5535.77367 14.519 0.005
5539.81264 14.541 0.005
5541.75343 14.382 0.005
5543.80363 14.572 0.005
5545.80828 14.366 0.005
5547.71710 14.555 0.005
5549.73054 14.315 0.005
5551.74110 14.537 0.005
5554.77920 14.378 0.005
5557.75270 14.425 0.005
5559.79799 14.460 0.005
5561.73049 14.518 0.005
5565.76206 14.555 0.005
5568.74779 14.489 0.005
5571.71338 14.335 0.005
5574.81168 14.510 0.005
5575.82876 14.318 0.005
5576.80806 14.431 0.005
5577.76497 14.530 0.005
5578.76584 14.551 0.005
5580.74334 14.376 0.005
5581.74644 14.486 0.005
5582.79318 14.584 0.005
5584.74371 14.348 0.005
5585.73223 14.449 0.005
5587.68487 14.548 0.005
5590.65136 14.524 0.005
5591.72484 14.559 0.005
5593.67601 14.367 0.005
5594.70631 14.481 0.005
5595.71963 14.567 0.005
5596.74501 14.446 0.005
5599.67780 14.555 0.005
5602.71011 14.408 0.005
5604.69616 14.564 0.005
5605.71447 14.348 0.005
5607.66932 14.475 0.005
5609.68439 14.470 0.005
5612.66685 14.552 0.005
5615.62183 14.393 0.005
5624.60585 14.427 0.005
5626.55706 14.563 0.005
5629.54291 14.497 0.005
5631.54172 14.417 0.005
5633.58583 14.459 0.005
5635.55072 14.509 0.005
5639.56016 14.558 0.005
5641.53003 14.383 0.005
5643.53144 14.561 0.005
5645.53061 14.342 0.005
5647.49438 14.560 0.005
5649.49295 14.323 0.005
5651.49638 14.527 0.005
5653.57340 14.325 0.005
5655.49476 14.492 0.005
5657.48986 14.446 0.005
5660.53779 14.555 0.005
5666.53302 14.370 0.005
5669.51519 14.564 0.005
5672.52736 14.444 0.005
5676.51490 14.414 0.005
5679.54909 14.323 0.005
5680.49065 14.370 0.005
5683.47519 14.471 0.005
5684.47652 14.345 0.005
5785.93651 14.523 0.005
5803.90704 14.565 0.005
5805.92036 14.331 0.005
5807.86807 14.547 0.005
5809.89923 14.318 0.005
5812.89500 14.558 0.005
5813.89225 14.398 0.005
5816.83141 14.552 0.005
5819.86587 14.431 0.005
5822.80015 14.333 0.005
5824.79622 14.490 0.005
5826.88720 14.390 0.005
5828.82045 14.456 0.005
5830.80060 14.533 0.005
5832.80245 14.416 0.005
5834.78759 14.551 0.005
5835.83261 14.334 0.005
5837.79839 14.488 0.005
5840.86394 14.355 0.005
5842.81298 14.564 0.005
5846.78403 14.531 0.005
5850.82039 14.490 0.005
5851.77693 14.564 0.005
5853.82995 14.344 0.005
5856.82826 14.509 0.005
5858.77387 14.404 0.005
5858.78063 14.415 0.005
5859.83128 14.526 0.005
5861.75738 14.346 0.005
5862.77121 14.375 0.005
5864.86779 14.555 0.005
5865.73759 14.471 0.005
5867.84103 14.450 0.005
5869.86501 14.520 0.005
5871.79794 14.410 0.005
5872.77043 14.510 0.005
5874.80263 14.345 0.005
5879.75032 14.340 0.005
5881.81092 14.552 0.005
5883.72635 14.310 0.005
5885.77013 14.519 0.005
5887.76156 14.367 0.005
5890.74564 14.549 0.005
5892.72218 14.334 0.005
5894.76386 14.548 0.005
5896.74856 14.320 0.005
5898.75899 14.520 0.005
5900.70172 14.376 0.005
5901.80250 14.372 0.005
5902.70213 14.468 0.005
5903.71862 14.560 0.005
5904.71673 14.483 0.005
5905.69057 14.323 0.005
5906.70261 14.400 0.005
5907.69411 14.543 0.005
5909.74688 14.317 0.005
5911.71020 14.504 0.005
5912.79688 14.565 0.005
5913.75380 14.371 0.005
5914.77658 14.363 0.005
5915.75024 14.474 0.005
5916.71842 14.555 0.005
5917.75115 14.477 0.005
5922.78335 14.315 0.005
5923.75055 14.393 0.005
5925.75449 14.557 0.005
5926.75149 14.388 0.005
5927.75222 14.354 0.005
5929.75846 14.551 0.005
5931.73631 14.339 0.005
5932.74119 14.421 0.005
5933.75420 14.528 0.005
5934.77460 14.541 0.005
5936.69630 14.392 0.005
5937.71887 14.505 0.005
5939.68467 14.424 0.005
5940.68140 14.348 0.005
5941.70923 14.457 0.005
5942.70445 14.566 0.005
5943.70591 14.503 0.005
5944.66909 14.329 0.005
5945.67813 14.420 0.005
5946.70228 14.526 0.005
5947.68575 14.551 0.005
5948.66200 14.338 0.005
5949.69135 14.384 0.005
5951.65098 14.572 0.005
5952.67653 14.407 0.005
5954.65600 14.446 0.005
5956.69453 14.515 0.005
5958.69251 14.422 0.005
5960.65007 14.547 0.005
5963.65364 14.484 0.005
5964.59638 14.560 0.005
5967.60181 14.454 0.005
5969.65547 14.513 0.005
5971.66119 14.412 0.005
5972.63037 14.530 0.005
5974.58795 14.363 0.005
5976.62354 14.495 0.005
5978.69983 14.438 0.005
5980.56661 14.434 0.005
5982.61216 14.537 0.005
5984.66267 14.408 0.005
5985.61080 14.509 0.005
5987.61589 14.353 0.005
5989.56367 14.483 0.005
5990.57221 14.565 0.005
5992.60761 14.330 0.005
5993.63658 14.439 0.005
5995.58086 14.540 0.005
5996.58070 14.309 0.005
5998.58158 14.515 0.005
6002.56060 14.466 0.005
6006.51520 14.426 0.005
6010.54504 14.403 0.005
6016.57507 14.551 0.005
6021.55553 14.532 0.005
6022.56554 14.324 0.005
6025.54159 14.567 0.005
6029.54448 14.578 0.005
6034.47828 14.555 0.005
6036.48015 14.390 0.005
6038.52260 14.568 0.005
6040.48091 14.349 0.005
6042.47834 14.562 0.005
6052.46679 14.421 0.005
6057.45698 14.302 0.005
6060.46536 14.552 0.005
6067.47120 14.468 0.005
6071.46262 14.413 0.005
6139.93034 14.322 0.005
6150.92144 14.554 0.005
6166.91782 14.414 0.005
6180.90505 14.520 0.005
6186.89012 14.476 0.005
6195.87885 14.362 0.005
6199.88479 14.479 0.005
6200.89887 14.321 0.005
6203.80296 14.545 0.005
6208.81628 14.401 0.005
6212.85887 14.472 0.005
6216.85668 14.544 0.005
6219.85717 14.515 0.005
6222.85724 14.363 0.005
6225.77209 14.508 0.005
6225.78949 14.511 0.005
6229.83109 14.546 0.005
6231.80378 14.380 0.005
6235.83156 14.357 0.005
6239.86424 14.324 0.005
6244.80234 14.389 0.005
6248.74894 14.350 0.005
6250.77116 14.562 0.005
6253.77534 14.417 0.005
6256.76142 14.331 0.005
6259.77138 14.568 0.005
6264.76704 14.512 0.005
6269.77892 14.328 0.005
6273.77476 14.440 0.005
6275.76690 14.458 0.005
6279.76885 14.425 0.005
6285.70732 14.567 0.005
6288.73209 14.446 0.005
6296.76141 14.373 0.005
6301.72664 14.441 0.005
6308.73200 14.372 0.005
6315.65543 14.541 0.005
6325.63949 14.509 0.005
6338.59188 14.504 0.005
6343.60637 14.310 0.005
6354.57308 14.531 0.005
6360.58271 14.420 0.005
6363.59733 14.564 0.005
6374.55207 14.342 0.005
6380.51066 14.525 0.005
6389.50509 14.556 0.005
6399.47720 14.489 0.005
6511.89037 14.556 0.005
6521.87330 14.328 0.005
6532.88330 14.567 0.005
6548.84318 14.431 0.005
6564.86389 14.321 0.005
6572.79207 14.543 0.005
6581.78548 14.477 0.005
6585.82558 14.539 0.005
6595.73275 14.341 0.005
6603.75106 14.387 0.005
6611.78081 14.551 0.005
6615.79121 14.570 0.005
6619.71827 14.567 0.005
6625.71107 14.328 0.005
6633.74488 14.510 0.005
6643.72675 14.369 0.005
6648.75259 14.430 0.005
6655.77121 14.398 0.005
6659.66879 14.523 0.005
6664.80474 14.323 0.005
6670.70910 14.462 0.005
6676.71945 14.561 0.005
6681.72484 14.441 0.005
6692.68858 14.484 0.005
6696.68460 14.432 0.005
6700.66635 14.403 0.005
6706.66794 14.561 0.005
6711.66091 14.529 0.005
6716.59933 14.362 0.005
6730.63434 14.380 0.005
6879.92957 14.548 0.005
6887.89912 14.483 0.005
6896.86927 14.517 0.005
6910.86033 14.562 0.005
6924.80220 14.413 0.005
6929.84205 14.322 0.005
6936.74674 14.560 0.005
6939.73407 14.457 0.005
6943.74610 14.419 0.005
6950.74478 14.453 0.005
6956.78085 14.424 0.005
6960.78494 14.381 0.005
6965.71699 14.453 0.005
6972.76392 14.331 0.005
6976.79895 14.442 0.005
6979.77422 14.570 0.005
6982.73131 14.417 0.005
6985.73135 14.340 0.005
6990.72972 14.332 0.005
6995.70669 14.417 0.005
6999.74203 14.372 0.005
7003.81967 14.349 0.005
7008.73993 14.406 0.005
7013.75908 14.485 0.005
7017.77539 14.452 0.005
7021.75959 14.409 0.005
7025.69336 14.358 0.005
7029.69380 14.323 0.005
7033.74553 14.298 0.005
7039.72376 14.481 0.005
7045.64092 14.567 0.005
7053.65160 14.567 0.005
7058.68150 14.565 0.005
7064.70793 14.354 0.005
7071.67106 14.566 0.005
7075.67579 14.587 0.005
7079.61507 14.573 0.005
7083.59118 14.523 0.005
7087.59643 14.490 0.005
7091.58015 14.450 0.005
7099.59681 14.373 0.005
7109.53973 14.528 0.005
7112.56028 14.378 0.005
7116.55110 14.341 0.005
7120.52094 14.309 0.005
7126.50439 14.464 0.005
7132.47453 14.559 0.005
7135.49001 14.511 0.005
7140.47229 14.570 0.005
7144.47039 14.573 0.005
7270.90118 14.561 0.005
7283.79795 14.579 0.005
7291.77626 14.505 0.005
7294.76064 14.347 0.005
7302.84720 14.308 0.005
7308.81423 14.486 0.005
7317.77077 14.501 0.005
7325.73197 14.409 0.005
7338.74198 14.412 0.005
7342.72038 14.382 0.005
7346.71150 14.336 0.005
7354.84407 14.310 0.005
7357.84147 14.568 0.005
7364.74761 14.417 0.005
7367.78650 14.315 0.005
7373.72369 14.453 0.005
7377.79346 14.406 0.005
7386.70611 14.449 0.005
7391.70582 14.519 0.005
7399.73176 14.445 0.005
7404.72057 14.527 0.005
7408.69355 14.475 0.005
7410.69592 14.469 0.005
7416.66501 14.394 0.005
7426.67668 14.562 0.005
7432.65379 14.377 0.005
7437.62500 14.317 0.005
7442.59212 14.378 0.005
7446.62535 14.355 0.005
7450.61717 14.304 0.005
7456.59954 14.496 0.005
7462.59898 14.521 0.005
7467.54990 14.308 0.005
7473.55425 14.454 0.005
7481.52969 14.366 0.005
7494.48043 14.383 0.005
7500.47378 14.556 0.005
