5260.62911 13.868 0.005
5261.54391 13.924 0.005
5262.61065 14.008 0.005
5264.57435 14.058 0.005
5265.50814 13.948 0.005
5266.57305 13.815 0.005
5267.55438 13.817 0.005
5268.62892 13.820 0.005
5269.53830 13.856 0.005
5271.54709 13.998 0.005
5272.56424 14.077 0.005
5273.53622 14.064 0.005
5274.56738 13.945 0.005
5276.54642 13.812 0.005
5279.53457 13.922 0.005
5281.50998 14.070 0.005
5282.52867 14.057 0.005
5283.54479 13.958 0.005
5284.54811 13.823 0.005
5285.54968 13.814 0.005
5287.54295 13.850 0.005
5289.53598 13.990 0.005
5292.55986 13.963 0.005
5294.54265 13.813 0.005
5297.51081 13.912 0.005
5299.50827 14.068 0.005
5305.47079 13.839 0.005
5307.49786 13.978 0.005
5310.48857 13.975 0.005
5312.51633 13.801 0.005
5315.48724 13.902 0.005
5323.47300 13.835 0.005
5325.46665 13.970 0.005
5327.46653 14.088 0.005
5335.46118 14.059 0.005
5338.46769 13.875 0.005
5342.47553 13.909 0.005
5343.48515 13.973 0.005
5430.88877 13.823 0.005
5439.89823 13.823 0.005
5444.88035 14.085 0.005
5449.88508 13.824 0.005
5451.89413 13.951 0.005
5454.87987 14.036 0.005
5456.90557 13.812 0.005
5457.88790 13.822 0.005
5461.90021 14.031 0.005
5463.86526 14.041 0.005
5467.83926 13.821 0.005
5468.81324 13.870 0.005
5470.78566 14.018 0.005
5471.83596 14.085 0.005
5476.79163 13.826 0.005
5478.78039 13.934 0.005
5480.79410 14.076 0.005
5482.77032 13.937 0.005
5484.87776 13.823 0.005
5486.77683 13.860 0.005
5487.85581 13.935 0.005
5488.84971 14.004 0.005
5490.71593 14.061 0.005
5491.73624 13.950 0.005
5492.75042 13.818 0.005
5493.74259 13.825 0.005
5495.72277 13.856 0.005
5497.72958 13.992 0.005
5503.82647 13.825 0.005
5506.86623 14.013 0.005
5509.79097 13.951 0.005
5511.72996 13.811 0.005
5513.74348 13.847 0.005
5515.69336 13.985 0.005
5517.69139 14.074 0.005
5521.73163 13.817 0.005
5523.79365 13.910 0.005
5525.80228 14.051 0.005
5527.69210 13.982 0.005
5528.82781 13.831 0.005
5529.75068 13.809 0.005
5530.78055 13.815 0.005
5532.77242 13.912 0.005
5533.83932 13.983 0.005
5534.70016 14.054 0.005
5535.79110 14.073 0.005
5539.82989 13.821 0.005
5541.79978 13.913 0.005
5543.82093 14.064 0.005
5545.82555 13.969 0.005
5547.73455 13.807 0.005
5549.74806 13.839 0.005
5551.75904 13.976 0.005
5553.77166 14.083 0.005
5554.79706 13.977 0.005
5556.75790 13.805 0.005
5557.77034 13.825 0.005
5558.76561 13.836 0.005
5560.79291 13.978 0.005
5561.75042 14.055 0.005
5563.75590 13.992 0.005
5565.78239 13.807 0.005
5568.78392 13.908 0.005
5570.83871 14.064 0.005
5573.81500 13.856 0.005
5576.71458 13.832 0.005
5577.74750 13.894 0.005
5578.74980 13.969 0.005
5579.80090 14.060 0.005
5581.73064 14.016 0.005
5582.77734 13.870 0.005
5583.74659 13.801 0.005
5584.76108 13.810 0.005
5585.76782 13.823 0.005
5589.70479 14.092 0.005
5590.69972 14.019 0.005
5591.71031 13.889 0.005
5593.69332 13.806 0.005
5595.67458 13.879 0.005
5596.73032 13.950 0.005
5597.70433 14.033 0.005
5598.73136 14.095 0.005
5599.72624 14.021 0.005
5600.74449 13.891 0.005
5604.73344 13.881 0.005
5606.71102 14.030 0.005
5608.66008 14.037 0.005
5611.66951 13.820 0.005
5613.63658 13.876 0.005
5615.67077 14.021 0.005
5624.62315 14.020 0.005
5627.60953 13.916 0.005
5630.59111 13.820 0.005
5632.58810 13.923 0.005
5634.54845 14.073 0.005
5639.54527 13.821 0.005
5641.58494 13.921 0.005
5643.54892 14.073 0.005
5645.55175 13.952 0.005
5647.58079 13.812 0.005
5649.51230 13.853 0.005
5654.53044 13.959 0.005
5655.51236 13.826 0.005
5657.55648 13.813 0.005
5665.53562 13.815 0.005
5667.51536 13.859 0.005
5671.51738 14.073 0.005
5675.51325 13.818 0.005
5677.51316 13.908 0.005
5680.50797 14.079 0.005
5681.47208 13.987 0.005
5786.91189 13.962 0.005
5802.86579 13.829 0.005
5804.88879 13.952 0.005
5807.88799 14.010 0.005
5809.91850 13.801 0.005
5813.82305 13.950 0.005
5815.90799 14.084 0.005
5818.86300 13.802 0.005
5820.85208 13.820 0.005
5823.84456 14.030 0.005
5826.80512 13.911 0.005
5828.86036 13.814 0.005
5831.79950 13.938 0.005
5833.77345 14.082 0.005
5834.89702 14.039 0.005
5836.80629 13.810 0.005
5839.78059 13.866 0.005
5841.86215 14.022 0.005
5844.88573 13.918 0.005
5850.86993 14.011 0.005
5851.84459 14.077 0.005
5854.84031 13.815 0.005
5856.84714 13.817 0.005
5858.79817 13.926 0.005
5861.77589 14.056 0.005
5862.78896 13.939 0.005
5864.75214 13.819 0.005
5865.80575 13.818 0.005
5867.85410 13.928 0.005
5868.87023 14.002 0.005
5869.83499 14.074 0.005
5870.71126 14.069 0.005
5872.72145 13.826 0.005
5873.76599 13.814 0.005
5878.83589 14.080 0.005
5880.72115 13.962 0.005
5882.73908 13.808 0.005
5885.78717 13.917 0.005
5888.75648 14.071 0.005
5890.81352 13.819 0.005
5891.86118 13.809 0.005
5893.71187 13.843 0.005
5895.75280 13.990 0.005
5896.76596 14.063 0.005
5899.70833 13.837 0.005
5901.81976 13.814 0.005
5902.75367 13.839 0.005
5903.80851 13.911 0.005
5904.73413 13.977 0.005
5905.70808 14.051 0.005
5906.72018 14.072 0.005
5907.75701 13.967 0.005
5908.77314 13.834 0.005
5909.76607 13.808 0.005
5910.76662 13.819 0.005
5911.79312 13.845 0.005
5912.78212 13.905 0.005
5913.78747 13.974 0.005
5915.76754 14.074 0.005
5916.79003 13.972 0.005
5917.76841 13.842 0.005
5922.82158 13.980 0.005
5924.76981 14.069 0.005
5925.77362 13.980 0.005
5927.76950 13.811 0.005
5929.77582 13.835 0.005
5931.75376 13.968 0.005
5932.76313 14.053 0.005
5933.77148 14.085 0.005
5934.79184 13.980 0.005
5936.71395 13.802 0.005
5937.73628 13.815 0.005
5938.71191 13.824 0.005
5939.70521 13.894 0.005
5940.69929 13.961 0.005
5941.72645 14.043 0.005
5942.72272 14.084 0.005
5943.72330 14.019 0.005
5944.68654 13.866 0.005
5945.69623 13.797 0.005
5946.73751 13.818 0.005
5947.70308 13.826 0.005
5949.70865 13.961 0.005
5950.70958 14.046 0.005
5953.74211 13.870 0.005
5955.67858 13.819 0.005
5958.71098 13.957 0.005
5960.66760 14.094 0.005
5963.67386 13.803 0.005
5964.71525 13.816 0.005
5965.64968 13.816 0.005
5967.62062 13.937 0.005
5968.70904 14.037 0.005
5969.71348 14.099 0.005
5973.61928 13.814 0.005
5976.67603 13.941 0.005
5977.65972 14.027 0.005
5979.67828 14.034 0.005
5981.60889 13.816 0.005
5983.67410 13.821 0.005
5985.62833 13.937 0.005
5987.65033 14.091 0.005
5988.58034 14.049 0.005
5990.53484 13.810 0.005
5991.63465 13.828 0.005
5993.65380 13.876 0.005
5995.61314 14.017 0.005
5996.63216 14.076 0.005
6000.59991 13.817 0.005
6005.58971 14.082 0.005
6010.56459 13.828 0.005
6018.54977 13.820 0.005
6023.52802 14.062 0.005
6024.56615 14.067 0.005
6028.54891 13.814 0.005
6033.52584 14.073 0.005
6036.53134 13.813 0.005
6037.53383 13.822 0.005
6039.52947 13.910 0.005
6042.52944 14.081 0.005
6047.50624 13.852 0.005
6048.50530 13.910 0.005
6055.47572 13.830 0.005
6058.47901 13.982 0.005
6141.91550 14.079 0.005
6159.93003 14.080 0.005
6181.90321 13.815 0.005
6195.89576 14.092 0.005
6198.87910 13.799 0.005
6200.83887 13.812 0.005
6203.82566 14.024 0.005
6208.83141 13.810 0.005
6211.86915 13.934 0.005
6215.82131 13.920 0.005
6218.87799 13.822 0.005
6219.87457 13.874 0.005
6220.87129 13.942 0.005
6221.87125 14.021 0.005
6223.86843 14.047 0.005
6226.77314 13.812 0.005
6230.84522 14.010 0.005
6232.85000 14.052 0.005
6235.85047 13.818 0.005
6241.82384 14.059 0.005
6244.82991 13.816 0.005
6248.76622 13.998 0.005
6250.80411 14.059 0.005
6251.75680 13.950 0.005
6254.73616 13.814 0.005
6257.77876 13.986 0.005
6260.82822 13.954 0.005
6265.77534 13.915 0.005
6271.80186 13.814 0.005
6276.77561 14.056 0.005
6284.85910 13.994 0.005
6286.75059 14.073 0.005
6290.75634 13.820 0.005
6295.78899 14.084 0.005
6300.72864 13.839 0.005
6307.73950 13.810 0.005
6314.68721 14.003 0.005
6319.62382 13.886 0.005
6338.61088 13.946 0.005
6339.63335 14.031 0.005
6348.62180 14.025 0.005
6353.64519 13.824 0.005
6357.60973 14.025 0.005
6361.55455 13.810 0.005
6368.57041 14.064 0.005
6375.55053 14.005 0.005
6385.50936 14.076 0.005
6391.51365 13.855 0.005
6400.49606 13.843 0.005
6407.48278 13.806 0.005
6511.90816 14.062 0.005
6521.89020 14.088 0.005
6530.92305 14.078 0.005
6547.89966 14.050 0.005
6561.86725 13.815 0.005
6571.87339 13.825 0.005
6577.85730 13.908 0.005
6583.77091 14.024 0.005
6593.74026 14.077 0.005
6603.82043 14.053 0.005
6611.80489 14.075 0.005
6616.70908 13.815 0.005
6623.73469 13.830 0.005
6629.73422 14.071 0.005
6641.73318 13.830 0.005
6647.74442 14.067 0.005
6658.78541 13.970 0.005
6661.81727 13.826 0.005
6668.77739 13.843 0.005
6675.76285 14.086 0.005
6690.73007 13.889 0.005
6695.68108 13.872 0.005
6699.64183 13.888 0.005
6704.69708 13.875 0.005
6709.64793 13.946 0.005
6713.62080 13.907 0.005
6721.62124 14.042 0.005
6742.56158 13.812 0.005
6744.56742 13.865 0.005
6745.53474 13.927 0.005
6746.53785 14.008 0.005
6749.50467 13.941 0.005
6881.93114 13.979 0.005
6889.88984 13.904 0.005
6906.88718 13.826 0.005
6922.80960 13.804 0.005
6927.80166 14.035 0.005
6932.79281 13.821 0.005
6938.76124 14.050 0.005
6942.77612 13.815 0.005
6949.81241 13.802 0.005
6955.76852 14.082 0.005
6963.73880 14.006 0.005
6968.78697 13.819 0.005
6975.69371 13.949 0.005
6979.72106 13.857 0.005
6983.73339 14.069 0.005
6989.75321 13.927 0.005
6994.79749 13.823 0.005
6999.75994 13.995 0.005
7003.83683 13.823 0.005
7008.78976 13.994 0.005
7013.78020 13.815 0.005
7017.79476 13.989 0.005
7021.77681 13.834 0.005
7025.73653 13.910 0.005
7030.76069 13.838 0.005
7034.73233 13.904 0.005
7039.74147 13.844 0.005
7044.71763 13.970 0.005
7049.71285 13.809 0.005
7055.69391 14.093 0.005
7060.68932 13.821 0.005
7065.67075 14.023 0.005
7072.64722 14.040 0.005
7078.62642 13.823 0.005
7082.56052 14.095 0.005
7085.63310 13.810 0.005
7089.60799 13.944 0.005
7093.57836 13.916 0.005
7102.55911 13.925 0.005
7111.56741 13.934 0.005
7114.54418 13.819 0.005
7118.54363 14.081 0.005
7124.51767 13.855 0.005
7130.50372 13.827 0.005
7133.49229 13.854 0.005
7136.47522 14.078 0.005
7140.48932 13.817 0.005
7144.48742 13.998 0.005
7270.91828 13.963 0.005
7283.81485 13.883 0.005
7291.82753 14.020 0.005
7294.77801 13.821 0.005
7298.87475 14.043 0.005
7303.83137 13.816 0.005
7311.78081 13.800 0.005
7319.74357 13.929 0.005
7327.82989 14.043 0.005
7339.73994 13.812 0.005
7344.76635 14.079 0.005
7353.84757 14.080 0.005
7355.82129 13.941 0.005
7363.74605 14.066 0.005
7367.80415 13.815 0.005
7373.74090 13.968 0.005
7378.80018 13.915 0.005
7383.70992 13.836 0.005
7387.72597 13.906 0.005
7396.75867 13.906 0.005
7401.74905 13.841 0.005
7405.72007 13.903 0.005
7409.66875 13.993 0.005
7413.65990 13.831 0.005
7425.68842 14.047 0.005
7428.66302 13.869 0.005
7435.67864 14.088 0.005
7440.63739 13.816 0.005
7445.61705 14.024 0.005
7448.61524 13.813 0.005
7452.62860 14.027 0.005
7461.60043 14.028 0.005
7466.54964 13.814 0.005
7472.54139 14.047 0.005
7476.51190 13.821 0.005
7494.49771 13.829 0.005
