5261.57982 16.301 0.008
5262.57301 16.367 0.008
5262.59135 16.376 0.008
5264.53953 16.413 0.008
5264.55446 16.419 0.008
5265.53441 16.389 0.009
5265.55586 16.405 0.009
5266.53621 16.352 0.008
5266.55185 16.357 0.009
5267.53498 16.290 0.008
5268.54682 16.210 0.008
5269.51899 16.144 0.008
5271.52772 16.229 0.008
5273.51694 16.427 0.008
5274.54816 16.426 0.008
5275.54654 16.415 0.008
5277.54258 16.331 0.009
5280.52887 16.238 0.008
5281.55093 16.167 0.008
5282.50930 16.124 0.008
5283.52346 16.196 0.009
5284.52905 16.302 0.008
5285.52929 16.399 0.010
5286.50382 16.436 0.008
5288.52193 16.413 0.009
5291.51408 16.229 0.008
5294.52366 16.186 0.008
5296.55315 16.292 0.008
5298.53762 16.397 0.008
5301.49778 16.357 0.009
5306.47700 16.226 0.008
5309.52165 16.447 0.010
5312.49293 16.336 0.009
5314.48736 16.271 0.009
5324.46824 16.357 0.009
5328.46731 16.182 0.008
5337.46353 16.294 0.010
5341.46197 16.185 0.010
5343.46439 16.417 0.011
5449.89592 16.146 0.007
5451.90495 16.163 0.008
5456.88658 16.407 0.008
5457.86899 16.318 0.007
5465.84114 16.400 0.009
5471.81674 16.194 0.007
5478.75790 16.411 0.008
5484.88859 16.175 0.009
5485.76954 16.146 0.007
5486.84771 16.141 0.008
5490.83724 16.463 0.008
5493.77946 16.256 0.008
5494.82417 16.225 0.008
5495.78128 16.182 0.008
5496.77914 16.207 0.008
5497.80933 16.229 0.008
5502.78643 16.378 0.008
5507.74695 16.113 0.007
5509.74332 16.233 0.007
5509.84878 16.183 0.008
5510.77841 16.340 0.008
5510.84842 16.284 0.008
5511.78469 16.432 0.008
5511.84676 16.419 0.008
5512.79763 16.466 0.008
5512.86642 16.458 0.010
5513.80598 16.457 0.008
5513.85990 16.448 0.010
5514.73330 16.368 0.008
5514.79947 16.388 0.008
5514.86551 16.398 0.008
5515.76925 16.319 0.008
5515.85868 16.336 0.008
5516.73610 16.253 0.008
5516.80251 16.277 0.008
5516.86934 16.310 0.010
5517.76360 16.249 0.008
5517.85012 16.297 0.008
5518.82568 16.277 0.008
5519.78558 16.191 0.008
5519.86585 16.200 0.009
5521.78793 16.185 0.008
5521.85838 16.118 0.008
5522.74825 16.341 0.008
5522.81542 16.261 0.008
5522.85406 16.223 0.008
5523.74878 16.393 0.008
5523.84771 16.346 0.008
5524.75906 16.412 0.008
5524.85690 16.413 0.008
5525.77083 16.424 0.008
5525.85672 16.454 0.008
5526.76253 16.403 0.008
5526.85688 16.436 0.008
5527.75298 16.339 0.008
5527.85933 16.389 0.008
5528.76111 16.270 0.008
5528.85462 16.299 0.008
5528.86019 16.306 0.008
5529.75726 16.199 0.008
5529.85021 16.261 0.008
5530.71620 16.135 0.008
5531.79851 16.172 0.007
5532.70639 16.276 0.007
5533.69615 16.407 0.008
5534.76139 16.445 0.008
5535.70452 16.459 0.008
5536.74068 16.410 0.008
5543.75758 16.106 0.008
5546.68411 16.408 0.008
5547.74386 16.444 0.008
5548.70384 16.436 0.008
5549.66838 16.385 0.008
5551.67435 16.221 0.008
5559.64754 16.382 0.009
5560.63917 16.331 0.008
5561.67280 16.354 0.008
5568.70517 16.357 0.008
5569.69972 16.454 0.008
5570.73757 16.457 0.008
5579.71791 16.173 0.008
5579.72468 16.170 0.008
5588.72109 16.232 0.008
5596.68773 16.360 0.008
5598.66930 16.287 0.007
5603.65495 16.380 0.008
5604.65208 16.416 0.008
5605.65645 16.455 0.008
5606.66855 16.442 0.008
5607.67905 16.391 0.008
5608.66683 16.313 0.008
5609.69857 16.277 0.008
5612.68164 16.178 0.008
5613.64317 16.174 0.008
5614.63649 16.240 0.008
5615.63055 16.354 0.008
5616.63789 16.391 0.008
5619.62983 16.390 0.008
5622.62447 16.175 0.008
5625.62013 16.257 0.008
5629.55164 16.394 0.008
5630.59763 16.341 0.008
5632.54568 16.237 0.008
5633.59474 16.272 0.008
5634.55513 16.200 0.008
5635.55944 16.158 0.008
5638.56408 16.366 0.009
5639.57431 16.388 0.009
5641.54098 16.406 0.008
5653.53032 16.333 0.008
5655.52997 16.287 0.008
5656.53886 16.251 0.007
5656.57256 16.257 0.008
5657.49882 16.132 0.008
5660.54350 16.269 0.008
5664.47770 16.421 0.010
5665.49293 16.328 0.009
5666.48975 16.249 0.008
5667.47121 16.214 0.009
5668.47749 16.205 0.010
5669.47151 16.184 0.008
5670.52179 16.207 0.008
5671.47333 16.294 0.010
5672.46785 16.396 0.009
5674.47505 16.404 0.010
5675.46922 16.377 0.011
5676.52414 16.370 0.005
5677.46512 16.336 0.008
5678.50016 16.302 0.007
5679.46746 16.201 0.008
5680.51591 16.153 0.008
5681.47891 16.109 0.008
5683.48439 16.316 0.008
5684.48859 16.419 0.008
5685.46021 16.453 0.013
5686.46209 16.435 0.008
5687.46281 16.364 0.011
5691.45575 16.224 0.012
5692.50030 16.179 0.009
5694.46187 16.183 0.008
5695.45630 16.300 0.010
5702.45316 16.194 0.011
5803.86473 16.128 0.007
5806.88020 16.366 0.008
5820.89105 16.408 0.008
5822.86266 16.333 0.008
5822.90839 16.364 0.008
5823.88612 16.329 0.008
5824.85964 16.257 0.008
5824.89908 16.289 0.008
5825.85038 16.152 0.007
5825.90279 16.183 0.007
5826.84481 16.086 0.007
5826.90284 16.114 0.008
5827.77986 16.179 0.007
5827.83878 16.094 0.007
5827.90122 16.084 0.007
5828.85142 16.251 0.007
5828.90140 16.186 0.007
5829.83771 16.386 0.007
5829.90021 16.345 0.008
5830.82924 16.444 0.008
5830.89866 16.447 0.008
5835.85622 16.258 0.008
5837.84156 16.195 0.007
5842.82187 16.406 0.008
5843.83732 16.403 0.008
5846.81281 16.322 0.009
5856.78572 16.352 0.008
5858.81997 16.312 0.008
5859.78789 16.224 0.007
5860.77352 16.182 0.007
5861.78254 16.125 0.007
5862.83585 16.076 0.005
5865.76162 16.425 0.008
5866.78670 16.438 0.008
5868.82705 16.384 0.008
5880.77999 16.346 0.008
5882.74636 16.218 0.007
5883.75031 16.132 0.008
5886.71768 16.320 0.009
5889.82504 16.461 0.008
5890.75440 16.435 0.008
5891.71304 16.335 0.008
5892.73081 16.273 0.008
5893.74892 16.236 0.007
5895.78947 16.198 0.008
5896.77251 16.119 0.007
5897.71931 16.227 0.007
5898.70150 16.389 0.008
5899.76068 16.391 0.008
5900.71029 16.419 0.008
5901.75959 16.423 0.008
5902.71083 16.391 0.008
5903.76599 16.388 0.008
5904.74057 16.315 0.008
5905.71465 16.199 0.008
5906.72654 16.149 0.008
5907.70293 16.105 0.007
5908.72933 16.148 0.007
5909.77443 16.242 0.008
5910.68719 16.462 0.008
5911.71906 16.472 0.008
5912.73957 16.452 0.008
5913.71146 16.404 0.007
5916.74498 16.297 0.007
5917.70861 16.221 0.007
5922.72563 16.401 0.007
5924.68319 16.443 0.008
5926.70904 16.358 0.008
5932.64517 16.374 0.008
5933.69559 16.425 0.008
5935.64287 16.428 0.010
5935.80636 16.411 0.010
5939.71140 16.299 0.008
5940.74690 16.254 0.007
5941.74767 16.167 0.008
5942.77202 16.134 0.007
5944.72436 16.261 0.007
5945.70264 16.424 0.008
5946.64237 16.491 0.008
5946.75925 16.473 0.008
5949.71482 16.373 0.008
5952.68575 16.218 0.007
5954.68131 16.110 0.006
5955.70328 16.123 0.007
5956.70396 16.280 0.007
5958.72111 16.443 0.008
5962.62782 16.274 0.008
5963.59447 16.155 0.008
5964.60646 16.098 0.008
5967.62758 16.347 0.008
5970.58116 16.448 0.008
5971.67407 16.424 0.007
5972.66044 16.383 0.007
5973.64349 16.335 0.007
5976.63270 16.140 0.007
5977.66621 16.093 0.007
5978.64210 16.147 0.007
5979.59286 16.390 0.008
5982.63788 16.465 0.008
5983.68055 16.432 0.007
5985.65190 16.295 0.007
5987.65675 16.203 0.007
5988.62310 16.136 0.007
5989.58763 16.183 0.007
5991.65613 16.339 0.008
5992.61634 16.439 0.008
5993.57324 16.437 0.008
5994.57193 16.370 0.008
5995.61961 16.385 0.008
5996.58972 16.353 0.010
5997.59186 16.289 0.008
5998.59021 16.196 0.007
5998.65067 16.237 0.008
5999.62896 16.133 0.007
6000.60634 16.105 0.007
6003.53616 16.466 0.009
6004.57495 16.480 0.008
6005.54606 16.435 0.008
6006.52584 16.362 0.008
6009.49379 16.188 0.008
6009.57220 16.243 0.008
6010.48667 16.149 0.009
6011.62340 16.143 0.007
6012.52861 16.167 0.008
6013.60528 16.186 0.007
6014.55166 16.394 0.008
6014.60077 16.339 0.008
6015.54679 16.446 0.008
6015.58192 16.432 0.008
6016.58763 16.442 0.008
6019.55072 16.329 0.008
6020.57643 16.267 0.008
6021.56451 16.203 0.008
6022.57456 16.151 0.008
6023.55006 16.128 0.007
6025.57293 16.318 0.008
6033.48145 16.153 0.008
6034.48707 16.105 0.008
6036.48927 16.301 0.008
6037.48900 16.414 0.008
6048.46307 16.414 0.009
6049.48640 16.436 0.008
6050.46199 16.442 0.009
6052.47769 16.396 0.008
6055.48333 16.218 0.008
6057.46621 16.118 0.008
6058.45772 16.133 0.008
6059.46751 16.310 0.008
6060.47030 16.428 0.008
6061.46077 16.468 0.010
6149.92649 16.448 0.008
6171.86850 16.448 0.008
6179.89452 16.129 0.008
6181.86126 16.325 0.007
6182.86582 16.412 0.007
6185.84373 16.391 0.007
6186.84075 16.339 0.008
6191.87082 16.166 0.007
6202.81902 16.112 0.008
6204.85410 16.289 0.007
6210.86358 16.312 0.008
6219.79915 16.428 0.008
6221.81243 16.353 0.008
6223.77042 16.181 0.007
6224.83499 16.179 0.007
6226.73034 16.282 0.008
6229.77494 16.458 0.008
6232.80749 16.352 0.008
6234.81794 16.276 0.007
6235.76490 16.199 0.007
6236.78286 16.143 0.007
6238.81661 16.172 0.007
6239.79059 16.343 0.008
6241.78752 16.443 0.008
6242.83042 16.455 0.007
6243.79886 16.400 0.007
6244.73170 16.319 0.008
6248.77280 16.147 0.007
6251.76343 16.419 0.007
6254.77330 16.394 0.007
6278.75200 16.382 0.007
6282.77486 16.175 0.007
6286.70813 16.437 0.007
6298.74566 16.442 0.008
6299.75530 16.448 0.008
6306.69807 16.129 0.006
6317.68148 16.132 0.006
6323.65475 16.431 0.007
6333.60433 16.446 0.007
6340.61696 16.134 0.006
6343.56076 16.458 0.008
6356.60452 16.453 0.007
6363.52130 16.138 0.006
6387.51975 16.145 0.007
6404.51100 16.401 0.008
6416.48713 16.382 0.007
6531.88859 16.147 0.006
6547.85592 16.461 0.007
6561.82391 16.398 0.007
6569.89368 16.312 0.007
6577.86391 16.173 0.006
6608.81750 16.374 0.006
6612.75366 16.121 0.006
6616.71552 16.426 0.007
6622.76946 16.239 0.007
6638.72244 16.340 0.006
6645.72035 16.236 0.006
6649.72686 16.236 0.007
6654.74223 16.397 0.007
6932.79948 16.138 0.007
6938.78523 16.384 0.008
7037.72680 16.177 0.007
7069.64583 16.213 0.007
7273.90266 16.240 0.008
7287.88996 16.172 0.008
7292.81351 16.370 0.008
7294.78470 16.374 0.008
7297.78440 16.126 0.007
7312.78075 16.273 0.007
7319.75011 16.171 0.008
7322.73253 16.348 0.008
7339.74650 16.345 0.007
7345.70459 16.303 0.008
7366.67638 16.301 0.007
7466.55606 16.387 0.008
7488.47239 16.389 0.009
7507.46155 16.103 0.008
