5261.69473 15.974 0.006
5262.68976 16.052 0.006
5264.66054 16.165 0.007
5265.65681 16.113 0.007
5266.65048 16.029 0.006
5268.51910 15.909 0.007
5269.61384 15.996 0.006
5270.61616 16.109 0.006
5271.62343 16.134 0.007
5273.61165 16.112 0.007
5275.61105 15.967 0.006
5279.59334 16.118 0.007
5281.60054 16.014 0.006
5284.59389 16.042 0.007
5287.57520 16.170 0.007
5290.52818 15.898 0.006
5292.58117 15.999 0.005
5293.57697 16.110 0.007
5295.57140 16.098 0.007
5296.60840 16.084 0.007
5297.57619 16.042 0.006
5299.55531 16.010 0.006
5301.57921 16.160 0.007
5305.50745 15.915 0.006
5306.54264 15.925 0.006
5308.56523 16.152 0.007
5310.57085 16.162 0.008
5311.56929 16.124 0.008
5312.56398 16.027 0.008
5315.53510 16.036 0.007
5321.50225 15.988 0.007
5322.48238 16.112 0.007
5323.51837 16.168 0.007
5324.51649 16.195 0.008
5325.51622 16.140 0.007
5326.52390 16.069 0.007
5328.51160 15.900 0.006
5337.51316 15.953 0.006
5342.50459 16.009 0.008
5436.88706 16.084 0.006
5443.90329 16.053 0.006
5451.87647 16.076 0.007
5455.87196 16.067 0.006
5455.90394 16.039 0.006
5457.81886 16.104 0.006
5462.82396 16.073 0.007
5467.89910 16.002 0.008
5468.87075 15.949 0.006
5470.86293 16.100 0.006
5473.84536 16.160 0.006
5477.85017 15.913 0.005
5478.87048 16.063 0.006
5480.87693 16.121 0.007
5482.79835 16.022 0.006
5483.81078 15.989 0.006
5485.83421 16.094 0.006
5486.83411 16.191 0.006
5487.83790 16.173 0.006
5489.78142 16.031 0.006
5490.82369 15.963 0.006
5491.80560 15.895 0.007
5492.87832 15.942 0.007
5493.77010 16.124 0.007
5495.85144 16.173 0.006
5497.77865 16.060 0.007
5503.87176 16.084 0.007
5509.73407 16.196 0.006
5511.75804 16.111 0.006
5513.75606 15.923 0.006
5515.72119 16.019 0.006
5517.73727 16.137 0.006
5521.84939 15.984 0.006
5523.83859 15.943 0.006
5526.78929 16.080 0.006
5528.73464 15.944 0.006
5529.80880 15.976 0.006
5530.82553 15.971 0.006
5531.71412 16.152 0.006
5532.84445 16.189 0.006
5533.85224 16.195 0.006
5535.74083 16.028 0.006
5542.81508 16.099 0.006
5544.81342 15.987 0.006
5546.77784 16.095 0.006
5548.84063 16.156 0.006
5550.83808 16.045 0.006
5554.84827 16.096 0.006
5556.85723 16.204 0.007
5557.81808 16.139 0.006
5558.82865 16.078 0.006
5559.84526 15.975 0.006
5560.85768 15.888 0.006
5561.83211 15.915 0.006
5562.85624 16.077 0.007
5563.81647 16.156 0.007
5565.84481 16.101 0.007
5566.83875 16.062 0.007
5569.79398 16.083 0.007
5570.85222 16.136 0.007
5571.72939 16.163 0.006
5572.84767 16.117 0.006
5573.85649 16.058 0.006
5575.85719 15.961 0.006
5576.85767 15.956 0.006
5577.85602 16.090 0.007
5578.81438 16.180 0.007
5579.84830 16.208 0.007
5580.79530 16.137 0.006
5581.80078 16.057 0.006
5582.82677 15.970 0.006
5583.79519 15.866 0.006
5585.71487 16.152 0.006
5587.72328 16.068 0.006
5589.78230 16.015 0.006
5590.77334 15.966 0.005
5591.78894 15.965 0.006
5592.77070 16.131 0.006
5593.73800 16.205 0.007
5594.78756 16.169 0.007
5595.76834 16.108 0.006
5597.71899 15.910 0.005
5599.77430 15.991 0.006
5602.77738 16.161 0.007
5604.77940 16.041 0.006
5606.76213 15.906 0.006
5607.75414 16.050 0.007
5611.74473 16.033 0.008
5614.71468 16.048 0.006
5615.72708 16.163 0.006
5622.67263 16.076 0.006
5624.64966 16.115 0.006
5626.66454 16.049 0.007
5629.65920 16.052 0.006
5631.61778 16.176 0.007
5632.63799 16.128 0.007
5634.62816 15.964 0.006
5638.61993 16.168 0.008
5640.58531 16.095 0.007
5642.56183 15.955 0.006
5644.58753 16.023 0.006
5646.55775 16.153 0.006
5648.57580 16.032 0.006
5650.59091 15.940 0.006
5652.61427 16.097 0.006
5653.60939 16.182 0.006
5654.61601 16.183 0.007
5656.60184 16.048 0.006
5657.60267 15.949 0.006
5660.61144 16.097 0.006
5666.54990 15.954 0.006
5669.53279 16.154 0.007
5671.58064 16.028 0.007
5674.58639 15.987 0.006
5675.57835 16.127 0.006
5677.57783 16.163 0.007
5678.56042 16.119 0.006
5683.54127 16.134 0.006
5685.54423 16.092 0.006
5687.53734 16.002 0.007
5691.51654 16.181 0.007
5692.54770 16.179 0.008
5694.53765 16.013 0.007
5695.52778 15.926 0.007
5696.52238 15.902 0.007
5697.51712 16.031 0.006
5699.52869 16.162 0.008
5700.51011 16.125 0.008
5708.48497 16.059 0.007
5709.49705 16.020 0.006
5787.93132 16.087 0.007
5802.90840 16.132 0.006
5805.90171 15.920 0.005
5810.92249 16.082 0.009
5812.90926 15.995 0.006
5816.87953 16.180 0.006
5819.89500 15.999 0.006
5822.87501 16.058 0.006
5824.88693 16.157 0.006
5826.83243 16.054 0.006
5829.82563 16.037 0.006
5831.86138 16.151 0.005
5833.83490 16.044 0.006
5835.84688 15.951 0.006
5836.84939 15.967 0.006
5839.86316 16.181 0.006
5842.88198 15.992 0.007
5854.85273 16.156 0.006
5857.86145 15.996 0.006
5860.86859 16.071 0.006
5863.86549 16.139 0.006
5864.78014 16.043 0.005
5866.84361 15.895 0.005
5869.84735 16.117 0.006
5870.78975 16.079 0.006
5871.85859 16.086 0.006
5873.86214 16.006 0.006
5875.78268 16.124 0.006
5879.79759 16.053 0.008
5882.84296 15.956 0.006
5883.82703 16.091 0.007
5885.84703 16.163 0.006
5889.74409 15.961 0.006
5891.77153 16.124 0.006
5892.83994 16.128 0.006
5893.80925 16.094 0.006
5895.84663 16.013 0.006
5897.83231 15.990 0.006
5898.83250 16.089 0.006
5899.82913 16.172 0.006
5900.74639 16.150 0.006
5901.71686 16.091 0.006
5902.82991 16.046 0.006
5903.84712 15.982 0.006
5904.83278 15.920 0.005
5905.83792 15.948 0.006
5906.83107 16.076 0.006
5907.83487 16.136 0.006
5908.82948 16.139 0.006
5909.83754 16.120 0.008
5910.84077 16.080 0.006
5911.77115 15.977 0.006
5912.80775 15.936 0.006
5913.79605 16.023 0.005
5914.80309 16.123 0.006
5915.81188 16.150 0.006
5916.81578 16.087 0.006
5917.80910 16.034 0.006
5921.81772 16.090 0.007
5922.83036 16.165 0.006
5923.81110 16.176 0.006
5924.82550 16.138 0.005
5925.84693 16.059 0.006
5926.83427 15.967 0.006
5927.82519 15.898 0.006
5929.79988 16.081 0.006
5930.86374 16.121 0.006
5931.79507 16.122 0.006
5932.82010 16.100 0.006
5933.84633 16.069 0.007
5934.85019 15.997 0.006
5937.79549 16.155 0.007
5938.81260 16.149 0.006
5939.81585 16.104 0.007
5940.83219 16.042 0.006
5941.81673 15.983 0.006
5942.84001 15.967 0.006
5943.81619 15.987 0.006
5944.80675 16.099 0.006
5945.80624 16.171 0.006
5947.79384 16.131 0.006
5948.78379 16.052 0.006
5949.79832 15.965 0.006
5950.67249 15.978 0.005
5951.69911 16.057 0.006
5952.76065 16.103 0.006
5953.72033 16.122 0.006
5954.77204 16.077 0.005
5955.78894 16.060 0.006
5956.78807 16.028 0.005
5958.77578 15.992 0.005
5959.76074 16.137 0.006
5960.73227 16.192 0.006
5961.73469 16.168 0.006
5962.73591 16.078 0.007
5963.63169 15.965 0.006
5964.72424 15.904 0.007
5965.59215 15.967 0.006
5967.66637 16.134 0.006
5968.68637 16.121 0.006
5969.74000 16.112 0.006
5970.70670 16.086 0.006
5971.75472 16.054 0.006
5972.74901 15.970 0.005
5973.71678 15.948 0.005
5974.73765 16.027 0.005
5976.73699 16.137 0.006
5977.71798 16.069 0.006
5978.72854 16.025 0.005
5979.58046 15.907 0.005
5980.68753 15.941 0.006
5981.70375 16.037 0.006
5982.72982 16.142 0.005
5983.73498 16.170 0.006
5984.70427 16.178 0.006
5985.58989 16.061 0.006
5986.73525 16.008 0.005
5987.72777 15.933 0.006
5989.67538 16.043 0.007
5990.68654 16.112 0.006
5991.71822 16.124 0.007
5992.71661 16.102 0.007
5993.68004 16.060 0.006
5994.70667 16.024 0.006
5996.68737 15.999 0.007
5997.69424 16.116 0.007
5998.70113 16.161 0.006
6000.67573 16.058 0.005
6001.65805 15.984 0.006
6002.67825 15.941 0.005
6003.59267 15.965 0.006
6004.67056 16.050 0.006
6005.66307 16.138 0.006
6006.60449 16.145 0.006
6007.64453 16.134 0.006
6009.67539 16.008 0.006
6011.63280 15.936 0.005
6012.66634 16.050 0.006
6013.61502 16.119 0.006
6014.59251 16.106 0.006
6015.59611 16.049 0.006
6016.64858 16.020 0.006
6017.60804 15.984 0.005
6019.63991 16.082 0.006
6020.63518 16.170 0.006
6021.63786 16.188 0.006
6022.63454 16.157 0.007
6023.62215 16.055 0.006
6024.62938 15.971 0.006
6025.61394 15.895 0.007
6026.62125 15.921 0.006
6028.53184 16.128 0.007
6032.59924 16.006 0.006
6033.59483 15.941 0.006
6035.58514 16.142 0.006
6036.56182 16.154 0.006
6037.57915 16.087 0.007
6038.56816 16.021 0.006
6039.58977 15.991 0.006
6040.55990 15.940 0.005
6042.55811 16.139 0.007
6047.54951 15.939 0.006
6048.55276 15.873 0.005
6049.54190 15.978 0.006
6052.53516 16.085 0.006
6055.52900 15.988 0.006
6058.51503 16.187 0.006
6062.49597 15.919 0.006
6067.50201 16.120 0.007
6070.49916 15.954 0.006
6072.50667 16.046 0.007
6080.48219 16.163 0.008
6085.46730 15.898 0.006
6158.89595 16.014 0.006
6172.91151 15.957 0.006
6185.91673 16.102 0.007
6196.84946 15.980 0.005
6200.86677 16.065 0.008
6203.87285 15.951 0.006
6208.88417 16.115 0.008
6216.87129 16.068 0.006
6220.80214 16.170 0.006
6223.81069 16.064 0.005
6225.83192 15.924 0.006
6225.84721 15.945 0.005
6225.86298 15.952 0.006
6230.77158 16.119 0.007
6234.85881 15.878 0.005
6239.83043 16.032 0.006
6243.85637 16.159 0.006
6245.81913 16.146 0.006
6249.77481 15.922 0.005
6252.77907 16.126 0.006
6255.78175 15.998 0.005
6257.83622 15.922 0.006
6258.76274 16.134 0.008
6260.78709 16.087 0.007
6264.81780 15.963 0.005
6268.81772 16.163 0.006
6268.82061 16.161 0.006
6269.85287 16.080 0.006
6270.81001 15.981 0.005
6273.83390 16.057 0.006
6274.84622 16.125 0.006
6277.81137 16.060 0.005
6281.82927 16.084 0.006
6286.76349 15.929 0.005
6290.76932 16.172 0.006
6294.84061 15.912 0.005
6298.80326 16.122 0.006
6304.80145 16.151 0.006
6310.70458 15.973 0.005
6317.72357 15.885 0.005
6340.65879 15.965 0.005
6344.59701 16.050 0.005
6348.63875 16.032 0.006
6356.59616 16.083 0.006
6362.54993 15.958 0.005
6370.59995 15.911 0.005
6376.58263 15.994 0.006
6386.54690 16.109 0.006
6395.50981 16.135 0.006
6403.48856 16.159 0.006
6516.91249 15.958 0.006
6522.87656 16.057 0.006
6537.90947 16.107 0.006
6552.87150 16.111 0.006
6572.82152 16.149 0.005
6582.84533 16.097 0.006
6586.80367 16.020 0.006
6593.83035 15.943 0.006
6609.77162 16.080 0.005
6614.78129 15.970 0.005
6618.83537 16.146 0.005
6627.83596 16.127 0.005
6633.81474 16.155 0.005
6640.81472 16.035 0.006
6646.81564 15.929 0.005
6649.79118 16.139 0.005
6651.76059 16.043 0.005
6654.80395 15.966 0.005
6659.73568 16.050 0.005
6662.81711 15.846 0.005
6669.82261 15.960 0.006
6674.80585 16.074 0.006
6679.80276 16.165 0.005
6682.71261 16.058 0.005
6688.74203 16.104 0.005
6695.72025 16.163 0.005
6700.68775 15.982 0.005
6703.65432 16.090 0.006
6708.72457 15.989 0.005
6711.71335 16.095 0.005
6714.67168 15.937 0.006
6722.63102 15.881 0.005
6739.63753 16.118 0.005
6888.91915 16.104 0.006
6904.88365 16.134 0.007
6919.85345 16.109 0.006
6925.84614 16.150 0.006
6929.89450 15.973 0.006
6937.82031 15.954 0.006
6941.84055 16.190 0.007
6953.77145 16.066 0.006
6958.86089 16.026 0.006
6965.77912 16.093 0.006
6970.82035 16.113 0.006
6977.72020 16.186 0.006
6985.85013 16.135 0.006
6990.78079 15.934 0.006
6995.84023 16.081 0.006
7000.83694 16.130 0.007
7005.86113 15.955 0.008
7009.82191 16.145 0.006
7012.85196 16.062 0.006
7016.81445 16.133 0.006
7020.80600 15.982 0.006
7024.78575 16.191 0.007
7029.75564 15.897 0.006
7032.81252 16.134 0.006
7034.80133 16.081 0.006
7038.79092 16.104 0.006
7044.77224 15.939 0.006
7047.76619 16.174 0.006
7051.75980 15.896 0.005
7056.72597 16.058 0.006
7061.73328 16.185 0.007
7069.73080 16.143 0.006
7076.68370 16.120 0.006
7080.65744 15.985 0.006
7082.67208 15.974 0.006
7085.67880 16.171 0.006
7088.64324 15.904 0.005
7091.64515 16.104 0.006
7097.61078 15.984 0.005
7102.62003 16.017 0.007
7111.61394 15.926 0.005
7113.58580 16.042 0.006
7115.60461 16.126 0.007
7118.58939 15.988 0.006
7126.55377 15.900 0.005
7130.56385 16.129 0.006
7132.52628 16.062 0.007
7134.52867 15.944 0.006
7139.54222 16.051 0.006
7142.52029 15.925 0.006
7278.91048 16.122 0.007
7286.89026 16.123 0.007
7292.88324 16.159 0.007
7295.85445 16.057 0.006
7302.86387 16.060 0.006
7308.84711 16.193 0.007
7318.79031 16.011 0.006
7325.79382 16.011 0.006
7338.78251 16.124 0.007
7342.75223 15.968 0.005
7348.72469 15.986 0.006
7355.79950 16.105 0.006
7366.78604 16.008 0.005
7373.76629 15.898 0.005
7376.85663 16.160 0.007
7381.74268 15.965 0.006
7384.70976 16.130 0.006
7387.77337 15.984 0.006
7390.77666 16.149 0.006
7398.75592 16.125 0.006
7402.79128 16.037 0.005
7405.76468 16.102 0.006
7409.73357 16.001 0.006
7413.72736 16.160 0.007
7415.74710 16.160 0.007
7424.71559 16.042 0.006
7428.69107 16.168 0.006
7433.68734 15.900 0.005
7437.68118 16.150 0.006
7442.65628 15.992 0.006
7445.64538 16.095 0.006
7450.64825 16.112 0.006
7456.63947 15.893 0.006
7463.62726 15.978 0.005
7470.56701 15.938 0.006
7474.59002 16.148 0.006
7481.54540 16.137 0.006
7492.49851 15.993 0.006
