5260.61838 14.748 0.005
5261.53340 14.886 0.005
5262.63002 15.048 0.005
5264.59863 14.701 0.005
5265.52761 14.834 0.005
5266.59244 14.984 0.006
5267.60479 15.107 0.006
5268.58841 14.666 0.005
5269.55766 14.792 0.005
5270.57472 14.943 0.005
5271.56660 15.081 0.006
5273.55552 14.740 0.005
5274.58654 14.889 0.005
5275.56997 15.035 0.005
5276.56562 14.998 0.005
5279.55402 14.971 0.006
5280.55227 15.114 0.006
5281.52923 14.659 0.005
5282.54818 14.798 0.005
5283.49978 14.934 0.006
5286.53502 14.742 0.005
5288.54589 15.020 0.006
5291.53739 14.841 0.005
5294.56916 14.656 0.005
5295.49037 14.773 0.005
5296.58029 14.933 0.005
5298.56097 14.783 0.005
5301.52109 15.020 0.006
5306.51850 15.130 0.006
5307.54657 14.655 0.005
5310.54665 15.082 0.006
5313.49572 14.882 0.006
5321.47258 14.771 0.005
5323.49193 15.069 0.005
5324.49107 14.837 0.005
5328.50202 15.049 0.006
5337.48646 14.842 0.005
5341.48641 15.057 0.006
5430.90778 14.937 0.005
5439.91723 14.974 0.005
5445.85005 14.879 0.005
5449.83505 15.088 0.005
5453.89009 15.103 0.005
5455.86369 14.776 0.005
5457.90679 15.067 0.005
5462.90291 15.068 0.005
5465.86566 14.967 0.006
5468.83241 14.765 0.005
5470.80486 15.047 0.005
5471.85523 14.886 0.005
5473.78336 14.851 0.005
5477.75913 14.799 0.005
5478.79959 14.959 0.005
5481.73881 14.741 0.005
5482.78959 14.902 0.005
5484.78371 14.946 0.005
5485.79306 14.710 0.005
5486.87844 14.873 0.005
5487.87513 15.005 0.005
5488.88410 15.068 0.005
5490.73511 14.799 0.005
5491.75558 14.944 0.005
5492.83597 15.104 0.005
5493.75984 14.732 0.005
5495.84129 14.910 0.005
5497.74694 14.988 0.005
5503.84392 14.813 0.005
5507.74242 14.753 0.005
5510.82652 14.920 0.005
5512.84512 14.863 0.005
5514.84757 15.101 0.005
5516.85078 14.812 0.005
5519.77843 14.732 0.005
5521.83658 14.906 0.005
5523.81277 14.943 0.005
5525.82113 14.851 0.005
5527.67888 15.110 0.005
5528.79884 14.662 0.005
5530.66338 14.924 0.005
5531.84929 15.101 0.005
5533.67441 14.737 0.005
5534.71780 14.885 0.005
5535.80848 15.038 0.005
5539.84777 14.992 0.005
5541.81721 14.664 0.005
5543.83819 14.953 0.005
5544.83341 15.093 0.006
5546.66304 14.735 0.005
5547.82450 14.900 0.005
5549.76537 14.983 0.005
5551.77711 14.846 0.005
5553.79626 15.113 0.006
5554.81486 14.659 0.005
5556.77726 14.946 0.005
5558.78365 14.748 0.005
5559.81768 14.751 0.005
5561.76806 15.035 0.005
5562.81107 14.963 0.005
5563.77376 14.690 0.005
5565.79982 14.988 0.005
5566.79494 15.118 0.005
5570.78728 15.089 0.005
5575.74215 15.016 0.005
5576.77869 14.700 0.005
5577.71743 14.826 0.005
5578.72091 14.978 0.005
5579.77030 15.124 0.006
5580.71465 14.659 0.005
5581.71704 14.780 0.005
5583.73312 15.076 0.005
5584.73132 14.803 0.005
5585.78714 14.761 0.005
5589.72375 14.682 0.005
5590.68691 14.826 0.005
5592.75953 15.124 0.005
5593.72664 14.650 0.005
5595.70709 14.930 0.005
5597.65347 14.862 0.005
5598.71862 14.743 0.005
5599.71352 14.877 0.005
5601.74146 15.025 0.005
5602.73135 14.689 0.005
5605.73482 15.126 0.005
5606.73360 14.649 0.005
5608.71646 14.940 0.005
5611.69316 14.732 0.005
5614.68635 15.071 0.005
5616.69655 14.832 0.005
5623.64703 14.865 0.005
5626.57685 14.994 0.005
5629.63065 14.826 0.005
5631.56137 15.106 0.006
5633.63927 14.764 0.005
5635.60482 15.052 0.006
5639.61470 14.991 0.005
5641.60248 14.673 0.005
5643.56610 14.946 0.005
5645.57409 14.696 0.005
5647.59822 14.903 0.005
5649.56476 14.936 0.005
5652.58009 14.996 0.005
5654.58331 14.678 0.005
5657.54319 15.095 0.005
5659.57894 14.755 0.005
5665.55299 14.988 0.005
5667.53329 14.663 0.005
5671.53511 14.737 0.005
5675.53118 14.983 0.005
5677.53077 14.844 0.005
5682.52594 14.940 0.005
5686.50694 14.887 0.005
5693.50439 14.661 0.005
5695.45169 14.924 0.006
5786.92889 14.988 0.005
5802.88272 14.780 0.005
5804.92441 15.089 0.005
5805.89107 14.788 0.005
5807.90505 14.891 0.005
5810.83908 14.683 0.005
5813.84398 15.122 0.005
5816.89929 14.937 0.005
5819.88470 14.741 0.005
5822.85540 15.050 0.005
5824.85230 14.831 0.005
5826.82210 15.119 0.005
5829.80006 14.920 0.005
5831.89656 14.798 0.005
5833.79046 14.870 0.005
5835.81921 15.065 0.005
5836.89054 14.699 0.005
5839.79751 15.112 0.005
5841.89621 14.788 0.005
5844.83699 14.846 0.005
5850.85684 14.829 0.005
5851.83008 14.970 0.005
5855.85913 14.930 0.005
5856.86541 15.080 0.005
5858.81543 14.721 0.005
5860.81910 15.010 0.005
5861.82788 15.077 0.005
5862.80642 14.681 0.005
5864.85357 14.964 0.005
5865.75683 15.109 0.005
5867.87164 14.779 0.005
5871.75685 14.720 0.005
5873.78320 15.004 0.005
5874.81553 15.086 0.005
5878.84894 15.128 0.006
5880.77371 14.758 0.005
5882.80643 15.052 0.005
5885.80426 14.863 0.005
5888.84944 14.679 0.005
5890.83087 14.962 0.005
5891.84819 15.117 0.005
5893.72923 14.761 0.005
5895.77014 15.051 0.005
5896.81748 14.879 0.005
5897.85374 14.723 0.005
5899.72556 14.993 0.005
5900.82679 15.093 0.005
5901.83748 14.679 0.005
5902.77131 14.809 0.005
5903.82582 14.963 0.005
5904.79074 15.108 0.005
5905.75976 14.696 0.005
5906.77280 14.765 0.005
5907.77456 14.916 0.005
5908.79073 15.057 0.005
5909.83134 14.875 0.005
5910.78402 14.720 0.005
5911.81068 14.862 0.005
5912.83166 15.008 0.005
5913.83717 15.093 0.005
5914.82681 14.676 0.005
5915.78930 14.818 0.005
5916.80745 14.964 0.005
5917.78721 15.104 0.005
5923.78652 14.713 0.005
5924.78708 14.856 0.005
5925.79120 15.002 0.005
5927.78678 14.670 0.005
5929.79339 14.952 0.005
5931.72351 14.722 0.005
5932.78094 14.763 0.005
5933.78890 14.917 0.005
5934.80928 15.059 0.005
5936.73251 14.700 0.005
5937.75394 14.846 0.005
5938.74704 14.986 0.005
5939.77749 15.108 0.005
5940.79260 14.673 0.005
5941.74371 14.798 0.005
5942.76803 14.951 0.005
5943.77615 15.100 0.005
5944.76746 14.706 0.005
5945.74860 14.764 0.005
5946.75530 14.902 0.005
5947.75515 15.047 0.005
5948.74360 14.956 0.005
5949.75976 14.704 0.005
5951.74081 14.993 0.005
5953.75969 14.666 0.005
5955.74895 14.942 0.005
5959.73827 14.894 0.005
5962.62341 14.691 0.005
5963.71638 14.845 0.005
5965.66718 15.120 0.005
5968.67362 14.934 0.005
5971.72109 14.747 0.005
5973.63857 15.016 0.005
5974.64670 15.037 0.005
5977.64648 14.979 0.005
5979.69549 14.645 0.005
5980.68062 14.786 0.005
5982.68267 15.078 0.005
5984.68231 14.737 0.005
5986.68953 15.032 0.005
5988.66811 14.692 0.005
5989.65349 14.828 0.005
5991.65197 15.130 0.005
5992.66088 14.656 0.005
5994.56753 14.919 0.005
5996.64938 14.819 0.005
5997.63646 14.737 0.005
6000.66453 15.037 0.005
6003.58136 14.959 0.005
6007.60622 14.920 0.005
6011.60621 14.873 0.005
6018.56780 14.670 0.005
6023.54517 14.723 0.005
6026.56402 15.088 0.005
6033.54306 14.919 0.005
6034.53150 15.052 0.005
6036.54924 14.714 0.005
6038.54184 15.006 0.005
6039.54645 15.093 0.005
6040.53370 14.663 0.005
6047.52312 15.045 0.005
6050.50624 14.843 0.005
6057.49688 14.708 0.005
6067.49043 14.801 0.005
6141.93237 14.911 0.005
6171.92237 14.855 0.005
6182.90989 14.953 0.005
6186.90957 15.111 0.005
6203.84317 15.087 0.005
6211.88512 14.979 0.005
6212.87803 15.114 0.005
6215.84156 14.933 0.005
6220.75539 15.009 0.005
6222.88252 14.687 0.005
6225.81851 15.121 0.005
6230.76129 14.849 0.005
6235.86763 14.694 0.005
6241.84102 14.934 0.005
6244.85020 14.742 0.005
6248.81761 14.685 0.005
6251.80812 15.116 0.005
6254.75392 14.921 0.005
6262.77021 14.817 0.005
6270.85699 14.740 0.005
6271.81077 14.877 0.005
6283.78219 14.726 0.005
6338.62864 15.111 0.005
6355.55564 15.072 0.005
6368.58869 15.072 0.005
6389.54651 14.965 0.005
6398.50041 15.010 0.005
6419.46838 14.906 0.005
6511.92581 15.113 0.005
6521.92695 14.689 0.005
6532.90516 15.012 0.005
6548.86207 14.805 0.005
6560.83249 14.661 0.005
6564.89492 14.691 0.005
6572.81104 15.109 0.005
6579.73302 14.888 0.005
6584.75469 14.978 0.005
6593.76486 15.023 0.005
6607.79623 15.008 0.005
6613.74502 14.786 0.005
6617.72567 14.743 0.005
6627.76603 14.928 0.005
6637.77233 15.127 0.005
6644.80948 14.888 0.005
6650.79979 15.123 0.005
6657.81933 14.884 0.005
6660.75895 14.684 0.005
6668.78423 14.814 0.005
6671.77050 15.023 0.005
6678.78746 14.786 0.005
6682.68254 14.716 0.005
6693.63944 15.042 0.005
6698.70993 15.071 0.005
6703.67349 14.673 0.005
6707.66380 14.913 0.005
6710.67891 15.001 0.005
6715.65104 15.106 0.005
6731.62640 14.902 0.005
6874.93036 14.930 0.005
6885.92378 14.654 0.005
6904.92253 14.890 0.006
6920.79613 14.662 0.005
6926.78648 14.907 0.005
6930.81517 14.862 0.005
6937.79281 14.702 0.005
6941.81312 14.925 0.005
6951.85552 14.761 0.005
6957.81016 15.000 0.005
6963.80309 14.704 0.005
6969.82096 14.865 0.005
6975.81492 15.094 0.005
6982.86256 14.859 0.005
6992.79277 15.037 0.005
6995.73200 14.836 0.005
7000.72414 14.930 0.005
7004.82047 14.903 0.005
7008.75974 14.843 0.005
7013.80239 14.954 0.005
7017.80789 14.900 0.005
7021.79218 14.849 0.005
7025.75380 14.789 0.005
7029.73439 14.732 0.005
7035.75621 14.986 0.005
7040.75275 15.071 0.005
7045.71791 15.038 0.005
7050.69702 14.655 0.005
7057.66416 15.014 0.005
7063.69380 14.652 0.005
7070.65002 15.010 0.005
7076.67238 14.652 0.005
7080.63124 14.883 0.005
7082.61979 14.859 0.005
7086.65421 14.823 0.005
7089.62534 14.677 0.005
7093.60551 14.898 0.005
7099.63110 14.811 0.005
7110.57924 15.105 0.005
7114.56123 15.088 0.005
7118.56080 15.039 0.005
7124.54106 14.664 0.005
7131.51305 15.027 0.005
7133.50932 14.692 0.005
7136.49220 15.105 0.005
7141.49392 14.779 0.005
7144.50428 15.039 0.005
7278.85480 15.012 0.005
7291.81436 15.009 0.006
7294.83061 14.821 0.005
7297.82913 14.651 0.005
7303.84846 14.873 0.005
7308.83388 14.966 0.005
7317.79518 15.009 0.005
7325.75108 14.908 0.005
7339.79243 15.051 0.005
7345.75025 14.659 0.005
7353.86477 14.845 0.006
7357.85665 15.073 0.005
7364.76709 14.905 0.005
7367.83924 14.719 0.005
7371.80056 14.668 0.005
7376.79911 14.753 0.005
7381.70674 14.850 0.005
7385.70996 14.791 0.005
7389.73449 14.743 0.005
7398.70764 14.791 0.005
7402.74265 14.753 0.005
7405.73805 14.965 0.005
7409.70726 15.124 0.005
7415.67609 14.738 0.005
7424.66347 14.787 0.005
7428.68025 14.740 0.005
7434.66072 14.971 0.005
7438.67052 14.934 0.005
7442.63118 14.883 0.005
7446.64485 14.838 0.005
7451.61938 14.928 0.005
7458.64134 14.685 0.005
7463.59142 14.775 0.005
7470.53871 15.094 0.005
7472.55840 14.814 0.005
7476.57372 14.763 0.005
7488.51717 14.695 0.005
7499.54008 14.953 0.005
