5261.67740 15.259 0.006
5262.67090 15.463 0.007
5264.64151 15.285 0.006
5265.63951 15.524 0.007
5266.63322 15.691 0.007
5268.50185 15.553 0.007
5269.59672 15.617 0.007
5270.59903 15.404 0.006
5271.60621 15.600 0.007
5273.59449 15.457 0.006
5275.59397 15.267 0.006
5276.60509 15.500 0.006
5280.56159 15.668 0.007
5281.58342 15.378 0.006
5282.58835 15.594 0.007
5284.57664 15.425 0.006
5286.57656 15.253 0.006
5290.51078 15.515 0.006
5293.50402 15.555 0.007
5295.53281 15.410 0.006
5297.55575 15.311 0.006
5298.58535 15.473 0.007
5299.53815 15.653 0.007
5301.56193 15.531 0.007
5305.52275 15.643 0.007
5307.55614 15.591 0.007
5309.50706 15.427 0.007
5311.55216 15.277 0.007
5313.53463 15.671 0.008
5315.51543 15.537 0.008
5322.51202 15.261 0.006
5323.50139 15.479 0.007
5325.49650 15.304 0.007
5327.51899 15.690 0.007
5337.49579 15.516 0.007
5341.51088 15.640 0.008
5343.51341 15.601 0.008
5436.87002 15.474 0.006
5443.88361 15.627 0.006
5448.88306 15.640 0.006
5451.85806 15.683 0.007
5455.88693 15.387 0.005
5457.80187 15.553 0.006
5459.89801 15.630 0.006
5462.85473 15.669 0.006
5465.89933 15.680 0.008
5467.88205 15.577 0.006
5468.88591 15.518 0.006
5470.84586 15.601 0.006
5471.89348 15.282 0.006
5473.82838 15.659 0.006
5477.83158 15.346 0.005
5478.85326 15.570 0.006
5481.77726 15.595 0.007
5482.83116 15.398 0.006
5484.82271 15.635 0.006
5485.87376 15.275 0.006
5487.77328 15.672 0.006
5488.82985 15.330 0.005
5489.81817 15.544 0.006
5490.86933 15.641 0.007
5491.78827 15.373 0.007
5492.86135 15.582 0.006
5494.75232 15.421 0.006
5497.75735 15.458 0.006
5503.85451 15.578 0.006
5507.82110 15.302 0.005
5510.83684 15.289 0.005
5512.85533 15.681 0.006
5514.85797 15.565 0.006
5517.71976 15.588 0.006
5519.81600 15.448 0.007
5522.79279 15.500 0.006
5524.76791 15.317 0.005
5526.77153 15.661 0.006
5528.74980 15.580 0.006
5529.82391 15.446 0.006
5530.80823 15.443 0.006
5531.73592 15.614 0.006
5532.85934 15.259 0.006
5534.84687 15.674 0.006
5536.69770 15.515 0.006
5540.84201 15.499 0.006
5542.79781 15.629 0.006
5544.70516 15.449 0.006
5546.76000 15.276 0.006
5548.81116 15.685 0.006
5550.78003 15.553 0.006
5553.82401 15.600 0.007
5556.83962 15.652 0.006
5557.80093 15.267 0.006
5558.81103 15.512 0.006
5559.82803 15.678 0.007
5560.84032 15.348 0.006
5561.81334 15.555 0.006
5562.83892 15.630 0.007
5563.79924 15.397 0.006
5565.82662 15.390 0.006
5566.81851 15.450 0.006
5568.83551 15.255 0.006
5571.82615 15.327 0.006
5572.82964 15.535 0.006
5573.83924 15.644 0.007
5574.85533 15.376 0.006
5575.83811 15.594 0.007
5576.84023 15.453 0.006
5577.83132 15.431 0.006
5578.79700 15.616 0.007
5579.83046 15.252 0.006
5580.77708 15.465 0.006
5581.77967 15.668 0.007
5582.80914 15.294 0.006
5583.76098 15.513 0.006
5584.77615 15.680 0.006
5585.74876 15.347 0.006
5589.74982 15.590 0.006
5590.71300 15.398 0.005
5592.80552 15.665 0.006
5593.76006 15.261 0.006
5594.72184 15.507 0.006
5595.75030 15.675 0.006
5596.78059 15.327 0.006
5597.74982 15.552 0.006
5598.75933 15.649 0.006
5599.73948 15.376 0.006
5600.77659 15.591 0.006
5601.77110 15.410 0.006
5602.75782 15.429 0.006
5604.76226 15.259 0.005
5605.76562 15.487 0.006
5606.74476 15.682 0.006
5608.74439 15.522 0.007
5609.75223 15.684 0.007
5614.69747 15.610 0.006
5616.71447 15.447 0.006
5623.66465 15.651 0.006
5624.66452 15.383 0.006
5626.62183 15.467 0.007
5629.64193 15.250 0.005
5631.60061 15.669 0.007
5633.65048 15.541 0.006
5635.64138 15.373 0.007
5639.62600 15.602 0.007
5641.61383 15.462 0.006
5643.57739 15.274 0.005
5645.58627 15.691 0.006
5647.60983 15.561 0.006
5649.59203 15.389 0.006
5652.59707 15.440 0.006
5654.59754 15.269 0.006
5656.58455 15.676 0.006
5657.58541 15.304 0.006
5660.58446 15.376 0.006
5666.56531 15.480 0.007
5668.55011 15.287 0.006
5669.54983 15.522 0.007
5671.56332 15.355 0.007
5674.56918 15.410 0.006
5675.56113 15.608 0.006
5677.56075 15.474 0.006
5678.54148 15.648 0.006
5681.53733 15.703 0.007
5684.53070 15.634 0.007
5686.53375 15.597 0.006
5687.51981 15.433 0.006
5691.49904 15.484 0.007
5694.51722 15.525 0.007
5696.50544 15.372 0.006
5698.52034 15.505 0.007
5699.51179 15.417 0.007
5702.50017 15.479 0.007
5709.48210 15.622 0.007
5787.91426 15.387 0.006
5802.92418 15.628 0.008
5804.90289 15.479 0.005
5810.90000 15.563 0.006
5813.87198 15.585 0.006
5817.89753 15.278 0.005
5820.87966 15.328 0.005
5823.87196 15.391 0.006
5824.90720 15.588 0.007
5825.87389 15.382 0.005
5827.89347 15.629 0.006
5830.88466 15.666 0.006
5832.86579 15.532 0.006
5834.86633 15.377 0.005
5835.89602 15.584 0.006
5837.81276 15.408 0.005
5839.87822 15.252 0.005
5842.86162 15.299 0.006
5846.85296 15.571 0.007
5851.87299 15.463 0.006
5852.85447 15.649 0.007
5858.86021 15.625 0.007
5859.84624 15.396 0.005
5860.82937 15.584 0.006
5863.84807 15.626 0.006
5864.79563 15.255 0.005
5865.86050 15.493 0.006
5866.85901 15.674 0.006
5868.81580 15.536 0.005
5870.77269 15.362 0.005
5871.76292 15.570 0.006
5873.80853 15.415 0.005
5874.84691 15.617 0.007
5875.83883 15.256 0.005
5879.81284 15.527 0.007
5881.83539 15.363 0.005
5882.85775 15.577 0.006
5885.81438 15.600 0.006
5887.85489 15.449 0.005
5889.72677 15.294 0.006
5891.75343 15.676 0.006
5893.79194 15.541 0.006
5895.82951 15.397 0.005
5897.81516 15.375 0.006
5898.85575 15.444 0.006
5899.82030 15.639 0.006
5901.70807 15.482 0.006
5902.82108 15.670 0.006
5904.82381 15.554 0.006
5905.82911 15.644 0.006
5906.82225 15.369 0.005
5907.82593 15.581 0.006
5908.82063 15.448 0.006
5910.83176 15.621 0.006
5911.82558 15.253 0.005
5912.86130 15.481 0.006
5913.81940 15.656 0.006
5914.85669 15.305 0.005
5915.83529 15.507 0.005
5916.85395 15.655 0.006
5917.83233 15.362 0.005
5923.80127 15.450 0.005
5924.81676 15.650 0.005
5926.85752 15.527 0.007
5927.81643 15.683 0.006
5929.83859 15.547 0.006
5931.78619 15.412 0.006
5932.81124 15.593 0.006
5933.83758 15.304 0.005
5934.84120 15.450 0.006
5937.78614 15.495 0.006
5938.80384 15.674 0.006
5939.80714 15.325 0.006
5940.82338 15.544 0.006
5941.80803 15.625 0.006
5942.83295 15.390 0.006
5943.80732 15.578 0.006
5944.79725 15.431 0.005
5945.79748 15.426 0.005
5947.78497 15.261 0.006
5948.77441 15.471 0.005
5949.78965 15.677 0.006
5950.74919 15.290 0.005
5952.78439 15.681 0.006
5953.79748 15.362 0.006
5954.79772 15.567 0.005
5955.78004 15.527 0.006
5958.76632 15.284 0.005
5961.76132 15.275 0.005
5962.72691 15.509 0.006
5965.70203 15.540 0.006
5967.71973 15.392 0.006
5968.75197 15.586 0.006
5969.76432 15.344 0.005
5970.73039 15.445 0.005
5971.78020 15.647 0.006
5973.70792 15.485 0.005
5973.78083 15.501 0.006
5974.68880 15.659 0.005
5976.76067 15.557 0.006
5978.71958 15.369 0.005
5979.72572 15.581 0.006
5981.69502 15.418 0.006
5983.72616 15.258 0.005
5985.72745 15.673 0.007
5987.63572 15.508 0.006
5990.66938 15.566 0.006
5991.70115 15.573 0.006
5993.67122 15.594 0.006
5994.68938 15.321 0.005
5996.66995 15.649 0.006
5997.67456 15.256 0.005
6001.64510 15.539 0.006
6004.65761 15.596 0.006
6007.63160 15.620 0.006
6012.63052 15.528 0.006
6015.61608 15.577 0.006
6016.63416 15.542 0.005
6020.62162 15.464 0.006
6021.62493 15.657 0.007
6026.60807 15.544 0.006
6034.54721 15.489 0.006
6035.57226 15.670 0.006
6036.58109 15.321 0.005
6037.56637 15.546 0.007
6038.58714 15.676 0.007
6039.57697 15.388 0.006
6040.57888 15.572 0.006
6048.53777 15.515 0.006
6049.56098 15.688 0.006
6053.51985 15.407 0.006
6059.51992 15.512 0.006
6064.50205 15.394 0.006
6068.49922 15.614 0.006
6071.49932 15.678 0.007
6083.47033 15.280 0.006
6151.91557 15.682 0.007
6167.91654 15.606 0.006
6185.90399 15.295 0.005
6196.83641 15.259 0.005
6200.87604 15.539 0.007
6202.89567 15.395 0.006
6203.89279 15.599 0.006
6208.87113 15.493 0.006
6212.88677 15.654 0.008
6213.86367 15.367 0.007
6215.85655 15.500 0.005
6220.78647 15.659 0.006
6223.84574 15.670 0.006
6226.81098 15.612 0.006
6230.82248 15.451 0.006
6234.86976 15.687 0.006
6238.86802 15.387 0.006
6243.84354 15.280 0.005
6245.80620 15.665 0.005
6248.86664 15.651 0.006
6252.76601 15.414 0.006
6255.76871 15.467 0.005
6258.74971 15.499 0.006
6263.83044 15.414 0.005
6267.79544 15.644 0.006
6272.81027 15.546 0.006
6277.79753 15.445 0.005
6281.85107 15.699 0.006
6285.74395 15.369 0.005
6289.82175 15.628 0.006
6293.86200 15.309 0.005
6296.81953 15.362 0.006
6301.81913 15.280 0.005
6305.76888 15.508 0.006
6311.71158 15.596 0.005
6318.70788 15.299 0.005
6339.65203 15.626 0.005
6343.64552 15.302 0.005
6353.66305 15.665 0.006
6362.53700 15.436 0.005
6371.58864 15.389 0.005
6377.55310 15.487 0.005
6386.53385 15.609 0.006
6394.50907 15.540 0.006
6402.47975 15.482 0.006
6511.93915 15.425 0.006
6522.86374 15.598 0.006
6533.87912 15.635 0.005
6548.87713 15.442 0.005
6568.88836 15.579 0.005
6575.88928 15.280 0.005
6582.83251 15.596 0.005
6586.78924 15.271 0.005
6596.79804 15.612 0.006
6609.75760 15.449 0.005
6613.82014 15.692 0.006
6617.74041 15.377 0.005
6627.80857 15.681 0.005
6636.81928 15.306 0.005
6643.79748 15.615 0.006
6648.83006 15.511 0.006
6653.76814 15.400 0.005
6659.72279 15.482 0.005
6663.80527 15.689 0.005
6670.77835 15.483 0.005
6675.81212 15.355 0.006
6680.80873 15.298 0.005
6685.76806 15.683 0.006
6692.73374 15.436 0.005
6696.74570 15.688 0.006
6701.66818 15.555 0.006
6706.72584 15.474 0.005
6709.70515 15.516 0.005
6716.67126 15.420 0.005
6735.65782 15.682 0.006
6742.55993 15.443 0.005
6744.56577 15.259 0.005
6745.53309 15.495 0.006
6746.53623 15.686 0.007
6890.92543 15.459 0.007
6910.90423 15.356 0.006
6922.84772 15.554 0.006
6929.88145 15.271 0.005
6937.80749 15.607 0.006
6941.82777 15.461 0.007
6951.87026 15.358 0.005
6957.82480 15.328 0.006
6963.81787 15.441 0.006
6968.82768 15.306 0.005
6973.83195 15.560 0.006
6978.79126 15.647 0.006
6985.83709 15.399 0.005
6994.81580 15.547 0.006
6999.84854 15.441 0.006
7004.80184 15.292 0.005
7008.77438 15.570 0.006
7013.80413 15.467 0.006
7017.81602 15.689 0.006
7021.80038 15.395 0.005
7025.79102 15.634 0.006
7029.74225 15.323 0.006
7033.79763 15.583 0.006
7036.77619 15.626 0.006
7040.77189 15.291 0.005
7045.74162 15.556 0.006
7050.72010 15.644 0.006
7053.75868 15.678 0.007
7055.73629 15.547 0.006
7056.74517 15.613 0.006
7061.72025 15.639 0.007
7069.70612 15.578 0.006
7075.71098 15.681 0.007
7079.69823 15.368 0.006
7082.65014 15.396 0.006
7085.66584 15.458 0.006
7087.63538 15.254 0.005
7090.62985 15.312 0.005
7093.62111 15.363 0.005
7102.60691 15.533 0.006
7112.61225 15.270 0.006
7114.59172 15.670 0.006
7117.59442 15.620 0.006
7120.59188 15.387 0.006
7129.55060 15.372 0.006
7132.54527 15.409 0.007
7136.50766 15.658 0.006
7141.53502 15.548 0.006
7290.88540 15.561 0.006
7293.84429 15.589 0.006
7297.84841 15.258 0.006
7306.86535 15.427 0.006
7312.84071 15.528 0.006
7324.80823 15.681 0.007
7338.76915 15.698 0.007
7342.73910 15.409 0.005
7348.71143 15.507 0.006
7355.78610 15.334 0.005
7366.77280 15.440 0.005
7376.78113 15.585 0.006
7380.72331 15.285 0.005
7384.69682 15.508 0.005
7387.76039 15.567 0.006
7391.72513 15.376 0.005
7398.77668 15.564 0.007
7401.76793 15.593 0.006
7404.76468 15.634 0.006
7408.74883 15.297 0.005
7412.70706 15.568 0.006
7416.71874 15.276 0.005
7426.69714 15.598 0.006
7431.68707 15.498 0.005
7436.66429 15.381 0.005
7440.65488 15.608 0.006
7444.66871 15.288 0.005
7449.66532 15.557 0.006
7456.62610 15.505 0.006
7464.56057 15.398 0.005
7470.55402 15.520 0.006
7474.57717 15.542 0.006
7485.56644 15.615 0.006
7492.48541 15.474 0.006
7508.50071 15.346 0.005
