5260.63876 16.551 0.009
5261.62439 16.510 0.009
5261.64213 16.495 0.009
5262.63593 16.442 0.009
5264.60334 16.408 0.009
5265.60460 16.545 0.012
5266.59714 16.535 0.010
5267.61041 16.477 0.010
5268.59305 16.415 0.009
5269.56235 16.376 0.009
5270.54896 16.460 0.008
5271.57174 16.546 0.009
5273.56021 16.480 0.009
5274.59134 16.415 0.009
5275.57459 16.384 0.008
5276.57066 16.457 0.008
5279.55877 16.464 0.011
5281.53421 16.386 0.009
5282.55364 16.485 0.009
5284.55724 16.521 0.010
5286.53997 16.385 0.009
5288.55364 16.500 0.010
5291.54780 16.443 0.009
5293.53911 16.400 0.010
5295.49531 16.541 0.011
5297.52104 16.434 0.009
5298.56604 16.386 0.009
5301.52682 16.547 0.010
5306.52336 16.533 0.010
5308.53113 16.493 0.010
5309.55178 16.428 0.010
5310.55164 16.367 0.011
5311.51672 16.417 0.011
5313.50071 16.530 0.012
5314.51547 16.488 0.012
5322.46299 16.384 0.012
5325.47727 16.520 0.011
5327.47959 16.383 0.009
5335.47028 16.511 0.010
5341.49179 16.523 0.012
5343.49440 16.497 0.012
5430.91240 16.353 0.009
5439.92188 16.518 0.011
5448.91086 16.364 0.008
5451.82426 16.497 0.010
5454.90322 16.375 0.008
5457.76711 16.480 0.008
5459.87907 16.391 0.008
5462.86796 16.539 0.009
5467.84791 16.534 0.009
5468.83683 16.533 0.009
5470.81173 16.421 0.008
5471.85948 16.371 0.008
5473.79431 16.543 0.009
5477.79627 16.366 0.008
5478.80374 16.441 0.008
5481.74308 16.451 0.009
5484.78845 16.485 0.009
5485.81520 16.548 0.009
5487.73608 16.442 0.008
5488.73910 16.376 0.008
5489.83137 16.367 0.008
5490.73947 16.519 0.010
5491.85357 16.556 0.010
5492.77565 16.499 0.009
5493.79794 16.442 0.009
5494.84268 16.383 0.009
5495.79984 16.381 0.008
5496.79767 16.475 0.011
5497.82783 16.543 0.009
5499.73484 16.417 0.009
5502.80500 16.491 0.008
5503.76022 16.538 0.008
5505.72991 16.426 0.009
5506.74740 16.361 0.008
5507.76550 16.404 0.008
5509.67389 16.516 0.008
5510.72980 16.472 0.008
5511.70599 16.391 0.008
5512.74907 16.365 0.008
5513.71937 16.434 0.008
5514.75192 16.536 0.008
5515.66917 16.505 0.009
5516.75472 16.463 0.008
5517.66785 16.378 0.009
5518.76427 16.371 0.011
5519.69067 16.468 0.011
5521.70754 16.507 0.011
5522.73266 16.472 0.010
5523.69738 16.387 0.009
5524.70581 16.373 0.008
5525.73887 16.466 0.008
5526.69091 16.545 0.008
5527.77165 16.530 0.009
5528.71274 16.444 0.009
5529.69301 16.386 0.008
5530.70024 16.386 0.009
5531.78342 16.440 0.008
5532.69157 16.542 0.008
5533.71491 16.510 0.009
5534.74642 16.464 0.008
5535.72327 16.383 0.008
5536.72592 16.390 0.008
5539.73615 16.505 0.008
5540.82033 16.468 0.008
5541.68649 16.382 0.008
5542.74490 16.374 0.008
5543.77642 16.475 0.009
5544.76392 16.557 0.009
5545.75320 16.512 0.009
5546.70287 16.435 0.009
5547.76267 16.387 0.009
5548.72392 16.384 0.008
5549.68880 16.526 0.010
5550.74267 16.537 0.009
5551.70017 16.490 0.010
5553.74621 16.374 0.008
5554.67954 16.430 0.012
5556.69416 16.539 0.009
5557.67532 16.490 0.008
5558.67624 16.412 0.009
5559.69389 16.374 0.010
5559.71940 16.379 0.008
5560.65810 16.445 0.008
5561.69189 16.535 0.011
5562.71125 16.540 0.008
5563.64522 16.454 0.009
5565.67713 16.368 0.008
5566.70380 16.425 0.008
5568.72410 16.541 0.010
5569.71867 16.478 0.009
5570.75823 16.443 0.009
5571.68924 16.372 0.008
5572.80645 16.383 0.008
5575.71077 16.472 0.008
5576.68496 16.415 0.008
5577.68724 16.383 0.008
5578.69352 16.470 0.009
5579.74447 16.558 0.010
5580.68851 16.518 0.008
5581.69064 16.469 0.009
5582.69762 16.401 0.009
5583.70439 16.392 0.008
5584.69041 16.483 0.008
5585.69028 16.544 0.009
5586.65406 16.519 0.009
5587.63622 16.426 0.008
5588.74016 16.387 0.008
5589.64622 16.403 0.008
5591.68355 16.537 0.008
5592.66579 16.505 0.008
5593.64878 16.440 0.008
5594.66499 16.376 0.008
5595.64366 16.413 0.008
5596.70679 16.484 0.008
5597.62426 16.527 0.008
5598.69058 16.510 0.008
5599.65420 16.441 0.008
5600.68692 16.376 0.008
5601.66656 16.403 0.008
5602.66529 16.537 0.008
5603.67406 16.531 0.010
5604.67446 16.502 0.009
5605.67701 16.434 0.008
5606.68893 16.364 0.008
5607.69984 16.396 0.009
5608.69047 16.527 0.011
5609.71771 16.558 0.011
5611.64826 16.422 0.009
5612.70079 16.374 0.011
5613.66398 16.410 0.008
5614.65590 16.538 0.009
5615.64970 16.524 0.009
5616.66540 16.469 0.008
5619.64766 16.444 0.008
5622.64365 16.465 0.009
5623.60652 16.386 0.008
5624.54765 16.406 0.009
5625.63925 16.461 0.008
5626.60037 16.551 0.009
5627.56509 16.494 0.008
5629.60534 16.381 0.008
5630.61679 16.388 0.009
5632.56490 16.531 0.010
5633.61388 16.498 0.008
5634.57434 16.428 0.009
5635.57864 16.389 0.009
5638.58325 16.529 0.011
5639.59352 16.497 0.011
5640.53250 16.401 0.010
5641.56017 16.365 0.009
5642.50840 16.438 0.008
5643.50618 16.529 0.008
5644.50891 16.517 0.008
5646.52065 16.406 0.009
5647.52260 16.360 0.008
5648.52331 16.440 0.009
5649.53806 16.541 0.009
5650.51849 16.523 0.008
5651.52440 16.470 0.007
5652.51935 16.401 0.008
5653.54943 16.371 0.008
5654.55797 16.433 0.008
5655.54914 16.556 0.010
5656.55803 16.541 0.009
5657.51798 16.445 0.009
5659.51729 16.394 0.008
5660.56268 16.455 0.008
5664.49687 16.379 0.010
5665.51210 16.388 0.010
5666.50894 16.505 0.011
5667.49110 16.530 0.010
5668.49663 16.514 0.010
5669.49064 16.426 0.009
5670.54213 16.388 0.009
5671.49253 16.393 0.011
5672.48744 16.541 0.009
5674.49549 16.494 0.008
5675.48834 16.438 0.009
5676.54362 16.359 0.005
5677.48505 16.414 0.008
5678.51928 16.509 0.009
5679.48689 16.547 0.009
5680.53497 16.502 0.011
5681.49975 16.440 0.009
5682.49916 16.377 0.009
5683.50410 16.429 0.009
5684.50852 16.528 0.010
5685.48022 16.527 0.010
5686.48110 16.476 0.008
5687.48327 16.428 0.009
5691.47479 16.540 0.010
5692.52556 16.502 0.012
5694.49140 16.380 0.010
5695.47583 16.461 0.009
5696.48424 16.544 0.011
5697.47416 16.522 0.010
5699.48370 16.399 0.012
5700.47528 16.387 0.011
5702.47214 16.569 0.010
5706.47185 16.393 0.010
5709.45893 16.502 0.009
5784.93197 16.394 0.009
5796.89949 16.373 0.009
5803.88323 16.409 0.008
5805.84773 16.530 0.009
5806.89870 16.498 0.008
5809.85989 16.433 0.008
5810.86303 16.545 0.009
5812.85592 16.478 0.008
5814.90491 16.351 0.009
5815.88428 16.414 0.008
5816.85844 16.553 0.011
5817.86008 16.528 0.008
5818.88810 16.487 0.009
5819.84207 16.400 0.008
5820.90948 16.380 0.009
5822.82970 16.551 0.009
5823.90458 16.538 0.010
5824.82654 16.458 0.008
5825.81479 16.387 0.008
5826.86329 16.372 0.008
5827.85725 16.456 0.008
5828.88346 16.532 0.008
5829.85683 16.517 0.008
5830.84841 16.450 0.008
5831.84010 16.386 0.008
5832.82950 16.388 0.008
5833.81388 16.510 0.008
5834.81480 16.546 0.008
5835.87470 16.501 0.008
5836.78123 16.431 0.008
5837.86056 16.387 0.008
5839.84221 16.510 0.008
5840.82572 16.543 0.008
5841.82275 16.501 0.009
5842.84033 16.432 0.010
5843.85583 16.378 0.008
5845.87082 16.496 0.010
5846.83128 16.516 0.013
5850.79594 16.423 0.008
5851.80417 16.540 0.009
5852.78793 16.501 0.010
5853.85770 16.501 0.010
5854.76297 16.399 0.008
5855.83267 16.367 0.008
5856.80424 16.424 0.010
5858.83846 16.512 0.010
5859.80697 16.478 0.008
5860.79204 16.402 0.008
5861.80105 16.365 0.008
5863.80418 16.553 0.008
5864.71152 16.514 0.008
5865.78110 16.453 0.008
5866.80523 16.412 0.008
5867.74417 16.378 0.008
5868.84563 16.432 0.008
5869.81114 16.550 0.008
5870.75094 16.501 0.008
5871.73704 16.442 0.008
5872.74637 16.381 0.008
5873.74162 16.398 0.008
5874.77518 16.482 0.009
5875.71108 16.523 0.009
5878.76775 16.379 0.010
5879.69614 16.421 0.011
5880.74763 16.504 0.008
5881.73416 16.537 0.008
5882.76496 16.498 0.008
5883.76890 16.429 0.009
5885.70023 16.429 0.009
5886.73630 16.521 0.010
5887.80866 16.539 0.008
5888.79733 16.494 0.009
5889.83948 16.451 0.008
5890.77301 16.387 0.008
5891.73170 16.414 0.008
5892.74947 16.538 0.008
5893.76759 16.537 0.008
5894.79105 16.494 0.008
5895.80814 16.447 0.008
5896.79119 16.381 0.008
5897.73801 16.417 0.008
5898.72020 16.545 0.008
5899.77936 16.542 0.008
5900.72901 16.470 0.008
5901.77828 16.419 0.008
5902.72956 16.367 0.010
5903.78474 16.405 0.008
5904.75936 16.530 0.008
5905.73340 16.514 0.009
5906.74529 16.477 0.009
5907.72335 16.395 0.008
5908.74867 16.365 0.008
5909.79319 16.418 0.008
5910.70600 16.537 0.008
5911.73786 16.525 0.008
5912.75832 16.469 0.008
5913.73028 16.391 0.008
5914.75289 16.367 0.008
5915.70994 16.468 0.008
5916.76630 16.548 0.008
5917.72745 16.517 0.008
5922.74452 16.551 0.008
5923.72074 16.528 0.008
5924.70207 16.436 0.008
5925.71609 16.395 0.008
5926.72789 16.374 0.008
5927.72690 16.510 0.008
5929.70107 16.501 0.008
5931.66755 16.366 0.008
5932.66541 16.409 0.008
5933.71528 16.506 0.009
5934.71133 16.524 0.008
5935.66234 16.480 0.012
5936.65688 16.422 0.009
5937.68619 16.374 0.008
5938.68698 16.425 0.008
5939.73105 16.507 0.009
5940.76668 16.534 0.008
5941.76736 16.492 0.008
5942.79199 16.451 0.008
5943.74885 16.383 0.008
5944.74172 16.394 0.008
5945.72245 16.535 0.008
5946.66190 16.524 0.008
5946.77825 16.533 0.009
5947.72883 16.495 0.008
5948.71766 16.426 0.008
5949.73386 16.375 0.008
5950.65483 16.456 0.008
5951.68021 16.540 0.009
5952.70482 16.542 0.008
5953.70278 16.467 0.008
5954.70031 16.412 0.008
5955.72295 16.377 0.008
5956.72299 16.427 0.008
5958.74021 16.525 0.008
5959.71216 16.469 0.008
5960.71422 16.422 0.008
5961.64597 16.377 0.008
5962.64686 16.477 0.010
5963.61359 16.566 0.011
5964.62556 16.505 0.010
5965.62450 16.465 0.008
5967.64668 16.373 0.010
5968.64677 16.500 0.009
5969.62277 16.532 0.008
5970.60027 16.480 0.008
5971.69317 16.455 0.008
5972.67955 16.382 0.008
5973.66261 16.389 0.008
5974.61766 16.536 0.008
5976.65180 16.510 0.008
5977.68539 16.433 0.008
5978.66183 16.371 0.008
5979.61199 16.415 0.008
5980.64164 16.512 0.008
5981.65113 16.539 0.008
5982.65706 16.510 0.008
5983.70019 16.437 0.008
5984.63916 16.365 0.008
5985.67107 16.406 0.008
5986.60084 16.538 0.008
5987.67664 16.539 0.008
5988.64278 16.495 0.008
5989.60674 16.407 0.008
5990.60027 16.371 0.009
5991.67526 16.408 0.009
5992.63555 16.530 0.009
5993.59242 16.551 0.009
5994.59111 16.457 0.009
5995.63881 16.412 0.009
5996.60889 16.378 0.009
5997.61108 16.431 0.008
5998.60942 16.551 0.008
5998.67909 16.538 0.009
5999.65015 16.525 0.008
6000.62553 16.467 0.008
6002.58922 16.375 0.008
6003.55538 16.505 0.009
6004.61578 16.551 0.009
6005.59882 16.519 0.008
6006.58277 16.447 0.008
6007.58110 16.394 0.008
6008.61557 16.389 0.008
6009.55667 16.514 0.009
6010.61226 16.556 0.010
6011.57104 16.515 0.008
6012.57013 16.434 0.009
6013.55187 16.382 0.008
6014.57080 16.397 0.008
6015.56617 16.504 0.008
6016.60685 16.531 0.008
6017.57004 16.518 0.008
6018.52541 16.409 0.008
6019.57397 16.374 0.008
6020.59596 16.382 0.008
6021.58371 16.518 0.009
6022.59520 16.560 0.009
6023.56925 16.483 0.008
6024.59209 16.434 0.009
6025.59211 16.372 0.010
6026.53839 16.430 0.010
6028.57515 16.540 0.011
6029.59273 16.501 0.010
6032.51303 16.467 0.010
6033.50060 16.524 0.010
6034.50619 16.523 0.009
6035.53159 16.474 0.008
6036.50843 16.383 0.008
6037.50810 16.396 0.010
6038.49980 16.465 0.011
6039.50651 16.545 0.010
6040.50881 16.525 0.008
6047.48343 16.447 0.009
6048.48220 16.375 0.009
6049.50550 16.390 0.008
6050.48108 16.513 0.010
6052.49675 16.520 0.010
6053.49379 16.430 0.009
6055.50239 16.394 0.009
6056.48937 16.528 0.009
6057.49954 16.543 0.008
6058.49293 16.499 0.009
6059.48657 16.442 0.009
6060.48984 16.372 0.008
6061.48047 16.412 0.009
6062.47449 16.544 0.010
6123.92356 16.509 0.008
6137.92148 16.500 0.009
6164.90868 16.453 0.008
6165.92121 16.551 0.009
6171.88699 16.537 0.008
6174.91312 16.395 0.009
6179.91296 16.442 0.010
6180.86551 16.366 0.009
6181.87970 16.388 0.008
6182.88423 16.520 0.008
6183.88594 16.538 0.008
6184.91251 16.493 0.010
6185.86220 16.446 0.008
6186.86371 16.374 0.008
6191.88929 16.429 0.008
6193.87655 16.415 0.008
6194.89350 16.518 0.008
6196.87896 16.472 0.008
6199.82794 16.453 0.010
6202.83540 16.477 0.009
6204.87051 16.384 0.008
6207.88335 16.543 0.009
6210.88204 16.370 0.008
6212.83484 16.552 0.009
6215.87380 16.393 0.009
6216.83264 16.393 0.008
6219.81762 16.513 0.009
6221.83091 16.399 0.009
6222.83184 16.389 0.008
6223.78893 16.531 0.008
6224.85451 16.542 0.008
6225.73648 16.479 0.009
6226.74888 16.436 0.008
6229.79144 16.552 0.009
6230.73528 16.538 0.010
6231.76010 16.486 0.009
6232.82609 16.436 0.008
6233.83530 16.383 0.008
6234.83647 16.390 0.008
6235.78387 16.526 0.008
6236.80145 16.536 0.008
6238.83519 16.429 0.008
6239.80923 16.366 0.008
6240.85247 16.405 0.008
6241.80612 16.549 0.008
6242.84906 16.541 0.008
6243.81788 16.499 0.008
6244.75819 16.406 0.008
6245.77469 16.369 0.008
6248.79144 16.544 0.008
6251.78203 16.391 0.007
6254.79197 16.530 0.008
6257.82088 16.372 0.008
6262.74409 16.373 0.008
6265.81646 16.567 0.008
6270.83211 16.466 0.008
6274.82378 16.390 0.007
6278.77121 16.490 0.008
6282.79369 16.542 0.008
6286.72695 16.370 0.008
6289.79629 16.544 0.008
6294.81822 16.533 0.008
6299.77478 16.452 0.008
6306.71495 16.554 0.008
6312.69085 16.570 0.008
6317.70052 16.510 0.008
6323.67379 16.524 0.008
6329.63302 16.537 0.009
6333.62388 16.391 0.008
6340.63608 16.485 0.007
6343.57989 16.449 0.008
6347.60620 16.552 0.008
6356.62363 16.394 0.007
6363.54113 16.468 0.008
6371.56389 16.536 0.008
6378.54697 16.458 0.008
6387.53924 16.508 0.008
6396.54501 16.445 0.008
6404.53019 16.420 0.008
6416.50623 16.457 0.008
6509.92477 16.509 0.007
6520.89792 16.527 0.008
6531.90902 16.520 0.008
6547.87520 16.381 0.007
6561.84244 16.530 0.008
6571.84918 16.406 0.007
6577.88978 16.401 0.009
6583.79593 16.468 0.008
6608.83616 16.540 0.007
6612.77241 16.408 0.007
6616.73424 16.414 0.008
6622.78821 16.425 0.008
6628.81588 16.415 0.007
6638.74166 16.511 0.007
6645.73922 16.444 0.008
6649.74616 16.555 0.008
6654.76632 16.507 0.007
6658.77881 16.377 0.006
6662.77476 16.505 0.008
6667.83596 16.570 0.008
6672.77972 16.546 0.010
6680.77404 16.486 0.008
6690.66673 16.553 0.008
6697.71535 16.512 0.007
6705.68069 16.374 0.008
6712.64800 16.443 0.008
6722.60882 16.385 0.007
6736.62011 16.521 0.009
6871.92936 16.423 0.008
6887.92767 16.511 0.008
6896.89795 16.395 0.008
6907.88066 16.378 0.008
6926.80970 16.520 0.008
6932.81832 16.520 0.008
6938.80373 16.519 0.009
6942.80123 16.372 0.008
6950.85204 16.541 0.008
6956.85483 16.545 0.008
6961.84943 16.420 0.008
6967.72086 16.519 0.011
6973.72635 16.535 0.008
6980.76329 16.545 0.008
6987.79429 16.511 0.008
6992.76643 16.545 0.008
6997.77222 16.530 0.009
7002.71606 16.468 0.008
7007.72737 16.376 0.008
7013.68076 16.408 0.008
7016.78647 16.538 0.008
7020.78436 16.453 0.008
7024.76432 16.398 0.008
7028.71749 16.510 0.008
7032.77186 16.488 0.008
7037.74728 16.401 0.008
7042.74487 16.387 0.007
7047.70804 16.436 0.008
7051.73663 16.543 0.008
7056.67708 16.546 0.008
7062.66883 16.544 0.008
7069.66548 16.514 0.008
7074.67676 16.566 0.009
7080.59248 16.535 0.008
7083.61927 16.367 0.008
7086.62829 16.541 0.008
7091.60826 16.550 0.008
7103.57630 16.552 0.008
7112.58662 16.396 0.008
7119.54125 16.423 0.008
7126.53229 16.546 0.008
7131.53683 16.448 0.008
7134.50714 16.470 0.008
7137.53705 16.461 0.008
7143.50171 16.504 0.011
7277.90834 16.524 0.010
7292.84101 16.448 0.009
7294.80474 16.537 0.008
7297.80343 16.382 0.008
7304.88232 16.428 0.008
7312.79972 16.510 0.008
7322.75400 16.550 0.009
7327.85672 16.410 0.009
7339.76511 16.458 0.008
7345.72365 16.486 0.008
7354.80049 16.468 0.008
7361.82335 16.416 0.008
7366.69592 16.437 0.008
7373.84928 16.422 0.008
7377.82120 16.525 0.008
7382.71944 16.548 0.009
7385.73291 16.377 0.008
7390.75475 16.427 0.008
7399.75937 16.548 0.009
7404.74900 16.475 0.008
7408.72211 16.393 0.008
7410.72351 16.520 0.009
7413.68626 16.437 0.009
7416.69317 16.540 0.008
7424.63561 16.487 0.008
7427.66494 16.449 0.008
7431.66248 16.417 0.008
7435.65542 16.526 0.008
7439.66150 16.462 0.008
7443.63283 16.397 0.008
7449.63860 16.395 0.008
7453.61306 16.514 0.008
7462.62776 16.411 0.007
7466.57523 16.425 0.008
7472.58205 16.409 0.008
7476.53779 16.517 0.008
7488.49160 16.507 0.008
7499.51474 16.555 0.009
7507.48696 16.411 0.008
