5260.62283 16.096 0.006
5261.53765 15.637 0.005
5262.60438 16.071 0.006
5264.56808 16.015 0.006
5265.50185 16.216 0.008
5266.56678 15.949 0.006
5267.54814 16.216 0.007
5268.62268 15.902 0.006
5269.53209 16.163 0.007
5271.54088 16.121 0.006
5272.55805 15.724 0.006
5273.53003 16.086 0.006
5274.56115 15.636 0.005
5276.54022 16.006 0.006
5279.52840 15.925 0.007
5281.50381 15.856 0.006
5282.52253 16.157 0.006
5283.53862 15.794 0.006
5284.54198 16.126 0.007
5285.54355 15.704 0.006
5287.53271 15.645 0.006
5289.51309 16.066 0.007
5292.55376 15.949 0.006
5294.53657 15.873 0.006
5297.50475 16.103 0.007
5299.50222 16.079 0.006
5304.49640 16.218 0.007
5307.49182 15.847 0.006
5310.47343 16.113 0.007
5312.50576 16.072 0.007
5315.48124 16.135 0.007
5323.46704 16.098 0.006
5325.46072 16.055 0.008
5327.46062 16.025 0.007
5335.45529 15.735 0.006
5342.46817 15.979 0.008
5343.47920 16.217 0.008
5429.93083 16.155 0.007
5430.88264 15.776 0.006
5439.89204 15.919 0.006
5444.87413 16.115 0.006
5449.87882 16.135 0.006
5454.87356 15.851 0.005
5456.89927 15.780 0.005
5457.88160 16.120 0.007
5461.89388 16.041 0.006
5463.85892 15.970 0.006
5467.83288 15.822 0.006
5468.80686 16.130 0.006
5470.77930 16.092 0.006
5471.82954 15.647 0.005
5476.78523 15.953 0.005
5478.77397 15.869 0.005
5480.78765 15.810 0.006
5482.76387 15.709 0.006
5483.76183 16.096 0.007
5484.87131 15.663 0.005
5486.77033 16.069 0.006
5487.84929 16.039 0.005
5488.84322 16.192 0.006
5490.70946 16.191 0.006
5491.72976 15.840 0.005
5492.76327 16.153 0.006
5493.78562 15.806 0.006
5494.83032 16.133 0.006
5495.78745 15.710 0.005
5496.78527 16.096 0.007
5497.81546 15.637 0.005
5499.72245 16.145 0.006
5502.79260 15.936 0.005
5503.74784 16.206 0.006
5505.71751 16.148 0.006
5506.73498 15.785 0.005
5507.75311 16.119 0.006
5509.66150 16.068 0.006
5510.71744 15.794 0.005
5511.69359 16.031 0.006
5512.73667 16.126 0.006
5513.70691 15.972 0.006
5514.73947 16.235 0.006
5515.65673 15.883 0.006
5516.74230 16.196 0.006
5517.65541 15.819 0.006
5517.85633 15.905 0.006
5518.75181 16.151 0.007
5519.67534 15.745 0.006
5521.69506 15.650 0.006
5522.72020 16.071 0.006
5523.68491 15.912 0.006
5524.69335 16.010 0.006
5525.72643 16.161 0.006
5526.67848 15.951 0.005
5527.75919 16.230 0.006
5528.70023 15.897 0.006
5529.68054 16.171 0.006
5530.68775 15.816 0.005
5531.77095 16.153 0.006
5532.67905 15.731 0.005
5533.70239 16.097 0.006
5534.73395 15.661 0.005
5535.71073 16.066 0.006
5536.71340 15.841 0.005
5539.72367 15.957 0.006
5540.80777 16.224 0.006
5541.67396 15.892 0.006
5542.73237 16.189 0.006
5543.76387 15.853 0.006
5544.75140 16.140 0.006
5545.74069 15.764 0.005
5546.69033 16.096 0.006
5547.75011 15.660 0.005
5548.71009 16.074 0.006
5549.67462 15.969 0.006
5550.73004 16.027 0.006
5551.68058 16.202 0.007
5553.73359 16.234 0.006
5554.66696 15.881 0.006
5556.68156 15.812 0.005
5557.66272 16.120 0.006
5558.66363 15.712 0.005
5559.65381 16.098 0.006
5560.64548 15.651 0.005
5561.67906 16.063 0.006
5562.69861 15.917 0.005
5563.63261 15.995 0.006
5565.66386 15.951 0.006
5566.69117 16.219 0.006
5568.71147 16.183 0.007
5569.70603 15.830 0.005
5570.74476 16.146 0.006
5571.67661 15.723 0.005
5572.79245 16.110 0.006
5575.69808 15.939 0.005
5576.67229 16.009 0.005
5577.67384 16.221 0.006
5578.68062 15.938 0.006
5579.73099 16.213 0.007
5580.67467 15.870 0.005
5581.67713 16.165 0.007
5582.68493 15.808 0.005
5583.69171 16.123 0.006
5584.67774 15.715 0.005
5585.67759 16.094 0.006
5586.64135 15.660 0.005
5587.62348 16.039 0.005
5588.72743 15.851 0.005
5589.63348 15.992 0.005
5591.67086 15.937 0.005
5592.65309 16.198 0.006
5593.63605 15.854 0.005
5594.65225 16.145 0.006
5595.63088 15.781 0.005
5596.69409 16.126 0.006
5597.61151 15.666 0.005
5598.67566 16.094 0.005
5599.64149 15.670 0.005
5600.67421 16.053 0.005
5601.65383 16.053 0.005
5602.65254 15.987 0.005
5603.66130 16.223 0.006
5604.65844 15.939 0.006
5605.66355 16.211 0.006
5606.67489 15.869 0.005
5607.68634 16.151 0.006
5608.67319 15.811 0.006
5609.70491 16.125 0.006
5611.63549 16.086 0.007
5612.68800 15.638 0.005
5613.64951 16.049 0.006
5614.64316 16.088 0.006
5615.63694 15.991 0.005
5616.64569 16.238 0.006
5619.63619 15.853 0.005
5620.57873 16.141 0.006
5622.63086 16.105 0.006
5623.59376 15.656 0.005
5624.53485 16.060 0.006
5625.62650 15.711 0.005
5626.58761 16.028 0.006
5627.55233 16.200 0.006
5629.59258 16.225 0.006
5630.60400 15.902 0.006
5632.55211 15.808 0.006
5633.60112 16.138 0.006
5634.56152 15.733 0.005
5635.56583 16.095 0.006
5638.57048 15.920 0.006
5639.58072 16.015 0.007
5640.51971 16.218 0.008
5641.54735 15.942 0.006
5642.49564 16.197 0.006
5643.49339 15.858 0.006
5644.49614 16.141 0.006
5645.49486 15.783 0.006
5646.50790 16.123 0.007
5647.50985 15.688 0.005
5648.50971 16.084 0.006
5649.52528 15.639 0.005
5650.50570 16.036 0.006
5651.51166 16.045 0.005
5652.50659 15.988 0.006
5653.53668 16.209 0.006
5654.54522 15.950 0.006
5655.53640 16.225 0.006
5656.54528 15.864 0.005
5657.50523 16.152 0.006
5659.50450 16.122 0.006
5660.54993 15.713 0.005
5664.48412 16.110 0.007
5665.49935 15.990 0.007
5666.49616 16.229 0.007
5667.47836 15.914 0.006
5668.48388 16.182 0.007
5669.47792 15.840 0.006
5670.52940 16.139 0.006
5671.47975 15.786 0.006
5672.47424 16.110 0.007
5674.48274 16.084 0.006
5675.47561 15.728 0.006
5676.53053 16.028 0.005
5677.47234 16.131 0.006
5678.50654 15.976 0.005
5679.47420 16.226 0.006
5680.52229 15.920 0.006
5681.48530 16.188 0.007
5682.48640 15.839 0.006
5683.49091 16.149 0.006
5684.49500 15.773 0.005
5685.46756 16.105 0.007
5686.46846 15.652 0.005
5687.46919 16.053 0.006
5691.46213 15.951 0.006
5692.50941 16.234 0.008
5694.47523 16.191 0.007
5695.46270 15.826 0.006
5696.47160 16.145 0.007
5697.46150 15.754 0.006
5699.47105 15.670 0.006
5700.46263 16.062 0.007
5702.45952 16.027 0.007
5706.45782 15.891 0.007
5709.44632 16.143 0.008
5783.93612 15.634 0.005
5795.92561 16.091 0.006
5803.87090 15.851 0.005
5805.83539 15.753 0.005
5806.88638 16.120 0.006
5809.84764 15.789 0.005
5810.85073 16.028 0.006
5812.84353 15.968 0.005
5814.86036 15.909 0.006
5815.87198 16.198 0.006
5816.84608 15.836 0.006
5817.84669 16.121 0.006
5818.87580 15.765 0.005
5819.82975 16.102 0.006
5820.89720 15.681 0.005
5822.81742 15.914 0.005
5823.89229 16.045 0.006
5824.81424 16.199 0.006
5825.80248 15.952 0.005
5826.85097 16.228 0.006
5827.84495 15.904 0.005
5828.87116 16.190 0.006
5829.84458 15.838 0.005
5830.83612 16.136 0.005
5831.82778 15.742 0.005
5832.81722 16.107 0.005
5833.80153 15.647 0.005
5834.80248 16.058 0.005
5835.86238 15.799 0.005
5836.76593 15.993 0.005
5837.84772 16.172 0.006
5839.82985 16.230 0.006
5840.81283 15.886 0.005
5841.80982 16.171 0.006
5842.82800 15.830 0.006
5843.84348 16.139 0.006
5846.81895 15.644 0.006
5850.78276 16.208 0.006
5851.79184 15.947 0.005
5852.77555 16.216 0.007
5853.84531 15.905 0.006
5854.74993 16.154 0.006
5855.82033 15.816 0.005
5856.79189 16.113 0.007
5857.77621 15.714 0.006
5858.82612 16.103 0.006
5859.79464 15.637 0.005
5861.78869 16.020 0.006
5863.79060 16.210 0.006
5864.69920 15.890 0.005
5865.76875 16.199 0.006
5866.79287 15.875 0.005
5867.73177 16.142 0.006
5868.83325 15.817 0.005
5869.79873 16.119 0.005
5870.73854 15.676 0.005
5871.72461 16.076 0.005
5872.73398 15.729 0.005
5873.72920 16.032 0.005
5874.76277 16.088 0.007
5875.69869 15.971 0.006
5878.73613 16.194 0.007
5879.68371 15.831 0.006
5880.73517 16.137 0.006
5880.78618 16.167 0.006
5881.72175 15.756 0.005
5882.75253 16.112 0.006
5883.75651 15.689 0.005
5885.68740 15.882 0.006
5886.72385 16.030 0.006
5887.79619 16.019 0.005
5888.78485 15.999 0.005
5889.82706 16.203 0.006
5890.76059 15.921 0.005
5891.71922 16.181 0.006
5892.73700 15.846 0.005
5893.75510 16.140 0.006
5894.77856 15.787 0.005
5895.79566 16.122 0.006
5896.77869 15.691 0.005
5897.72552 16.069 0.005
5898.70770 15.834 0.005
5899.76687 16.036 0.006
5900.71651 16.167 0.006
5901.76580 15.978 0.006
5902.71704 16.229 0.007
5903.77222 15.925 0.006
5904.74682 16.182 0.006
5905.72090 15.826 0.005
5906.73278 16.131 0.006
5907.70914 15.738 0.005
5908.73557 16.100 0.006
5909.78067 15.693 0.005
5910.69343 16.062 0.006
5911.72529 15.788 0.005
5912.74577 16.040 0.005
5913.71770 16.161 0.006
5914.74034 15.968 0.005
5915.69736 16.227 0.006
5916.75124 15.912 0.005
5917.71488 16.183 0.005
5922.73190 15.648 0.005
5923.70816 16.062 0.005
5924.68946 15.915 0.005
5925.70348 16.025 0.006
5926.71528 16.173 0.006
5927.71428 15.973 0.005
5929.68844 15.883 0.005
5930.83361 16.231 0.005
5931.65403 15.798 0.005
5932.65143 16.118 0.006
5933.70262 15.735 0.005
5934.69868 16.092 0.006
5935.64970 15.629 0.005
5936.64376 16.047 0.006
5937.67355 15.974 0.005
5938.67429 15.994 0.005
5939.71808 16.165 0.006
5940.75403 15.980 0.005
5941.75396 16.226 0.006
5942.77831 15.907 0.005
5943.73582 16.182 0.006
5944.72902 15.823 0.005
5945.70937 16.130 0.005
5946.64920 15.701 0.005
5946.76555 15.767 0.005
5947.71568 16.090 0.006
5948.70498 15.635 0.005
5949.72114 16.082 0.006
5950.64215 16.052 0.005
5951.66750 15.996 0.005
5952.69211 16.198 0.006
5953.69005 15.951 0.005
5954.68762 16.214 0.005
5955.71020 15.881 0.005
5956.71028 16.172 0.005
5958.72745 16.136 0.005
5959.69944 15.734 0.005
5960.69986 16.090 0.005
5961.63323 15.659 0.005
5962.63414 16.054 0.006
5963.60082 16.130 0.006
5964.61283 15.980 0.006
5965.61178 16.210 0.006
5967.63391 16.188 0.007
5968.63401 15.862 0.005
5969.61002 16.141 0.006
5970.58751 15.752 0.005
5971.68041 16.121 0.005
5972.66681 15.703 0.005
5973.64986 16.082 0.005
5974.60491 15.743 0.005
5976.63906 16.096 0.006
5977.67262 15.999 0.005
5978.64849 16.219 0.006
5979.59923 15.922 0.005
5980.61489 16.198 0.006
5981.63838 15.866 0.005
5982.64424 16.153 0.006
5983.68694 15.805 0.005
5984.62595 16.104 0.005
5985.65829 15.697 0.005
5986.58805 16.068 0.005
5987.66353 15.649 0.005
5988.62949 16.042 0.006
5989.59399 16.154 0.006
5990.58748 15.958 0.006
5991.66251 16.220 0.006
5992.62275 15.915 0.005
5993.57965 16.180 0.006
5994.57831 15.833 0.005
5995.62602 16.151 0.006
5996.59612 15.753 0.006
5997.59826 16.108 0.006
5998.59662 15.654 0.005
5998.65703 15.698 0.005
5999.63534 16.081 0.005
6000.61274 15.744 0.005
6002.57645 16.172 0.006
6003.54256 15.946 0.006
6004.58135 16.231 0.006
6005.56883 15.896 0.005
6006.56908 16.175 0.006
6007.56832 15.815 0.005
6008.57615 16.120 0.005
6009.54394 15.720 0.005
6010.59599 16.112 0.006
6011.55828 15.642 0.005
6012.55737 16.052 0.006
6013.53911 15.983 0.006
6014.55807 16.010 0.005
6015.55318 16.210 0.006
6016.59405 15.964 0.005
6017.55724 16.222 0.006
6018.51263 15.861 0.005
6019.55848 16.183 0.006
6020.58285 15.822 0.005
6021.57092 16.127 0.006
6022.58193 15.753 0.005
6023.55648 16.089 0.006
6024.57931 15.640 0.005
6025.57933 16.071 0.006
6026.52563 16.026 0.006
6028.56239 16.215 0.006
6032.50029 16.158 0.007
6033.48786 15.786 0.006
6034.49347 16.116 0.006
6035.51884 15.706 0.005
6036.49567 16.079 0.006
6037.49538 15.682 0.005
6038.48712 16.036 0.007
6039.49378 16.092 0.007
6040.49607 15.988 0.006
6042.49371 15.923 0.006
6047.47077 16.111 0.007
6048.46949 15.655 0.005
6049.49280 16.068 0.006
6050.46839 15.749 0.006
6052.48405 16.105 0.006
6053.48068 15.966 0.006
6055.48973 15.917 0.005
6056.47671 16.195 0.006
6057.47259 15.832 0.005
6058.46407 16.141 0.006
6059.47391 15.769 0.005
6060.47668 16.092 0.006
6061.46780 15.666 0.005
6062.46185 16.077 0.007
6064.46367 16.041 0.006
6070.46505 15.847 0.006
6123.91118 16.212 0.006
6137.90908 15.938 0.006
6149.93268 16.211 0.007
6165.90889 15.864 0.005
6171.87468 15.699 0.005
6173.92422 16.019 0.007
6179.90066 16.153 0.006
6180.85320 15.763 0.005
6181.86741 16.104 0.005
6182.87197 15.682 0.005
6183.87365 16.068 0.005
6184.90021 15.662 0.005
6185.84989 16.033 0.005
6186.85142 16.158 0.006
6191.87694 15.851 0.005
6193.86424 15.764 0.005
6194.88121 16.113 0.005
6196.86874 16.073 0.005
6199.81771 16.188 0.006
6202.82516 15.894 0.006
6204.86027 15.836 0.005
6207.87101 16.104 0.006
6210.86972 15.750 0.005
6212.82249 16.196 0.006
6214.87366 16.229 0.007
6216.82034 16.174 0.005
6219.80531 15.719 0.005
6221.81860 15.634 0.005
6222.81951 16.070 0.006
6223.77656 16.032 0.005
6224.84116 16.012 0.005
6225.72416 16.226 0.007
6226.73652 15.922 0.005
6229.78111 16.144 0.006
6230.72291 15.780 0.006
6231.74772 16.114 0.006
6232.81368 15.721 0.005
6233.82024 16.095 0.005
6234.82408 15.636 0.005
6235.77147 16.037 0.005
6236.78906 16.016 0.005
6237.86506 16.018 0.005
6238.82276 16.196 0.005
6239.79678 15.936 0.005
6240.84004 16.221 0.006
6241.79371 15.872 0.005
6242.83665 16.175 0.005
6243.80500 15.806 0.005
6244.73846 16.117 0.005
6245.76231 15.689 0.005
6248.77899 16.043 0.005
6251.76962 16.214 0.005
6254.77948 15.867 0.005
6257.80676 16.134 0.006
6262.73160 16.137 0.006
6265.80318 15.945 0.005
6270.81955 16.119 0.006
6274.81118 16.058 0.005
6278.75824 15.924 0.005
6282.78111 15.795 0.005
6286.71436 15.827 0.005
6289.78368 15.979 0.005
6294.80373 16.162 0.006
6299.76213 15.698 0.005
6306.70435 15.829 0.005
6312.67668 15.974 0.005
6317.68782 15.882 0.005
6323.66106 15.634 0.005
6329.62029 16.197 0.006
6333.61068 16.119 0.006
6334.62910 15.675 0.005
6335.60806 16.072 0.005
6336.57534 15.802 0.005
6340.62332 16.218 0.005
6343.56713 15.824 0.005
6347.59345 15.664 0.005
6349.59690 15.748 0.005
6356.61092 15.837 0.005
6363.52767 16.013 0.005
6371.55274 15.728 0.005
6378.53609 15.940 0.005
6387.52625 16.062 0.006
6396.53221 16.118 0.006
6404.51743 15.955 0.006
6508.93297 16.051 0.006
6520.88557 15.661 0.005
6531.89665 15.694 0.005
6547.86208 16.030 0.005
6561.83007 16.165 0.006
6571.83681 16.066 0.005
6577.87734 15.902 0.005
6583.78350 15.639 0.005
6608.82370 16.095 0.005
6612.75987 15.985 0.005
6616.72173 15.850 0.005
6622.77570 15.639 0.005
6628.80184 16.204 0.005
6638.72866 15.976 0.005
6649.73351 16.031 0.005
6654.75364 16.193 0.005
6658.76360 16.101 0.005
6662.73215 16.023 0.005
6667.79230 16.215 0.006
6672.76702 15.683 0.005
6680.76129 16.188 0.005
6690.64394 15.931 0.005
6697.70464 16.091 0.005
6705.66789 15.864 0.005
6712.63727 16.040 0.005
6720.67672 15.811 0.005
6736.60733 16.071 0.006
6871.91696 15.974 0.006
6887.91486 15.947 0.005
6896.88560 16.053 0.006
6907.86764 16.072 0.006
6926.79733 15.888 0.005
6932.80595 15.641 0.005
6938.79138 16.204 0.006
6942.78885 16.125 0.006
6950.83962 15.960 0.005
6956.84241 15.740 0.005
6961.83701 16.017 0.006
6967.70841 15.767 0.006
6973.71389 16.115 0.006
6980.75078 15.788 0.005
6987.78174 15.995 0.006
6992.75389 16.141 0.006
6997.75967 15.650 0.005
7002.70348 15.913 0.006
7007.71475 16.107 0.006
7013.66814 15.959 0.006
7016.77368 16.192 0.006
7020.76253 16.106 0.006
7024.75376 16.041 0.006
7028.70691 15.895 0.006
7033.76099 16.110 0.006
7037.73453 16.031 0.005
7042.73211 16.191 0.006
7046.73333 16.113 0.006
7051.71648 16.163 0.006
7051.72389 16.149 0.006
7056.66432 15.792 0.005
7062.65603 15.991 0.006
7074.66339 16.057 0.006
7080.57972 15.843 0.005
7083.60646 16.112 0.006
7086.61461 15.683 0.005
7091.59547 15.910 0.005
7103.56330 16.223 0.006
7112.57548 15.827 0.006
7115.57043 15.976 0.006
7119.53055 15.822 0.006
7126.51956 16.009 0.005
7131.52411 16.170 0.007
7134.49440 15.690 0.005
7137.52432 16.061 0.006
7143.48877 15.878 0.006
7274.92003 16.204 0.008
7287.89610 16.222 0.007
7292.81969 15.723 0.006
7294.79132 15.634 0.005
7297.79056 16.018 0.006
7304.86907 16.141 0.006
7312.78732 15.950 0.006
7319.75955 16.091 0.007
7322.73868 16.071 0.007
7327.84259 15.906 0.006
7339.75267 16.191 0.006
7345.71114 16.070 0.006
7354.78801 16.161 0.006
7361.81083 15.927 0.005
7366.68337 15.826 0.005
7373.83669 16.068 0.006
7377.80861 15.933 0.005
7382.70681 16.108 0.006
7385.72025 15.740 0.005
7390.74143 15.912 0.005
7399.74670 16.046 0.006
7404.73630 16.192 0.006
7408.70942 16.100 0.006
7410.71081 16.055 0.006
7412.58291 15.979 0.006
7413.67357 16.187 0.007
7414.76437 15.993 0.007
7415.66300 16.218 0.006
7416.68044 15.885 0.005
7424.62285 16.040 0.006
7425.66908 16.012 0.005
7426.66622 16.206 0.007
7427.64781 15.932 0.005
7428.65238 16.200 0.006
7429.66175 15.875 0.005
7431.61144 15.773 0.005
7432.62850 16.109 0.006
7434.60890 16.084 0.006
7435.64184 15.647 0.005
7437.61450 16.070 0.005
7439.64844 16.207 0.006
7441.60293 16.193 0.006
7443.61736 16.149 0.006
7443.62006 16.142 0.006
7445.60716 16.122 0.006
7447.63940 16.089 0.005
7449.62580 16.037 0.006
7453.60025 15.918 0.005
7457.61303 15.795 0.005
7462.61478 16.050 0.005
7466.56247 15.901 0.006
7472.56926 15.672 0.005
7476.52498 16.199 0.006
7488.47881 16.007 0.006
7499.50201 16.053 0.006
7507.47427 15.789 0.005
