5261.66360 16.107 0.007
5262.65763 16.356 0.008
5264.62673 16.412 0.009
5265.62616 16.182 0.008
5266.62015 16.476 0.008
5267.63193 16.298 0.008
5268.61429 15.960 0.008
5269.58367 16.364 0.008
5270.58588 16.088 0.007
5271.59319 16.419 0.008
5273.58149 16.350 0.008
5274.61272 16.338 0.008
5276.59210 16.395 0.008
5279.58023 16.284 0.008
5281.57040 16.363 0.008
5282.57500 16.084 0.008
5285.56502 16.403 0.010
5287.55860 16.013 0.008
5290.49500 16.428 0.008
5293.49089 16.340 0.008
5295.51971 16.395 0.008
5296.59491 16.224 0.008
5297.54249 16.444 0.008
5299.52506 15.967 0.007
5301.54808 16.142 0.008
5305.54574 16.347 0.008
5307.48211 16.405 0.008
5308.55213 16.193 0.008
5309.57290 16.413 0.009
5311.53913 15.972 0.008
5313.52169 16.123 0.008
5315.50241 16.234 0.008
5321.48890 16.459 0.009
5322.49901 16.270 0.008
5324.50337 16.378 0.009
5326.51086 16.437 0.008
5327.50087 16.232 0.008
5335.49131 15.980 0.008
5342.49148 16.014 0.009
5430.93356 16.381 0.013
5443.87075 16.095 0.007
5448.90220 16.026 0.007
5451.84529 16.452 0.009
5454.89456 16.383 0.008
5457.78915 16.175 0.007
5461.86699 16.388 0.008
5465.88623 15.985 0.008
5467.86909 16.084 0.007
5468.85808 16.420 0.008
5470.83313 16.436 0.008
5471.88072 16.326 0.008
5473.81559 16.380 0.007
5477.81874 16.197 0.007
5478.84054 16.342 0.008
5481.76441 16.170 0.008
5483.79734 16.297 0.008
5484.80980 15.961 0.007
5487.79338 16.426 0.008
5488.86452 16.261 0.007
5490.85643 16.346 0.008
5491.84446 16.051 0.007
5492.78618 16.407 0.008
5493.80847 16.183 0.008
5494.85325 16.451 0.008
5495.81042 16.282 0.008
5496.80825 15.970 0.008
5497.83841 16.385 0.008
5499.74543 16.419 0.008
5502.81557 16.338 0.008
5503.77081 16.004 0.007
5505.74052 16.146 0.008
5506.75801 16.448 0.008
5507.77614 16.271 0.007
5509.68450 16.340 0.008
5510.74040 16.078 0.007
5511.71666 16.410 0.008
5512.75973 16.200 0.007
5513.73002 16.457 0.008
5514.76254 16.311 0.008
5515.67983 15.957 0.007
5516.76538 16.392 0.008
5517.67851 16.127 0.008
5518.77496 16.468 0.010
5519.70136 16.251 0.009
5521.71818 16.353 0.008
5522.74332 16.057 0.007
5523.70801 16.397 0.008
5524.71651 16.181 0.007
5525.74952 16.424 0.008
5526.70163 16.268 0.007
5527.78232 15.997 0.006
5528.72344 16.380 0.008
5529.70372 16.123 0.008
5530.71092 16.412 0.008
5531.79415 16.267 0.007
5532.70230 16.264 0.007
5533.72565 16.358 0.008
5534.75712 16.064 0.007
5535.73400 16.411 0.008
5536.73665 16.195 0.007
5539.74687 15.967 0.007
5540.83106 16.382 0.008
5541.69724 16.098 0.007
5542.75640 16.451 0.008
5543.78721 16.279 0.008
5544.77466 16.068 0.007
5545.76394 16.354 0.008
5546.71365 16.037 0.007
5547.77342 16.418 0.008
5548.74131 16.185 0.007
5549.70121 16.441 0.008
5550.75345 16.299 0.008
5551.71097 15.964 0.007
5553.75695 16.133 0.008
5556.70495 16.299 0.008
5557.68609 16.324 0.008
5558.68698 16.008 0.007
5559.73016 16.409 0.008
5560.66889 16.155 0.007
5561.70266 16.470 0.008
5562.72203 16.286 0.007
5563.65598 16.062 0.007
5565.68789 16.094 0.007
5566.71457 16.436 0.008
5568.73488 16.242 0.008
5569.72947 16.339 0.008
5570.76895 16.051 0.007
5571.70058 16.395 0.008
5572.81757 16.208 0.007
5575.72154 15.963 0.007
5576.69570 16.373 0.008
5577.69798 16.092 0.007
5578.70534 16.430 0.008
5579.75522 16.236 0.008
5580.69925 16.363 0.008
5581.70140 16.326 0.008
5582.70835 16.020 0.007
5583.71676 16.402 0.008
5584.70109 16.151 0.007
5585.70103 16.460 0.008
5586.66478 16.258 0.008
5587.64699 16.169 0.007
5589.65692 16.064 0.007
5591.69425 16.209 0.007
5592.67651 16.430 0.008
5594.67574 15.970 0.007
5595.65439 16.384 0.008
5596.71748 16.162 0.007
5597.63495 16.438 0.008
5598.70128 16.273 0.007
5599.66491 16.119 0.007
5600.69763 16.364 0.008
5601.67725 16.072 0.007
5602.67600 16.425 0.008
5603.68268 16.207 0.008
5604.68309 16.440 0.008
5605.68559 16.312 0.007
5606.69751 15.985 0.007
5607.70845 16.394 0.008
5608.70155 16.156 0.008
5609.72629 16.470 0.009
5611.65682 16.189 0.008
5612.70937 16.366 0.009
5613.67253 16.070 0.008
5614.66488 16.413 0.008
5615.65826 16.176 0.007
5616.67429 16.446 0.008
5619.65619 16.388 0.007
5622.65809 16.243 0.008
5623.61712 16.306 0.007
5624.55834 16.311 0.007
5625.64983 16.047 0.007
5626.61092 16.381 0.008
5627.57571 16.155 0.007
5629.61589 16.275 0.007
5630.62731 15.968 0.007
5632.57552 16.082 0.008
5633.62442 16.430 0.008
5634.58490 16.215 0.008
5635.58917 16.404 0.008
5638.59379 16.390 0.009
5639.56955 16.153 0.008
5640.54299 16.447 0.009
5641.57220 16.262 0.008
5642.51891 16.240 0.007
5643.51666 16.335 0.008
5644.51940 16.036 0.007
5645.51810 16.395 0.008
5646.53115 16.179 0.008
5647.53311 16.446 0.008
5648.53376 16.286 0.008
5649.54852 15.963 0.007
5650.52898 16.374 0.008
5651.53484 16.103 0.006
5652.52980 16.427 0.008
5653.55989 16.247 0.007
5654.56835 16.141 0.007
5655.55962 16.358 0.008
5656.56844 16.060 0.007
5657.52837 16.387 0.008
5659.52770 16.468 0.008
5660.57308 16.312 0.008
5664.50726 16.425 0.009
5665.52249 16.227 0.008
5666.51928 16.307 0.009
5667.50147 16.335 0.008
5668.50739 16.024 0.008
5669.50098 16.408 0.008
5670.55250 16.180 0.008
5671.50287 16.471 0.011
5672.49773 16.274 0.008
5674.50582 16.365 0.008
5675.49910 16.079 0.007
5676.55486 16.449 0.006
5677.49573 16.211 0.007
5678.52958 16.293 0.008
5679.49720 16.328 0.008
5680.54598 16.030 0.008
5681.51003 16.391 0.008
5682.50983 16.160 0.008
5683.51438 16.447 0.008
5684.51936 16.278 0.008
5685.49084 16.030 0.007
5686.49138 16.357 0.008
5687.49355 16.096 0.008
5691.48505 16.315 0.008
5692.53196 16.010 0.008
5694.50162 16.151 0.008
5695.48604 16.443 0.008
5696.49443 16.270 0.008
5697.48440 16.066 0.008
5699.49389 16.090 0.008
5700.48547 16.420 0.010
5702.48231 16.435 0.008
5706.48202 16.139 0.008
5709.46910 16.156 0.007
5785.90782 16.343 0.008
5796.90970 16.339 0.008
5803.89351 15.984 0.007
5805.85795 16.075 0.007
5806.90897 16.428 0.008
5809.87014 16.320 0.007
5810.87330 15.993 0.007
5812.86623 16.139 0.007
5814.91523 16.290 0.008
5815.89459 16.009 0.007
5816.86873 16.355 0.008
5817.87041 16.078 0.007
5818.89840 16.417 0.008
5819.85241 16.200 0.007
5822.84007 15.961 0.006
5824.83690 16.136 0.007
5825.82515 16.443 0.008
5826.87367 16.270 0.008
5827.86765 16.121 0.007
5828.89388 16.346 0.007
5829.86721 16.058 0.006
5830.85879 16.415 0.008
5831.85050 16.189 0.006
5832.83994 16.469 0.008
5833.82425 16.295 0.007
5834.82522 15.962 0.006
5835.88516 16.390 0.008
5836.79163 16.104 0.007
5837.87195 16.449 0.008
5839.85266 16.202 0.007
5840.83616 16.348 0.008
5841.83320 16.045 0.007
5842.85084 16.416 0.008
5843.86630 16.196 0.007
5845.88130 16.308 0.009
5846.84183 15.961 0.008
5850.80645 16.232 0.007
5851.81466 16.310 0.008
5853.87018 16.047 0.007
5854.77387 16.396 0.008
5855.84321 16.174 0.007
5856.81481 16.467 0.008
5857.81547 16.276 0.008
5858.84902 15.963 0.008
5859.81756 16.382 0.008
5860.80261 16.108 0.007
5861.81162 16.429 0.008
5863.81477 16.346 0.007
5864.72206 16.292 0.007
5865.79208 16.006 0.006
5866.81583 16.401 0.008
5867.75474 16.135 0.007
5868.85623 16.478 0.007
5869.82179 16.275 0.007
5870.76154 16.127 0.007
5871.74767 16.357 0.008
5872.75701 16.071 0.007
5873.75226 16.406 0.008
5874.78925 16.208 0.008
5875.72171 16.464 0.008
5878.82268 16.405 0.010
5879.73000 16.117 0.008
5880.75829 16.447 0.008
5881.74480 16.247 0.007
5882.77563 16.101 0.007
5883.77957 16.362 0.008
5885.71664 16.402 0.008
5886.74697 16.200 0.008
5887.81935 16.380 0.007
5888.80798 16.324 0.008
5889.85021 16.031 0.007
5890.78374 16.384 0.008
5891.74241 16.129 0.007
5892.76015 16.452 0.008
5893.77830 16.257 0.007
5894.80177 16.063 0.007
5895.81885 16.361 0.008
5896.80193 16.075 0.007
5897.74874 16.409 0.007
5898.73093 16.170 0.007
5899.79007 16.426 0.008
5900.73973 16.295 0.007
5901.78901 15.973 0.007
5902.74032 16.388 0.008
5903.79544 16.149 0.007
5904.77010 16.443 0.008
5905.74413 16.239 0.008
5906.75600 16.230 0.008
5907.73407 16.346 0.008
5908.75945 16.047 0.007
5909.80392 16.417 0.008
5910.71675 16.160 0.007
5911.74860 16.452 0.008
5912.76907 16.298 0.007
5913.74099 15.956 0.006
5914.76367 16.378 0.007
5915.72073 16.105 0.007
5916.77702 16.444 0.008
5917.73825 16.231 0.007
5922.75530 16.178 0.007
5923.73150 16.466 0.007
5924.71280 16.281 0.007
5925.72684 15.970 0.007
5926.73865 16.390 0.008
5927.73763 16.107 0.007
5929.71185 16.220 0.007
5930.85700 16.001 0.006
5931.67886 16.316 0.008
5932.67617 15.980 0.007
5933.72603 16.387 0.008
5934.72212 16.154 0.007
5936.66766 16.251 0.008
5937.69693 16.060 0.007
5938.69770 16.366 0.008
5939.74184 16.108 0.007
5940.77744 16.448 0.008
5941.77810 16.250 0.008
5942.80274 16.178 0.007
5943.75960 16.318 0.008
5944.75248 16.017 0.006
5945.73320 16.396 0.007
5946.67303 16.129 0.007
5946.78902 16.200 0.007
5947.74004 16.463 0.008
5948.72840 16.274 0.007
5949.74457 15.978 0.007
5950.66557 16.347 0.007
5951.69097 16.079 0.007
5952.71555 16.421 0.007
5953.71348 16.226 0.007
5954.71106 16.404 0.007
5955.73369 16.331 0.007
5956.73371 16.006 0.006
5958.75092 16.172 0.007
5959.72291 16.460 0.008
5960.72493 16.277 0.007
5961.65666 16.234 0.007
5962.65756 16.348 0.008
5963.62432 16.022 0.007
5964.63626 16.425 0.008
5965.63516 16.183 0.007
5967.65733 16.302 0.008
5968.65746 15.959 0.007
5969.63345 16.380 0.008
5970.61096 16.101 0.006
5971.70384 16.462 0.008
5972.69017 16.257 0.007
5973.67329 16.214 0.006
5974.62831 16.323 0.007
5976.66247 16.413 0.008
5977.69603 16.198 0.007
5978.67251 16.446 0.008
5979.62260 16.270 0.007
5980.65279 15.956 0.007
5981.66173 16.372 0.008
5982.66771 16.117 0.007
5983.71079 16.456 0.007
5984.64981 16.230 0.007
5985.68172 16.232 0.008
5986.61145 16.322 0.007
5987.68728 16.053 0.006
5988.65338 16.397 0.008
5989.61734 16.157 0.007
5990.61086 16.468 0.008
5991.68587 16.299 0.008
5992.64613 15.968 0.007
5993.60298 16.366 0.008
5994.60245 16.075 0.007
5995.64935 16.430 0.008
5996.61948 16.220 0.008
5997.62162 16.392 0.008
5998.61997 16.325 0.007
5998.68545 16.338 0.008
5999.66395 16.032 0.006
6000.63604 16.390 0.007
6002.59973 16.457 0.008
6003.56597 16.253 0.008
6004.62631 16.020 0.007
6005.60935 16.349 0.007
6006.59329 16.064 0.006
6007.59159 16.421 0.007
6008.64598 16.221 0.007
6009.56715 16.457 0.008
6010.62273 16.320 0.008
6011.58153 15.968 0.006
6012.61723 16.377 0.008
6013.56231 16.116 0.007
6014.58126 16.449 0.008
6015.57761 16.245 0.007
6016.61760 16.068 0.006
6017.58100 16.344 0.007
6018.53614 16.026 0.007
6019.58488 16.413 0.008
6020.60637 16.179 0.007
6021.59416 16.441 0.008
6022.60603 16.321 0.008
6023.57965 15.961 0.007
6024.60249 16.391 0.009
6025.60253 16.140 0.008
6026.54879 16.431 0.008
6028.58555 16.210 0.008
6032.52341 16.157 0.008
6033.51094 16.455 0.008
6034.51650 16.264 0.007
6035.54195 15.968 0.007
6036.51881 16.364 0.008
6037.51845 16.099 0.008
6038.51016 16.433 0.009
6039.51687 16.210 0.008
6040.51913 16.397 0.008
6042.51680 15.997 0.008
6047.49371 16.099 0.008
6048.49249 16.363 0.008
6049.51577 16.076 0.007
6050.49132 16.410 0.008
6052.50702 16.419 0.008
6053.50406 16.314 0.008
6055.51264 16.376 0.008
6056.49962 16.141 0.007
6057.51188 16.470 0.008
6058.50319 16.247 0.007
6059.49684 16.133 0.007
6060.50008 16.360 0.008
6061.49326 16.054 0.008
6062.48472 16.416 0.009
6064.48651 16.443 0.008
6070.48787 16.237 0.008
6079.46987 16.353 0.008
6123.93370 16.338 0.008
6137.93162 16.404 0.008
6164.91972 16.279 0.008
6166.90284 16.364 0.007
6171.89724 16.320 0.007
6180.87584 16.406 0.008
6181.88999 16.188 0.007
6182.89457 16.443 0.008
6183.89627 16.318 0.007
6185.87255 16.395 0.007
6186.87403 16.122 0.006
6191.89969 16.059 0.006
6193.90770 16.188 0.008
6196.88932 15.968 0.006
6199.83836 16.424 0.009
6202.84580 16.333 0.008
6204.88099 16.402 0.007
6212.84533 16.244 0.008
6216.84316 16.399 0.007
6219.82814 16.294 0.008
6221.84143 16.389 0.008
6222.84238 16.107 0.007
6223.79948 16.427 0.008
6224.86508 16.229 0.007
6225.74707 16.460 0.008
6226.75946 16.301 0.008
6229.80199 16.143 0.007
6230.74584 16.441 0.008
6231.77068 16.260 0.008
6232.83673 15.998 0.007
6233.84589 16.382 0.007
6234.84708 16.097 0.006
6235.79447 16.408 0.007
6236.81208 16.205 0.007
6238.84581 16.310 0.007
6239.81986 15.985 0.006
6240.86311 16.398 0.008
6241.81676 16.155 0.007
6242.85970 16.465 0.008
6243.82850 16.266 0.007
6244.76884 16.212 0.007
6245.78539 16.351 0.007
6248.80211 16.203 0.007
6251.79273 15.963 0.006
6254.80263 16.440 0.007
6257.83164 16.352 0.008
6262.75484 16.287 0.007
6265.82765 16.148 0.006
6270.85221 16.094 0.008
6274.83451 16.308 0.007
6278.78223 16.432 0.008
6282.80443 16.039 0.006
6286.73773 16.274 0.007
6289.80703 16.125 0.007
6294.82900 16.069 0.006
6299.78555 15.963 0.006
6306.72571 15.984 0.006
6312.71718 16.360 0.006
6317.71202 16.315 0.007
6323.68491 16.244 0.007
6329.64376 16.281 0.008
6333.63536 16.427 0.008
6340.64676 16.461 0.007
6343.59053 16.352 0.007
6347.61686 16.421 0.008
6356.63420 16.082 0.006
6363.55171 16.108 0.007
6368.54995 16.023 0.006
6371.57460 16.470 0.008
6376.54797 16.434 0.008
6378.52234 16.400 0.008
6378.55978 16.324 0.008
6379.53624 16.338 0.008
6380.54712 16.017 0.007
6381.54901 16.390 0.007
6382.54028 16.158 0.007
6383.62740 16.438 0.008
6385.51744 16.055 0.006
6387.54984 16.095 0.006
6396.55540 16.281 0.007
6404.54057 15.998 0.007
6416.51653 15.979 0.006
6509.93499 16.330 0.007
6520.87664 16.450 0.007
6520.90819 16.424 0.007
6531.91935 16.203 0.007
6547.88601 16.381 0.007
6560.82586 16.084 0.006
6561.85291 16.421 0.008
6571.85969 16.381 0.007
6578.87964 16.407 0.007
6583.80644 16.349 0.008
6592.74303 16.451 0.008
6593.72428 16.228 0.008
6594.78383 16.227 0.008
6594.81682 16.161 0.007
6595.71641 16.321 0.007
6596.78066 16.050 0.007
6599.76580 16.470 0.007
6600.71682 16.255 0.006
6601.83124 15.965 0.006
6602.83708 16.378 0.007
6604.77920 16.432 0.007
6608.84687 16.074 0.006
6612.78312 16.291 0.007
6616.74500 16.423 0.008
6622.75646 16.172 0.007
6622.79895 16.197 0.007
6623.74866 16.456 0.007
6624.81627 16.292 0.007
6625.81056 15.949 0.006
6626.82573 16.383 0.007
6627.77586 16.103 0.006
6628.76993 16.433 0.008
6628.82737 16.434 0.007
6631.85445 16.359 0.008
6632.73212 15.997 0.006
6633.71910 16.387 0.007
6635.75000 16.449 0.008
6636.72963 16.266 0.006
6637.75004 16.024 0.006
6638.75246 16.368 0.007
6645.75004 16.395 0.007
6649.75699 16.031 0.006
6654.77712 16.383 0.006
6658.80031 16.171 0.006
6662.78699 16.370 0.007
6664.83098 16.442 0.007
6665.61564 16.147 0.006
6666.62091 16.458 0.007
6667.60323 16.265 0.007
6667.84674 16.361 0.008
6668.63142 16.035 0.006
6669.75726 16.385 0.007
6670.74369 16.155 0.007
6671.77806 16.468 0.009
6673.78095 16.038 0.007
6674.78886 16.362 0.008
6675.79889 16.109 0.007
6676.74515 16.415 0.007
6680.78480 16.005 0.006
6690.67750 16.475 0.007
6691.68486 16.281 0.006
6692.70897 15.965 0.005
6693.65701 16.371 0.007
6694.70083 16.107 0.006
6695.64594 16.421 0.007
6696.63355 16.208 0.007
6697.69161 16.325 0.006
6698.69193 16.321 0.008
6700.56533 16.363 0.007
6701.68640 16.164 0.007
6702.55667 16.406 0.008
6703.57367 16.239 0.008
6704.71140 15.963 0.007
6705.56321 16.321 0.007
6705.69141 16.380 0.008
6712.65867 16.385 0.007
6722.61948 16.311 0.007
6732.65246 16.223 0.008
6733.65068 16.450 0.008
6734.62660 16.314 0.008
6735.63735 15.968 0.006
6736.59502 16.378 0.009
6736.63067 16.400 0.009
6737.60554 16.108 0.006
6739.60139 16.237 0.006
6741.55631 16.327 0.007
6742.52223 15.986 0.007
6744.54543 16.157 0.007
6746.51543 16.255 0.008
6748.51589 16.354 0.008
6749.51875 16.059 0.006
6759.50675 16.217 0.008
6760.50624 16.348 0.007
6761.51664 16.040 0.006
6762.50330 16.409 0.008
6763.48783 16.177 0.007
6764.50108 16.462 0.008
6765.49125 16.288 0.007
6766.47959 15.966 0.007
6768.47213 16.105 0.006
6769.47324 16.443 0.008
6770.47153 16.238 0.007
6771.46650 16.334 0.008
6772.47204 16.325 0.008
6871.93957 16.311 0.009
6888.90807 16.233 0.008
6896.90819 15.945 0.007
6907.89101 16.294 0.008
6926.82013 16.314 0.007
6932.82880 16.131 0.007
6938.81423 16.296 0.008
6942.81178 16.442 0.008
6950.86260 16.319 0.007
6956.76959 16.339 0.008
6956.86546 16.077 0.007
6957.77112 16.336 0.008
6958.82161 16.048 0.006
6959.83254 16.405 0.008
6960.79642 16.179 0.008
6961.80767 16.465 0.008
6961.86007 16.420 0.008
6963.74787 16.030 0.007
6964.85710 16.380 0.008
6965.83940 16.133 0.007
6967.73154 16.219 0.008
6967.79421 16.232 0.008
6970.75447 15.995 0.007
6973.73699 16.459 0.008
6980.77401 16.380 0.008
6987.80501 15.962 0.007
6992.77720 16.383 0.008
6997.78297 16.458 0.008
7002.72476 16.408 0.008
7007.73605 16.371 0.008
7013.69156 16.034 0.007
7016.79520 16.392 0.008
7020.79977 16.139 0.007
7024.77513 16.351 0.008
7026.67097 16.399 0.008
7027.65040 16.150 0.008
7028.68641 16.452 0.009
7029.68204 16.280 0.008
7030.74887 15.954 0.006
7031.73624 16.386 0.008
7032.73796 16.124 0.007
7033.73363 16.423 0.008
7034.79160 16.261 0.007
7035.66875 16.398 0.008
7036.71794 16.341 0.008
7037.75805 16.048 0.007
7042.75567 15.958 0.006
7047.71882 16.306 0.008
7051.74745 16.179 0.007
7056.68783 16.089 0.007
7062.67953 16.399 0.008
7069.67619 16.429 0.008
7080.60312 16.013 0.007
7083.62988 16.475 0.008
7086.63894 16.372 0.008
7091.61887 16.333 0.008
7093.59237 16.385 0.008
7097.56683 16.057 0.007
7098.57278 16.363 0.007
7099.61575 16.101 0.006
7100.57752 16.409 0.008
7102.54125 16.446 0.008
7103.55488 16.311 0.007
7103.58979 16.323 0.007
7112.59709 16.437 0.008
7115.59365 16.326 0.008
7119.55169 16.449 0.008
7126.54269 16.461 0.008
7131.54719 16.453 0.008
7134.51751 16.342 0.008
7137.54739 16.190 0.007
7143.51200 16.434 0.011
7278.86352 16.404 0.008
7292.85147 16.463 0.008
7294.81517 16.242 0.008
7297.81386 16.407 0.008
7306.87201 16.116 0.007
7312.81022 16.286 0.008
7322.76524 16.150 0.008
7327.87179 16.127 0.008
7339.77577 16.078 0.006
7345.73438 16.387 0.008
7354.81123 16.386 0.008
7361.83408 15.985 0.007
7366.70670 16.478 0.008
7373.86023 15.966 0.007
7377.83198 16.223 0.007
7382.73018 16.115 0.007
7385.74369 16.281 0.008
7390.76552 16.454 0.008
7399.77013 16.043 0.008
7403.78553 16.300 0.007
7408.73285 16.222 0.007
7410.73424 16.337 0.008
7413.69696 16.146 0.008
7416.70391 16.046 0.007
7424.64630 16.386 0.008
7427.67783 16.260 0.007
7431.67191 16.397 0.008
7435.66611 15.959 0.006
7439.67297 16.253 0.008
7443.64356 16.400 0.008
7449.64920 16.115 0.007
7453.62458 16.342 0.007
7462.63836 16.425 0.007
7466.58573 15.978 0.007
7472.59254 16.359 0.008
7476.54828 16.461 0.008
7488.50199 16.474 0.008
7499.52511 16.166 0.008
7508.47059 16.303 0.007
