5261.68161 15.744 0.005
5262.67510 15.418 0.005
5264.64570 15.743 0.006
5265.64368 15.543 0.005
5266.63740 15.740 0.006
5268.50601 15.646 0.006
5269.60088 15.755 0.006
5270.60319 15.550 0.005
5271.61037 15.741 0.006
5273.59864 15.659 0.005
5275.59813 15.554 0.005
5276.60924 15.739 0.005
5280.56570 15.548 0.005
5281.58753 15.740 0.006
5282.59246 15.430 0.005
5284.58076 15.708 0.006
5286.58064 15.748 0.006
5290.51485 15.555 0.005
5293.50808 15.658 0.006
5295.53688 15.562 0.005
5297.55981 15.440 0.005
5298.58940 15.684 0.006
5299.54218 15.660 0.006
5301.56597 15.772 0.006
5305.52677 15.574 0.005
5307.56015 15.464 0.005
5309.51108 15.626 0.006
5311.55616 15.753 0.007
5313.53864 15.692 0.006
5315.51941 15.580 0.006
5322.51598 15.471 0.005
5323.50534 15.693 0.006
5325.50044 15.609 0.006
5327.52294 15.482 0.005
5337.49973 15.489 0.005
5341.51483 15.792 0.007
5343.51735 15.719 0.007
5436.87413 15.497 0.005
5443.88777 15.428 0.005
5448.88721 15.406 0.005
5451.86225 15.511 0.005
5455.89112 15.787 0.005
5457.80607 15.709 0.005
5459.90220 15.654 0.005
5462.85898 15.729 0.006
5465.90357 15.756 0.007
5467.88630 15.736 0.005
5468.89016 15.411 0.005
5470.85010 15.761 0.005
5471.89775 15.549 0.006
5473.83263 15.399 0.005
5477.83585 15.738 0.005
5478.85753 15.408 0.005
5481.78159 15.530 0.005
5482.83546 15.750 0.005
5484.82703 15.662 0.005
5485.87807 15.684 0.005
5487.77763 15.734 0.005
5488.83418 15.423 0.005
5489.82249 15.667 0.005
5490.87368 15.657 0.006
5491.79259 15.556 0.006
5492.86570 15.764 0.005
5494.75667 15.662 0.006
5497.76170 15.756 0.005
5503.85889 15.463 0.005
5507.82550 15.765 0.005
5510.84124 15.553 0.005
5512.85974 15.786 0.005
5514.86236 15.697 0.005
5517.72418 15.756 0.005
5519.82040 15.694 0.006
5522.79722 15.783 0.006
5524.77233 15.690 0.005
5526.77596 15.601 0.005
5528.75422 15.469 0.005
5529.82834 15.711 0.005
5530.81265 15.454 0.005
5531.74034 15.595 0.005
5533.76935 15.476 0.005
5534.85132 15.709 0.005
5536.70212 15.590 0.005
5540.84645 15.402 0.005
5542.80222 15.787 0.005
5544.70959 15.700 0.005
5546.76444 15.617 0.005
5548.81560 15.511 0.005
5550.78447 15.401 0.005
5553.86037 15.541 0.007
5556.84400 15.655 0.005
5557.80535 15.769 0.005
5558.81546 15.528 0.005
5559.83244 15.736 0.005
5560.84471 15.415 0.005
5561.81774 15.657 0.005
5562.84334 15.736 0.006
5563.80364 15.540 0.005
5565.83104 15.417 0.005
5566.82290 15.661 0.006
5568.83992 15.557 0.005
5569.84914 15.753 0.006
5571.83056 15.668 0.005
5572.83406 15.697 0.005
5573.84363 15.560 0.005
5574.85973 15.759 0.006
5575.84248 15.430 0.005
5576.84461 15.676 0.005
5577.84130 15.669 0.006
5578.80138 15.564 0.005
5579.83521 15.757 0.006
5580.78200 15.426 0.005
5581.78404 15.671 0.005
5582.81351 15.651 0.005
5583.76532 15.556 0.005
5584.78053 15.761 0.005
5585.75311 15.425 0.005
5589.75414 15.759 0.005
5590.71733 15.425 0.005
5594.73302 15.756 0.006
5595.75460 15.448 0.005
5596.78493 15.680 0.005
5597.75412 15.623 0.005
5598.76366 15.585 0.005
5599.74380 15.773 0.005
5600.78087 15.457 0.005
5601.77540 15.688 0.005
5602.76211 15.577 0.005
5604.76655 15.778 0.005
5605.76991 15.464 0.005
5606.74903 15.681 0.005
5608.74868 15.588 0.006
5608.75137 15.585 0.006
5611.69800 15.697 0.006
5614.70173 15.779 0.005
5616.71872 15.689 0.005
5623.66887 15.598 0.005
5624.66872 15.783 0.005
5626.62609 15.692 0.006
5629.64613 15.775 0.005
5631.60481 15.691 0.006
5633.65467 15.606 0.005
5635.64555 15.491 0.006
5639.63015 15.777 0.006
5641.61798 15.705 0.005
5643.58155 15.609 0.005
5645.59039 15.492 0.005
5647.61394 15.444 0.005
5649.59615 15.787 0.006
5652.60114 15.434 0.005
5654.60162 15.788 0.006
5656.58862 15.713 0.005
5657.58950 15.427 0.005
5660.58852 15.509 0.005
5666.56935 15.723 0.006
5668.55415 15.629 0.005
5669.55383 15.790 0.006
5671.56730 15.726 0.006
5674.57320 15.775 0.006
5675.56512 15.528 0.005
5677.56480 15.409 0.005
5678.54555 15.640 0.005
5681.54138 15.727 0.005
5684.53472 15.762 0.006
5686.53772 15.732 0.005
5687.52378 15.400 0.005
5691.50300 15.733 0.006
5694.52119 15.747 0.006
5696.50938 15.734 0.006
5698.51591 15.666 0.006
5699.51574 15.746 0.007
5702.49574 15.407 0.005
5709.47768 15.716 0.005
5787.91832 15.656 0.005
5802.92828 15.678 0.008
5804.90701 15.558 0.005
5810.90414 15.764 0.005
5813.87614 15.689 0.005
5817.90171 15.681 0.005
5820.88386 15.770 0.005
5823.87617 15.626 0.005
5825.87810 15.775 0.005
5827.90303 15.697 0.005
5830.88890 15.769 0.005
5832.87002 15.696 0.005
5834.87057 15.603 0.005
5835.90027 15.788 0.006
5837.81704 15.680 0.005
5839.88249 15.603 0.005
5842.86590 15.705 0.006
5846.85727 15.498 0.006
5851.87779 15.497 0.005
5858.86456 15.420 0.005
5859.85058 15.631 0.005
5860.83374 15.787 0.005
5863.85241 15.410 0.005
5864.79998 15.623 0.005
5865.86558 15.785 0.005
5866.86338 15.517 0.005
5868.82016 15.408 0.005
5870.77705 15.787 0.005
5871.76730 15.496 0.005
5873.81289 15.402 0.005
5874.85130 15.644 0.005
5875.84323 15.770 0.005
5879.81724 15.636 0.005
5881.83978 15.542 0.005
5882.86216 15.742 0.005
5885.81878 15.761 0.005
5887.85950 15.742 0.005
5889.73118 15.647 0.005
5891.75783 15.526 0.005
5893.79638 15.407 0.005
5895.83390 15.713 0.005
5897.81958 15.756 0.005
5898.84104 15.427 0.005
5899.83769 15.663 0.005
5900.75500 15.749 0.005
5901.72545 15.540 0.005
5902.83845 15.757 0.005
5903.85568 15.439 0.005
5904.84136 15.674 0.005
5905.84650 15.656 0.005
5906.83963 15.582 0.005
5907.84343 15.770 0.005
5908.83804 15.445 0.005
5909.84611 15.692 0.005
5910.84933 15.620 0.005
5911.77973 15.563 0.005
5912.81634 15.757 0.005
5913.80461 15.448 0.005
5914.81166 15.678 0.005
5915.82043 15.620 0.005
5916.82431 15.583 0.005
5917.81762 15.769 0.005
5921.82625 15.597 0.005
5922.83889 15.783 0.005
5923.81963 15.473 0.005
5924.83404 15.694 0.005
5925.85547 15.508 0.005
5926.84279 15.593 0.005
5927.83372 15.775 0.005
5929.80841 15.692 0.005
5930.87228 15.429 0.006
5932.82859 15.786 0.005
5933.85481 15.487 0.005
5934.85870 15.710 0.006
5937.80395 15.786 0.005
5938.82112 15.487 0.005
5939.82433 15.713 0.005
5940.84065 15.435 0.005
5941.82522 15.620 0.005
5943.82465 15.507 0.005
5944.81521 15.712 0.005
5945.81517 15.437 0.005
5947.80230 15.794 0.005
5948.79226 15.486 0.005
5949.80676 15.723 0.005
5950.68094 15.544 0.005
5951.70759 15.613 0.005
5952.76908 15.788 0.005
5953.72874 15.490 0.005
5954.78045 15.721 0.005
5955.79737 15.407 0.005
5956.79654 15.634 0.005
5958.78420 15.517 0.005
5959.76923 15.720 0.005
5960.74069 15.420 0.005
5961.74307 15.629 0.005
5962.74429 15.781 0.005
5963.64009 15.489 0.005
5965.60056 15.513 0.005
5967.67474 15.777 0.006
5968.69476 15.511 0.005
5969.74836 15.728 0.005
5970.71507 15.408 0.005
5971.76307 15.633 0.005
5972.75737 15.769 0.005
5973.72511 15.517 0.005
5974.74598 15.730 0.005
5976.74533 15.650 0.005
5977.72690 15.762 0.005
5978.73683 15.530 0.005
5979.58879 15.729 0.005
5981.71205 15.655 0.005
5982.73815 15.763 0.005
5983.74328 15.540 0.005
5984.71260 15.742 0.005
5985.59821 15.415 0.005
5986.72680 15.649 0.005
5987.71935 15.749 0.006
5988.71012 15.550 0.005
5990.67806 15.403 0.005
5991.70974 15.669 0.005
5992.70815 15.740 0.006
5993.68833 15.552 0.005
5994.69820 15.748 0.005
5995.70232 15.413 0.005
5996.67889 15.659 0.005
5997.68369 15.730 0.005
5998.69253 15.552 0.005
5999.68361 15.749 0.005
6000.67142 15.418 0.005
6001.65371 15.658 0.005
6002.67395 15.729 0.005
6003.58834 15.544 0.005
6004.66621 15.753 0.005
6005.65455 15.419 0.005
6006.60015 15.657 0.005
6007.64017 15.725 0.005
6009.66054 15.745 0.005
6010.62921 15.416 0.005
6011.62842 15.669 0.005
6012.63675 15.710 0.005
6013.61066 15.551 0.005
6014.58815 15.752 0.005
6015.59110 15.416 0.005
6016.64372 15.683 0.005
6017.60368 15.714 0.005
6019.63552 15.761 0.005
6020.63080 15.435 0.005
6021.63349 15.680 0.005
6022.63017 15.659 0.005
6023.61777 15.573 0.005
6024.62500 15.777 0.006
6025.60957 15.441 0.005
6026.61685 15.677 0.005
6028.52741 15.564 0.005
6033.59041 15.569 0.005
6035.58072 15.459 0.005
6036.55741 15.680 0.005
6037.57474 15.633 0.006
6038.56374 15.581 0.006
6039.58535 15.782 0.005
6040.55547 15.443 0.005
6042.55369 15.619 0.005
6042.56959 15.615 0.006
6047.54508 15.580 0.005
6048.54831 15.601 0.005
6049.53747 15.778 0.005
6052.53074 15.572 0.005
6055.52459 15.470 0.005
6058.51060 15.595 0.005
6062.49155 15.546 0.005
6067.49757 15.518 0.005
6070.49473 15.492 0.005
6080.47776 15.512 0.005
6085.46289 15.516 0.005
6158.89128 15.788 0.005
6172.90739 15.617 0.005
6185.91264 15.729 0.005
6196.84541 15.402 0.005
6200.86273 15.737 0.006
6203.86883 15.767 0.005
6208.88013 15.749 0.006
6216.86728 15.416 0.005
6220.79813 15.736 0.005
6223.80673 15.739 0.005
6225.82795 15.750 0.005
6225.84324 15.762 0.005
6225.85899 15.753 0.005
6230.76758 15.748 0.006
6234.85387 15.581 0.005
6239.82647 15.582 0.005
6243.85239 15.588 0.005
6245.81514 15.774 0.005
6249.77084 15.581 0.005
6252.77507 15.679 0.005
6255.77776 15.784 0.005
6258.75876 15.585 0.005
6264.81383 15.616 0.005
6268.81374 15.454 0.005
6273.82993 15.436 0.005
6277.80738 15.714 0.005
6281.82526 15.504 0.005
6286.75947 15.503 0.005
6290.76531 15.782 0.005
6294.83658 15.669 0.005
6298.79918 15.415 0.005
6304.79735 15.655 0.005
6309.76826 15.659 0.005
6317.71943 15.739 0.005
6323.70960 15.416 0.005
6340.65457 15.700 0.005
6344.59277 15.670 0.005
6348.63451 15.441 0.005
6356.59189 15.573 0.005
6362.54565 15.769 0.005
6370.59553 15.565 0.005
6376.57817 15.604 0.005
6386.54243 15.608 0.005
6395.50534 15.482 0.005
6403.48413 15.501 0.005
6516.90825 15.782 0.005
6522.87233 15.526 0.005
6537.90535 15.562 0.005
6552.86741 15.557 0.005
6568.89705 15.784 0.005
6572.81749 15.579 0.005
6582.84131 15.605 0.005
6586.79806 15.544 0.005
6593.82636 15.781 0.006
6604.87111 15.533 0.005
6609.76762 15.504 0.005
6614.77731 15.512 0.005
6618.83085 15.772 0.005
6627.83144 15.664 0.005
6633.81073 15.735 0.005
6640.81069 15.750 0.005
6646.81162 15.448 0.005
6649.78715 15.577 0.005
6650.86135 15.776 0.006
6654.79992 15.586 0.005
6659.73162 15.570 0.005
6662.81305 15.685 0.005
6669.81848 15.627 0.005
6674.80173 15.608 0.005
6679.79860 15.614 0.005
6682.70844 15.711 0.005
6688.73787 15.466 0.005
6695.71605 15.792 0.005
6700.68353 15.786 0.005
6703.65011 15.468 0.005
6708.64307 15.448 0.005
6708.72032 15.415 0.005
6709.63743 15.623 0.005
6710.64680 15.802 0.005
6711.63375 15.507 0.005
6711.70911 15.528 0.005
6712.58433 15.711 0.005
6713.61011 15.461 0.005
6714.61717 15.637 0.005
6714.66740 15.637 0.005
6715.56665 15.783 0.005
6716.61919 15.513 0.005
6717.62936 15.723 0.005
6718.67464 15.406 0.005
6719.65568 15.643 0.005
6721.63798 15.516 0.005
6722.62672 15.722 0.005
6722.64728 15.732 0.005
6723.65038 15.407 0.005
6724.66009 15.644 0.005
6725.66937 15.789 0.005
6726.63175 15.531 0.005
6727.64064 15.739 0.005
6728.66232 15.405 0.005
6729.65576 15.666 0.005
6730.64985 15.791 0.006
6731.67352 15.563 0.005
6732.65466 15.758 0.006
6733.65289 15.413 0.005
6734.62881 15.662 0.005
6735.63957 15.761 0.005
6736.59724 15.539 0.005
6737.60773 15.746 0.005
6739.60361 15.649 0.005
6739.63315 15.658 0.005
6741.55852 15.532 0.005
6848.93717 15.654 0.006
6851.92717 15.743 0.006
6855.93235 15.541 0.005
6857.93442 15.403 0.005
6862.93582 15.418 0.005
6864.92825 15.705 0.005
6866.92787 15.752 0.005
6872.90921 15.431 0.005
6880.91107 15.579 0.006
6883.91272 15.676 0.005
6886.91240 15.769 0.005
6888.91495 15.694 0.005
6894.92077 15.522 0.006
6904.87952 15.503 0.005
6909.86640 15.495 0.005
6919.84934 15.442 0.005
6925.84209 15.614 0.005
6929.89044 15.391 0.005
6937.81628 15.511 0.005
6941.83652 15.765 0.006
6953.76745 15.722 0.005
6958.85689 15.752 0.005
6965.77510 15.658 0.005
6970.81634 15.664 0.005
6977.71620 15.548 0.005
6985.84616 15.692 0.005
6990.77681 15.692 0.006
6995.83626 15.698 0.005
7000.83295 15.709 0.005
7005.85712 15.711 0.006
7009.81786 15.495 0.005
7012.84793 15.626 0.005
7016.81043 15.399 0.005
7020.80827 15.713 0.005
7024.78167 15.513 0.005
7029.75159 15.511 0.005
7032.80842 15.638 0.005
7034.79726 15.531 0.005
7035.67094 15.705 0.005
7036.72014 15.398 0.005
7037.66615 15.614 0.005
7038.65908 15.784 0.005
7038.78680 15.758 0.005
7039.65948 15.493 0.005
7040.71719 15.720 0.005
7040.78151 15.740 0.005
7041.71803 15.389 0.005
7042.70304 15.638 0.005
7043.70185 15.772 0.005
7044.70708 15.518 0.005
7044.76811 15.538 0.005
7045.70499 15.729 0.005
7046.71218 15.387 0.005
7047.72762 15.638 0.005
7048.74016 15.752 0.005
7049.70104 15.525 0.005
7050.70539 15.730 0.005
7051.75564 15.412 0.005
7052.72517 15.646 0.005
7053.68997 15.757 0.006
7054.55501 15.489 0.005
7054.72279 15.527 0.005
7054.77069 15.546 0.006
7055.55136 15.696 0.005
7055.61803 15.715 0.005
7055.68286 15.732 0.005
7055.74752 15.728 0.005
7056.55636 15.401 0.005
7056.63422 15.388 0.005
7056.69539 15.391 0.005
7056.72179 15.400 0.005
7056.75594 15.407 0.005
7057.55620 15.631 0.005
7057.60356 15.633 0.005
7057.68289 15.648 0.005
7057.75296 15.670 0.006
7058.55256 15.789 0.006
7058.69554 15.737 0.006
7058.76044 15.701 0.006
7059.58626 15.514 0.005
7059.66428 15.533 0.005
7059.75860 15.555 0.005
7060.58065 15.716 0.005
7060.66858 15.725 0.005
7060.73936 15.751 0.005
7061.56587 15.415 0.005
7061.69693 15.410 0.005
7061.72906 15.415 0.005
7062.54916 15.626 0.005
7062.68837 15.653 0.005
7062.73963 15.666 0.005
7063.64659 15.752 0.005
7063.70122 15.721 0.005
7063.72577 15.703 0.005
7064.55532 15.525 0.005
7064.67098 15.550 0.005
7064.74578 15.561 0.005
7065.53799 15.723 0.005
7065.65978 15.747 0.005
7065.73404 15.747 0.005
7066.57894 15.396 0.005
7066.65169 15.406 0.005
7066.73575 15.427 0.005
7067.54446 15.628 0.005
7067.59320 15.651 0.005
7067.67340 15.663 0.005
7067.73295 15.677 0.005
7068.54423 15.784 0.005
7068.70656 15.691 0.005
7069.54468 15.515 0.005
7069.71531 15.555 0.005
7069.72196 15.552 0.005
7069.72656 15.565 0.005
7070.53739 15.720 0.005
7070.71473 15.755 0.005
7071.58686 15.404 0.005
7071.72089 15.439 0.005
7072.55999 15.644 0.005
7072.71686 15.665 0.005
7074.65429 15.555 0.005
7075.64732 15.750 0.005
7076.65169 15.426 0.005
7076.67945 15.431 0.005
7077.63106 15.666 0.005
7080.57123 15.741 0.005
7080.65319 15.763 0.006
7082.66780 15.672 0.005
7083.58098 15.713 0.005
7085.67453 15.763 0.005
7088.63895 15.633 0.005
7091.64081 15.446 0.005
7097.60645 15.681 0.005
7102.61569 15.695 0.005
7111.60951 15.468 0.005
7113.58142 15.537 0.005
7115.60022 15.788 0.006
7118.58499 15.500 0.005
7124.54991 15.599 0.005
7126.54935 15.484 0.005
7130.55945 15.789 0.005
7132.52185 15.709 0.006
7134.52425 15.612 0.005
7139.53780 15.619 0.005
7142.51585 15.711 0.005
7278.90640 15.675 0.005
7282.90849 15.433 0.006
7286.88144 15.753 0.006
7292.87915 15.446 0.005
7295.85037 15.576 0.005
7302.85982 15.451 0.005
7308.84309 15.691 0.005
7318.78629 15.694 0.005
7325.78305 15.596 0.005
7338.77852 15.713 0.005
7342.74824 15.492 0.005
7348.72071 15.705 0.005
7355.79551 15.643 0.005
7366.78204 15.761 0.005
7373.76226 15.749 0.005
7376.85261 15.671 0.005
7381.73867 15.735 0.005
7384.70573 15.405 0.005
7387.76930 15.559 0.005
7390.77261 15.679 0.005
7398.75183 15.760 0.005
7402.78718 15.588 0.005
7405.76057 15.689 0.005
7409.72944 15.452 0.005
7413.72322 15.780 0.006
7415.74296 15.709 0.005
7424.71140 15.476 0.005
7428.68688 15.792 0.005
7433.68273 15.797 0.005
7437.67690 15.616 0.005
7441.66232 15.453 0.005
7445.64109 15.704 0.005
7450.64397 15.720 0.005
7456.63515 15.409 0.005
7463.62290 15.777 0.005
7470.56263 15.716 0.005
7474.58566 15.520 0.005
7481.54101 15.401 0.005
7492.49411 15.656 0.005
