5260.62283 16.184 0.007
5261.53765 15.952 0.006
5262.60438 16.002 0.006
5264.56808 16.147 0.006
5265.50185 16.035 0.007
5266.56678 15.786 0.006
5267.54814 16.136 0.007
5268.62268 16.032 0.007
5269.53209 16.117 0.007
5271.54088 16.169 0.006
5272.55805 16.090 0.007
5273.53003 16.107 0.006
5274.56115 15.997 0.006
5276.54022 16.154 0.006
5279.52840 15.792 0.006
5281.50381 16.056 0.006
5282.52253 16.057 0.006
5283.53862 15.950 0.007
5284.54198 15.902 0.006
5285.54355 16.147 0.008
5287.53271 16.065 0.007
5289.51309 16.193 0.007
5292.55376 15.961 0.006
5294.53657 16.118 0.007
5297.50475 15.931 0.006
5299.50222 15.953 0.006
5304.49640 15.788 0.006
5307.49182 16.125 0.007
5310.47343 16.088 0.008
5312.50576 16.013 0.007
5315.48124 16.054 0.007
5323.46704 16.158 0.007
5325.46072 16.053 0.008
5327.46062 16.195 0.007
5335.45529 15.876 0.007
5342.46817 15.831 0.007
5343.47920 16.117 0.008
5429.93083 15.948 0.006
5430.88264 16.186 0.007
5439.89204 16.190 0.007
5444.87413 16.150 0.006
5449.87882 16.047 0.006
5451.88786 16.132 0.007
5454.87356 15.851 0.005
5456.89927 16.094 0.006
5457.88160 16.096 0.006
5461.89388 16.035 0.006
5463.85892 15.758 0.005
5467.83288 15.913 0.006
5468.80686 16.191 0.007
5470.77930 15.939 0.006
5471.82954 16.057 0.006
5476.78523 15.961 0.005
5478.77397 16.064 0.006
5480.78765 16.096 0.006
5482.76387 16.136 0.007
5483.76183 15.896 0.006
5484.87131 16.059 0.006
5486.77033 16.150 0.006
5487.84929 16.040 0.006
5488.84322 15.761 0.005
5490.70946 16.067 0.006
5491.72976 16.097 0.006
5492.76327 15.806 0.006
5493.78562 16.219 0.007
5494.83032 16.076 0.006
5495.78745 16.109 0.006
5496.78527 15.967 0.007
5497.81546 15.717 0.006
5499.72245 16.027 0.006
5502.79260 16.189 0.006
5503.74784 16.043 0.006
5505.71751 15.893 0.006
5506.73498 16.208 0.006
5507.75311 16.121 0.006
5509.66150 16.030 0.006
5510.71744 15.809 0.005
5511.69359 16.178 0.006
5512.73667 15.992 0.006
5513.70691 16.081 0.006
5514.73947 15.930 0.005
5515.65673 16.180 0.007
5516.74230 16.077 0.006
5517.65541 15.843 0.006
5517.85633 15.916 0.006
5518.75181 16.079 0.007
5519.67534 16.064 0.007
5521.69506 15.911 0.006
5522.72020 16.120 0.007
5523.68491 16.031 0.006
5524.69335 16.154 0.006
5525.72643 16.000 0.005
5526.67848 15.783 0.005
5527.75919 16.112 0.006
5528.70023 16.078 0.006
5529.68054 16.090 0.006
5530.68775 15.810 0.005
5531.77095 16.182 0.006
5532.67905 16.063 0.006
5533.70239 16.107 0.006
5534.73395 15.970 0.006
5535.71073 15.877 0.005
5536.71340 16.140 0.006
5539.72367 15.742 0.005
5540.80777 16.222 0.006
5541.67396 16.035 0.006
5542.73237 16.077 0.006
5543.76387 15.936 0.006
5544.75140 16.094 0.006
5545.74069 16.144 0.006
5546.69033 15.983 0.006
5547.75011 16.040 0.006
5548.71009 15.713 0.005
5549.67462 16.176 0.007
5550.73004 16.025 0.006
5551.68058 16.071 0.006
5553.73359 16.209 0.007
5554.66696 16.070 0.006
5556.68156 16.062 0.006
5557.66272 16.028 0.006
5558.66363 16.144 0.006
5559.65381 15.914 0.006
5560.64548 16.118 0.006
5561.67906 16.009 0.006
5562.69861 16.177 0.006
5563.63261 16.015 0.006
5565.66386 16.105 0.007
5566.69117 16.074 0.006
5568.71147 15.881 0.006
5569.70603 16.181 0.006
5570.74476 16.067 0.006
5571.67661 16.126 0.006
5572.79245 16.045 0.006
5575.69808 16.059 0.006
5576.67229 16.066 0.006
5577.67384 15.750 0.005
5578.68062 16.204 0.006
5579.73099 16.082 0.007
5580.67467 16.093 0.006
5581.67713 15.914 0.006
5582.68493 16.105 0.006
5583.69171 16.146 0.006
5584.67774 15.999 0.006
5585.67759 16.037 0.006
5586.64135 15.683 0.005
5587.62348 16.201 0.006
5588.72743 16.051 0.005
5589.63348 16.065 0.006
5591.67086 16.214 0.006
5592.65309 16.093 0.006
5593.63605 15.907 0.006
5594.65225 16.051 0.006
5595.63088 15.974 0.005
5596.69409 16.177 0.006
5597.61151 15.936 0.006
5598.67566 16.080 0.006
5599.64149 15.978 0.006
5600.67421 16.191 0.006
5601.65383 16.044 0.005
5602.65254 15.827 0.005
5603.66130 16.098 0.006
5604.65844 16.077 0.006
5605.66355 16.128 0.006
5606.67489 15.897 0.005
5607.68634 16.138 0.006
5608.67319 16.073 0.007
5609.70491 16.158 0.006
5611.63549 15.798 0.006
5612.68800 16.129 0.007
5613.64951 16.066 0.006
5614.64316 16.089 0.006
5615.63694 15.774 0.005
5616.64569 16.203 0.006
5619.63619 15.931 0.005
5620.57873 16.208 0.007
5622.63086 16.029 0.006
5623.59376 16.008 0.006
5624.53485 15.717 0.005
5625.62650 16.192 0.006
5626.58761 16.008 0.006
5627.55233 16.070 0.006
5629.59258 16.223 0.006
5630.60400 16.100 0.006
5632.55211 16.042 0.006
5633.60112 15.879 0.006
5634.56152 16.161 0.006
5635.56583 15.951 0.006
5638.57048 16.203 0.008
5639.58072 16.045 0.007
5640.51971 15.855 0.006
5641.54735 16.087 0.006
5642.49564 16.105 0.006
5643.49339 16.103 0.007
5644.49614 15.815 0.005
5645.49486 16.188 0.007
5646.50790 16.062 0.007
5647.50985 16.129 0.006
5648.50971 15.942 0.006
5649.52528 15.954 0.006
5650.50570 16.134 0.006
5651.51166 16.073 0.005
5652.50659 16.052 0.006
5653.53668 15.744 0.005
5654.54522 16.181 0.006
5655.53640 16.056 0.006
5656.54528 16.104 0.006
5657.50523 15.888 0.006
5659.50450 16.119 0.006
5660.54993 16.030 0.006
5664.48412 16.005 0.007
5665.49935 16.074 0.007
5666.49616 15.847 0.006
5667.47836 16.212 0.007
5668.48388 16.069 0.007
5669.47792 15.949 0.006
5670.52940 16.011 0.006
5671.47975 16.012 0.007
5672.47424 16.148 0.007
5674.48274 16.099 0.006
5675.47561 15.956 0.006
5676.53053 16.202 0.005
5677.47234 16.015 0.006
5678.50654 15.882 0.005
5679.47420 16.076 0.006
5680.52229 16.092 0.007
5681.48530 16.112 0.007
5682.48640 15.865 0.006
5683.49091 16.165 0.007
5684.49500 16.040 0.006
5685.46756 16.137 0.007
5686.46846 15.967 0.006
5687.46919 15.943 0.006
5691.46213 15.736 0.006
5692.50941 16.191 0.008
5694.47523 16.099 0.007
5695.46270 15.909 0.006
5696.47160 16.168 0.008
5697.46150 16.109 0.007
5698.46068 16.058 0.008
5699.47105 16.028 0.008
5700.46263 15.603 0.006
5702.45952 16.028 0.007
5706.45782 16.098 0.008
5709.44632 15.933 0.008
5783.93612 16.012 0.006
5795.92561 16.019 0.006
5803.87090 15.839 0.005
5805.83539 16.101 0.006
5806.88638 15.991 0.006
5809.84764 16.168 0.006
5810.85073 15.975 0.006
5812.84353 15.865 0.005
5814.86036 16.043 0.006
5815.87198 15.923 0.006
5816.84608 16.050 0.006
5817.84669 16.115 0.006
5818.87580 16.146 0.006
5819.82975 15.879 0.005
5820.89720 16.112 0.006
5822.81742 16.160 0.006
5823.89229 16.010 0.006
5824.81424 15.964 0.006
5825.80248 16.098 0.005
5826.85097 16.114 0.006
5827.84495 16.085 0.006
5828.87116 15.809 0.005
5829.84458 16.180 0.005
5830.83612 16.061 0.005
5831.82778 16.114 0.005
5832.81722 15.910 0.005
5833.80153 16.187 0.006
5834.80248 16.123 0.005
5835.86238 16.076 0.006
5836.76593 15.999 0.005
5837.84772 15.673 0.005
5839.82985 16.051 0.006
5840.81283 16.084 0.005
5841.80982 15.841 0.005
5842.82800 16.236 0.007
5843.84348 16.110 0.006
5846.81895 15.774 0.006
5850.78276 15.844 0.005
5851.79184 16.215 0.006
5852.77555 16.034 0.006
5853.84531 15.943 0.006
5854.74993 16.038 0.006
5855.82033 16.079 0.005
5856.79189 16.131 0.007
5857.77621 15.894 0.006
5858.82612 16.105 0.007
5859.79464 15.981 0.005
5860.77969 16.177 0.006
5861.78869 15.994 0.006
5863.79060 16.085 0.006
5864.69920 16.119 0.005
5865.76875 16.080 0.006
5866.79287 15.804 0.005
5867.73177 16.171 0.006
5868.83325 16.051 0.005
5869.79873 16.136 0.006
5870.73854 15.901 0.005
5871.72461 16.199 0.006
5872.73398 16.107 0.006
5873.72920 16.071 0.006
5874.76277 16.031 0.007
5875.69869 15.631 0.005
5878.73613 16.085 0.007
5879.68371 15.802 0.006
5880.73517 16.230 0.006
5880.78618 16.252 0.006
5881.72175 16.087 0.006
5882.75253 16.026 0.006
5883.75651 15.987 0.006
5885.68740 16.167 0.007
5886.72385 15.979 0.006
5887.79619 16.079 0.005
5888.78485 15.822 0.005
5889.82706 16.239 0.006
5890.76059 16.056 0.005
5891.71922 15.971 0.006
5892.73700 16.001 0.006
5893.75510 16.097 0.006
5894.77856 16.167 0.006
5895.79566 15.942 0.006
5896.77869 16.092 0.006
5897.72552 15.957 0.005
5898.70770 16.178 0.006
5899.76687 16.012 0.006
5900.71651 15.968 0.005
5901.76580 16.067 0.006
5902.71704 16.129 0.006
5903.77222 16.100 0.006
5904.74682 15.826 0.005
5905.72090 16.157 0.006
5906.73278 16.052 0.006
5907.70914 16.114 0.006
5908.73557 15.941 0.006
5909.78067 15.973 0.006
5910.69343 16.113 0.006
5911.72529 16.094 0.006
5912.74577 16.055 0.005
5913.71770 15.685 0.005
5914.74034 16.192 0.006
5915.69736 16.033 0.005
5916.75124 16.098 0.005
5917.71488 15.849 0.005
5922.73190 15.656 0.005
5923.70816 16.173 0.005
5924.68946 15.980 0.005
5925.70348 16.064 0.006
5926.71528 15.808 0.005
5927.71428 16.213 0.006
5929.68844 15.984 0.005
5930.83361 16.003 0.005
5931.65403 16.142 0.006
5932.65143 16.131 0.006
5933.70262 15.926 0.006
5934.69868 16.097 0.006
5935.64970 15.932 0.006
5936.64376 16.170 0.006
5937.67355 15.991 0.005
5938.67429 15.956 0.005
5939.71808 16.034 0.006
5940.75403 16.125 0.006
5941.75396 16.116 0.006
5942.77831 15.891 0.005
5943.73582 16.146 0.006
5944.72902 16.020 0.005
5945.70937 16.149 0.005
5946.64920 15.921 0.005
5946.76555 15.988 0.006
5947.71568 15.986 0.006
5948.70498 16.100 0.006
5949.72114 16.117 0.006
5950.64215 16.030 0.005
5951.66750 15.702 0.005
5952.69211 16.184 0.006
5953.69005 16.074 0.006
5954.68762 16.105 0.005
5955.71020 15.901 0.005
5956.71028 16.189 0.006
5958.72745 16.067 0.005
5959.69944 16.007 0.005
5960.69986 15.633 0.005
5961.63323 16.174 0.006
5962.63414 16.000 0.006
5963.60082 16.069 0.006
5964.61283 15.768 0.006
5965.61178 16.200 0.006
5967.63391 16.022 0.006
5968.63401 15.965 0.006
5969.61002 16.140 0.006
5970.58751 16.128 0.005
5971.68041 15.941 0.005
5972.66681 16.088 0.005
5973.64986 15.868 0.005
5974.60491 16.193 0.006
5976.63906 15.979 0.006
5977.67262 16.030 0.006
5978.64849 16.151 0.005
5979.59923 16.093 0.006
5980.61489 15.847 0.005
5981.63838 16.140 0.006
5982.64424 16.027 0.006
5983.68694 16.182 0.005
5984.62595 15.942 0.005
5985.65829 16.000 0.006
5986.58805 16.091 0.005
5987.66353 16.127 0.006
5988.62949 16.049 0.006
5989.59399 15.694 0.005
5990.58748 16.173 0.007
5991.66251 16.060 0.006
5992.62275 16.106 0.006
5993.57965 15.839 0.005
5994.57831 16.233 0.006
5995.62602 16.119 0.006
5996.59612 16.063 0.007
5997.59826 15.982 0.006
5998.59662 15.679 0.005
5998.65703 15.639 0.005
5999.63534 16.162 0.006
6000.61274 16.018 0.005
6002.57645 15.772 0.005
6003.54256 16.207 0.007
6004.58135 16.067 0.006
6005.56883 16.012 0.006
6006.56908 15.955 0.005
6007.56832 16.115 0.005
6008.57615 16.148 0.006
6009.54394 15.942 0.006
6010.59599 16.081 0.006
6011.55828 15.847 0.005
6012.55737 16.198 0.006
6013.53911 16.006 0.006
6014.55807 16.007 0.006
6015.55318 16.017 0.006
6016.59405 16.161 0.006
6017.55724 16.090 0.006
6018.51263 15.821 0.005
6019.55848 16.123 0.006
6020.58285 16.007 0.006
6021.57092 16.146 0.006
6022.58193 15.961 0.006
6023.55648 16.055 0.006
6024.57931 16.072 0.006
6025.57933 16.143 0.006
6026.52563 16.029 0.006
6028.56239 16.160 0.006
6032.50029 16.250 0.008
6033.48786 16.100 0.007
6034.49347 16.086 0.006
6035.51884 15.982 0.006
6036.49567 15.791 0.005
6037.49538 16.138 0.007
6038.48712 16.028 0.007
6039.49378 16.071 0.007
6040.49607 15.746 0.006
6042.49371 16.064 0.006
6047.47077 15.941 0.006
6048.46949 16.061 0.006
6049.49280 15.822 0.005
6050.46839 16.199 0.007
6052.48405 16.020 0.006
6053.48068 15.997 0.006
6055.48973 16.103 0.006
6056.47671 15.846 0.006
6057.47259 16.110 0.006
6058.46407 16.035 0.006
6059.47391 16.151 0.006
6060.47668 15.938 0.006
6061.46780 16.089 0.007
6062.46185 16.074 0.007
6064.46367 16.035 0.006
6070.46505 16.212 0.007
6123.91118 16.082 0.006
6137.90908 16.030 0.006
6149.93268 16.204 0.007
6165.90889 16.144 0.006
6171.87468 16.106 0.006
6173.92422 15.657 0.006
6179.90066 16.091 0.007
6180.85320 16.069 0.006
6181.86741 15.935 0.005
6182.87197 16.040 0.005
6183.87365 16.141 0.005
6184.90021 15.982 0.005
6185.84989 16.053 0.005
6186.85142 15.735 0.005
6191.87694 16.186 0.005
6193.86424 15.921 0.005
6194.88121 16.073 0.005
6196.86874 16.164 0.005
6199.81771 16.040 0.006
6202.82516 15.781 0.006
6204.86027 16.043 0.005
6207.87101 16.137 0.006
6210.86972 16.021 0.006
6212.82249 16.157 0.006
6214.87366 16.099 0.007
6216.82034 16.221 0.006
6219.80531 15.919 0.006
6221.81860 16.148 0.007
6222.81951 16.000 0.006
6223.77656 16.052 0.006
6224.84116 15.725 0.005
6225.72416 16.194 0.007
6226.73652 15.981 0.006
6229.78111 16.206 0.006
6230.72291 16.076 0.007
6231.74772 15.895 0.006
6232.81368 16.072 0.006
6233.82024 15.882 0.005
6234.82408 16.184 0.006
6235.77147 15.950 0.005
6236.78906 16.061 0.005
6237.86506 15.985 0.005
6238.82276 16.199 0.006
6239.79678 16.056 0.005
6240.84004 15.837 0.005
6241.79371 16.123 0.006
6242.83665 16.022 0.005
6244.73846 15.852 0.005
6245.76231 16.187 0.005
6248.77899 16.001 0.005
6251.76962 16.065 0.005
6254.77948 16.227 0.006
6257.80676 15.957 0.006
6262.73160 15.697 0.005
6265.80318 16.048 0.005
6270.81955 16.051 0.005
6274.81118 16.026 0.005
6278.75824 15.846 0.005
6282.78111 15.924 0.005
6286.71436 16.006 0.005
6289.78368 16.059 0.006
6294.80373 16.098 0.006
6299.76213 16.060 0.006
6306.70435 16.129 0.005
6312.67668 16.063 0.005
6317.68782 16.101 0.006
6323.66106 16.158 0.005
6329.62029 15.778 0.005
6333.61068 15.920 0.005
6334.62910 16.045 0.005
6335.60806 16.121 0.006
6336.57534 16.033 0.006
6340.62332 16.025 0.005
6343.56713 16.227 0.006
6347.59345 15.857 0.005
6349.59690 15.986 0.006
6356.61092 16.057 0.006
6363.52767 15.899 0.005
6371.55274 15.912 0.005
6378.53609 16.012 0.006
6387.52625 15.970 0.005
6396.53221 15.898 0.005
6404.51743 16.074 0.006
6416.49351 16.025 0.006
6508.93297 15.944 0.006
6520.88557 16.001 0.005
6531.89665 16.036 0.005
6547.86208 15.998 0.006
6561.83007 16.182 0.006
6571.83681 15.930 0.005
6577.87734 16.066 0.005
6583.78350 16.133 0.006
6608.82370 16.165 0.005
6612.75987 16.177 0.006
6616.72173 16.151 0.006
6622.77570 15.968 0.005
6628.80184 16.183 0.005
6638.72866 16.008 0.005
6645.72659 15.976 0.005
6649.73351 15.874 0.005
6654.75364 16.113 0.005
6658.76360 15.997 0.005
6662.73215 16.104 0.006
6667.79230 16.074 0.006
6672.76702 16.062 0.006
6680.76129 16.120 0.005
6690.64394 15.963 0.005
6697.70464 16.166 0.005
6705.66789 16.077 0.006
6712.63727 15.636 0.005
6720.67672 15.986 0.005
6736.60733 15.961 0.006
6871.91696 15.930 0.006
6887.91486 15.664 0.005
6896.88560 15.920 0.006
6907.86764 15.917 0.006
6926.79733 16.150 0.006
6932.80595 16.077 0.006
6938.79138 15.702 0.005
6942.78885 15.917 0.006
6950.83962 16.031 0.005
6956.84241 16.010 0.006
6961.83701 16.152 0.006
6967.70841 15.743 0.006
6973.71389 16.145 0.006
6980.75078 15.906 0.005
6987.78174 15.998 0.006
6992.75389 15.859 0.005
6997.75967 16.096 0.006
7002.70348 16.135 0.006
7007.71475 16.068 0.006
7013.66814 16.031 0.006
7016.77368 16.069 0.006
7020.76253 16.148 0.006
7024.75376 16.199 0.006
7028.70691 16.194 0.006
7033.76099 16.173 0.006
7037.73453 16.169 0.006
7042.73211 16.129 0.006
7046.73333 16.132 0.006
7051.71648 16.077 0.006
7051.72389 16.079 0.006
7056.66432 15.905 0.006
7062.65603 16.198 0.006
7069.65220 16.075 0.006
7074.66339 16.016 0.006
7080.57972 16.098 0.006
7083.60646 16.069 0.006
7086.61461 15.822 0.006
7091.59547 16.194 0.006
7103.56330 15.889 0.005
7112.57548 15.990 0.006
7115.57043 15.806 0.006
7119.53055 15.829 0.006
7126.51956 16.069 0.006
7131.52411 16.087 0.006
7134.49440 16.116 0.007
7137.52432 15.676 0.005
7143.48877 16.074 0.007
7274.92003 15.684 0.007
7287.89610 15.897 0.006
7292.81969 16.104 0.008
7294.79132 15.832 0.005
7297.79056 16.129 0.007
7304.86907 16.199 0.006
7312.78732 15.627 0.005
7319.75955 15.991 0.007
7322.73868 16.142 0.008
7327.84259 16.068 0.006
7339.75267 16.090 0.005
7345.71114 15.859 0.006
7354.78801 15.858 0.005
7361.81083 15.992 0.006
7366.68337 15.960 0.006
7373.83669 16.192 0.006
7377.80861 16.106 0.006
7382.70681 16.120 0.006
7385.72025 16.114 0.006
7390.74143 16.041 0.005
7399.74670 16.001 0.006
7404.73630 15.953 0.005
7408.70942 15.914 0.005
7410.71081 15.947 0.006
7412.58291 15.931 0.006
7413.67357 15.943 0.006
7414.76437 16.049 0.007
7415.66300 16.141 0.006
7416.68044 16.092 0.006
7424.62285 16.086 0.006
7425.66908 16.038 0.006
7426.66622 15.680 0.005
7427.64781 16.176 0.006
7428.65238 16.033 0.005
7429.66175 16.073 0.005
7431.61144 16.232 0.005
7432.62850 16.090 0.006
7434.60890 15.954 0.005
7435.64184 15.752 0.005
7437.61450 15.976 0.005
7439.64844 15.805 0.005
7441.60293 16.033 0.006
7443.61736 15.987 0.005
7443.62006 15.977 0.005
7445.60716 16.126 0.006
7447.63940 16.096 0.005
7449.62580 16.183 0.006
7453.60025 16.140 0.006
7457.61303 16.043 0.005
7462.61478 16.104 0.005
7466.56247 16.048 0.006
7472.56926 15.977 0.006
7476.52498 16.062 0.006
7488.47881 15.962 0.006
7499.50201 16.093 0.006
7507.47427 16.224 0.006
