5260.62701 16.474 0.007
5261.54182 16.452 0.008
5264.57225 16.511 0.007
5265.50605 16.523 0.008
5266.57097 16.595 0.008
5267.55231 16.572 0.008
5268.62687 16.592 0.008
5269.53622 16.565 0.008
5271.54501 16.621 0.008
5272.56217 16.620 0.008
5273.53414 16.608 0.008
5274.56531 16.640 0.008
5276.54436 16.623 0.008
5279.53250 16.647 0.008
5281.50793 16.618 0.008
5282.52663 16.618 0.008
5283.54274 16.576 0.009
5284.54607 16.531 0.008
5285.54764 16.550 0.009
5287.54090 16.534 0.008
5292.55783 16.418 0.007
5294.54062 16.481 0.008
5297.50879 16.450 0.008
5430.88672 16.578 0.008
5439.89617 16.632 0.008
5444.87827 16.595 0.008
5449.88299 16.431 0.007
5451.89205 16.508 0.008
5454.87776 16.420 0.007
5456.90346 16.488 0.007
5461.89809 16.525 0.007
5463.86313 16.564 0.008
5467.83712 16.625 0.008
5468.81111 16.606 0.008
5470.78354 16.612 0.007
5471.83381 16.644 0.007
5476.78950 16.624 0.007
5478.77825 16.626 0.007
5480.79194 16.601 0.007
5482.76816 16.628 0.008
5483.76614 16.625 0.008
5484.87562 16.483 0.007
5486.77466 16.520 0.008
5488.84753 16.457 0.006
5490.71378 16.486 0.008
5491.73409 16.495 0.007
5492.76762 16.443 0.007
5493.78992 16.418 0.007
5494.83464 16.487 0.008
5495.79181 16.510 0.007
5496.78961 16.507 0.008
5497.81980 16.507 0.008
5499.72681 16.533 0.007
5502.79695 16.576 0.007
5503.75221 16.590 0.007
5505.72187 16.562 0.008
5506.73935 16.609 0.007
5507.75747 16.626 0.007
5509.66587 16.590 0.007
5510.72180 16.624 0.007
5511.69798 16.647 0.008
5512.74104 16.616 0.007
5513.71132 16.603 0.007
5514.74387 16.623 0.007
5515.66114 16.634 0.008
5516.74668 16.597 0.007
5517.65979 16.612 0.008
5518.75620 16.637 0.009
5519.67972 16.609 0.009
5521.69947 16.534 0.008
5522.72460 16.548 0.008
5523.68930 16.561 0.008
5524.69775 16.469 0.007
5525.73082 16.398 0.006
5526.68287 16.477 0.007
5527.76361 16.477 0.007
5528.70463 16.426 0.007
5529.68497 16.405 0.007
5530.69217 16.467 0.007
5531.77536 16.521 0.007
5532.68346 16.458 0.007
5533.70681 16.468 0.007
5534.73836 16.544 0.007
5535.71514 16.547 0.007
5536.71782 16.541 0.007
5539.72807 16.598 0.007
5540.81220 16.615 0.007
5541.67839 16.565 0.008
5542.73678 16.632 0.007
5543.76830 16.653 0.008
5544.75581 16.632 0.007
5545.74507 16.613 0.007
5546.69475 16.642 0.008
5547.75453 16.657 0.008
5548.71451 16.629 0.008
5549.68063 16.611 0.008
5550.73447 16.631 0.008
5551.68497 16.624 0.008
5553.73804 16.563 0.008
5554.67135 16.627 0.008
5556.68597 16.532 0.007
5557.66711 16.527 0.007
5558.66803 16.575 0.007
5559.65821 16.565 0.008
5560.64989 16.477 0.007
5561.68346 16.411 0.007
5562.70303 16.469 0.007
5563.63700 16.484 0.007
5565.66829 16.419 0.007
5566.69557 16.473 0.007
5568.71587 16.494 0.008
5569.71042 16.493 0.007
5570.74916 16.557 0.007
5571.68099 16.559 0.007
5572.79742 16.592 0.007
5575.70246 16.606 0.008
5576.67668 16.581 0.007
5577.67821 16.588 0.008
5578.68499 16.624 0.008
5579.73535 16.643 0.008
5580.67903 16.600 0.007
5581.68149 16.607 0.008
5582.68928 16.636 0.008
5583.69606 16.628 0.007
5584.68209 16.614 0.007
5585.68193 16.606 0.007
5586.64570 16.629 0.008
5588.73179 16.573 0.007
5589.63783 16.612 0.007
5591.67516 16.584 0.007
5592.65741 16.518 0.007
5593.64037 16.500 0.007
5594.65657 16.542 0.007
5595.63524 16.533 0.007
5596.69838 16.418 0.006
5597.61583 16.433 0.007
5598.67997 16.472 0.006
5599.64575 16.485 0.007
5600.67850 16.441 0.007
5601.65813 16.421 0.006
5602.65684 16.490 0.007
5603.66559 16.513 0.007
5604.66274 16.496 0.007
5605.66783 16.493 0.006
5606.67918 16.546 0.007
5607.69060 16.563 0.008
5608.67747 16.547 0.008
5609.70919 16.579 0.008
5611.63975 16.590 0.008
5612.69227 16.597 0.008
5613.65474 16.604 0.008
5614.64739 16.625 0.007
5615.64118 16.635 0.007
5616.64993 16.607 0.007
5619.64041 16.645 0.007
5620.62640 16.653 0.008
5622.63507 16.633 0.008
5623.59795 16.630 0.007
5624.53905 16.630 0.008
5625.63070 16.601 0.007
5626.59180 16.628 0.008
5627.55650 16.613 0.007
5629.59675 16.529 0.007
5630.60817 16.566 0.008
5632.55628 16.456 0.007
5633.60527 16.424 0.007
5634.56569 16.508 0.008
5635.57000 16.474 0.008
5638.57460 16.479 0.008
5639.58486 16.483 0.008
5640.52385 16.438 0.008
5641.55150 16.473 0.007
5642.49975 16.500 0.007
5643.49752 16.489 0.007
5644.50027 16.477 0.007
5645.49900 16.502 0.008
5646.51199 16.549 0.008
5647.51395 16.544 0.007
5648.51384 16.542 0.007
5649.52937 16.563 0.007
5650.50980 16.606 0.007
5651.51573 16.589 0.007
5652.51067 16.581 0.007
5653.54076 16.621 0.008
5654.54929 16.646 0.008
5655.54044 16.639 0.007
5656.54935 16.623 0.007
5657.50929 16.624 0.008
5659.50858 16.635 0.007
5660.55397 16.597 0.007
5664.48817 16.570 0.008
5665.50340 16.624 0.008
5666.50020 16.617 0.008
5667.48238 16.569 0.008
5668.48792 16.497 0.008
5669.48193 16.512 0.008
5670.53340 16.510 0.008
5671.48378 16.497 0.008
5672.47824 16.399 0.007
5674.48675 16.489 0.007
5675.47962 16.447 0.008
5676.53451 16.471 0.005
5677.47634 16.459 0.007
5678.51054 16.525 0.007
5679.47820 16.484 0.007
5680.52626 16.519 0.008
5681.48929 16.545 0.008
5682.49038 16.556 0.008
5683.49496 16.568 0.008
5684.49897 16.579 0.008
5685.47151 16.586 0.008
5686.47240 16.599 0.007
5687.47315 16.617 0.008
5691.46609 16.611 0.008
5692.51454 16.604 0.009
5694.48270 16.646 0.008
5695.46712 16.644 0.008
5696.47554 16.615 0.008
5697.46544 16.645 0.008
5699.47498 16.623 0.009
5700.46657 16.561 0.008
5702.46345 16.601 0.008
5706.46316 16.528 0.008
5709.45026 16.434 0.008
5784.92370 16.635 0.008
5795.92971 16.495 0.008
5803.87503 16.516 0.007
5805.83952 16.469 0.007
5806.89051 16.542 0.007
5809.85177 16.540 0.006
5810.85488 16.571 0.007
5812.84768 16.589 0.007
5814.86450 16.612 0.008
5815.87614 16.630 0.007
5816.85027 16.628 0.009
5817.85088 16.598 0.007
5818.87997 16.638 0.008
5819.83395 16.652 0.007
5820.90139 16.620 0.007
5822.82161 16.616 0.007
5823.89647 16.631 0.008
5824.81845 16.599 0.007
5825.80671 16.595 0.007
5826.85519 16.584 0.007
5827.84916 16.581 0.007
5828.87537 16.502 0.006
5829.84877 16.440 0.006
5830.84034 16.477 0.006
5831.83201 16.525 0.006
5832.82143 16.463 0.006
5833.80579 16.396 0.007
5834.80672 16.453 0.006
5835.86663 16.497 0.007
5836.77315 16.437 0.006
5837.85248 16.443 0.007
5839.83412 16.515 0.007
5840.81709 16.498 0.007
5841.81411 16.497 0.007
5842.83227 16.534 0.008
5843.84776 16.567 0.007
5845.86277 16.558 0.008
5846.82324 16.579 0.009
5850.78710 16.611 0.007
5851.79616 16.634 0.008
5852.77989 16.633 0.008
5853.84963 16.621 0.008
5854.75494 16.633 0.007
5855.82465 16.636 0.007
5856.79623 16.605 0.008
5857.78056 16.620 0.008
5858.83042 16.640 0.008
5859.79898 16.637 0.007
5860.78404 16.601 0.007
5861.79303 16.567 0.007
5863.79496 16.585 0.007
5864.70352 16.579 0.007
5865.77310 16.487 0.007
5866.79723 16.481 0.007
5867.73612 16.543 0.007
5868.83759 16.442 0.006
5869.80310 16.380 0.006
5870.74291 16.485 0.007
5871.72900 16.489 0.007
5872.73836 16.432 0.006
5873.73358 16.403 0.007
5874.76714 16.478 0.007
5875.70307 16.476 0.007
5878.75284 16.532 0.008
5879.68810 16.520 0.008
5880.73955 16.526 0.007
5880.79057 16.546 0.008
5881.72615 16.510 0.007
5882.75693 16.584 0.007
5883.76090 16.593 0.008
5885.69217 16.554 0.008
5886.72823 16.614 0.008
5887.80060 16.645 0.007
5888.78925 16.629 0.008
5889.83144 16.604 0.007
5890.76500 16.633 0.007
5891.72365 16.635 0.008
5892.74142 16.631 0.007
5893.75952 16.614 0.007
5894.78295 16.623 0.007
5895.80007 16.615 0.007
5896.78311 16.585 0.007
5897.72993 16.587 0.007
5898.71211 16.627 0.007
5899.77129 16.579 0.007
5900.72091 16.528 0.007
5901.77022 16.436 0.007
5902.72147 16.546 0.008
5903.77666 16.487 0.007
5904.75124 16.410 0.007
5905.72530 16.398 0.007
5906.73718 16.474 0.007
5907.71528 16.471 0.007
5908.74053 16.439 0.007
5909.78507 16.445 0.007
5910.69785 16.469 0.007
5911.72970 16.506 0.007
5912.75018 16.489 0.007
5913.72212 16.487 0.006
5914.74474 16.539 0.006
5915.70179 16.535 0.006
5916.75564 16.550 0.006
5917.71928 16.556 0.007
5922.73631 16.635 0.007
5923.71255 16.635 0.006
5924.69386 16.595 0.007
5925.70790 16.606 0.007
5926.71969 16.654 0.007
5927.71869 16.639 0.007
5929.69283 16.618 0.007
5930.83802 16.596 0.007
5931.65842 16.640 0.008
5932.65660 16.609 0.007
5933.70702 16.574 0.008
5934.70305 16.610 0.007
5935.65409 16.603 0.008
5936.64817 16.539 0.008
5937.67792 16.494 0.007
5938.67869 16.563 0.007
5939.72245 16.498 0.007
5940.75840 16.425 0.007
5941.75833 16.391 0.007
5942.78268 16.477 0.006
5943.74018 16.489 0.007
5944.73342 16.418 0.006
5945.71372 16.431 0.006
5946.65356 16.486 0.006
5946.76991 16.477 0.007
5947.72051 16.522 0.007
5948.70931 16.501 0.007
5949.72550 16.505 0.007
5950.64650 16.507 0.006
5951.67186 16.527 0.007
5952.69645 16.546 0.006
5953.69440 16.549 0.007
5954.69193 16.591 0.006
5955.71456 16.607 0.007
5956.71460 16.598 0.007
5958.73178 16.644 0.007
5959.70376 16.639 0.007
5960.70581 16.605 0.007
5961.63754 16.626 0.007
5962.63844 16.649 0.008
5963.60515 16.631 0.008
5964.61713 16.627 0.008
5965.61606 16.616 0.008
5967.63818 16.607 0.008
5968.63830 16.599 0.007
5969.61431 16.624 0.007
5970.59181 16.628 0.007
5971.68469 16.569 0.006
5972.67107 16.482 0.006
5973.65411 16.502 0.006
5976.64332 16.421 0.007
5977.67687 16.413 0.006
5978.65329 16.477 0.006
5979.60349 16.470 0.007
5980.61913 16.418 0.007
5981.64261 16.441 0.007
5982.64849 16.509 0.007
5983.69116 16.515 0.006
5984.63018 16.469 0.006
5985.66252 16.497 0.007
5986.59228 16.509 0.007
5987.66774 16.566 0.007
5988.63423 16.524 0.007
5989.59817 16.536 0.007
5990.59167 16.579 0.008
5991.66669 16.613 0.008
5992.62693 16.601 0.008
5993.58383 16.585 0.008
5994.58248 16.597 0.008
5995.63020 16.621 0.008
5996.60027 16.604 0.008
5997.60244 16.624 0.008
5998.60079 16.659 0.007
5998.66122 16.645 0.008
5999.63949 16.643 0.007
6000.61688 16.619 0.007
6002.58060 16.628 0.007
6003.54672 16.610 0.008
6004.60713 16.589 0.007
6005.57477 16.618 0.007
6006.57412 16.614 0.007
6007.57244 16.584 0.007
6009.54807 16.612 0.008
6010.60011 16.573 0.008
6011.56239 16.525 0.007
6012.56146 16.423 0.007
6013.54320 16.478 0.007
6014.56215 16.496 0.007
6015.55752 16.440 0.007
6016.59815 16.408 0.006
6017.56132 16.439 0.007
6019.56331 16.478 0.007
6020.58692 16.464 0.007
6021.57500 16.494 0.008
6022.58650 16.541 0.008
6023.56054 16.508 0.007
6024.58339 16.534 0.008
6025.58339 16.547 0.008
6026.52968 16.562 0.008
6028.56642 16.561 0.008
6031.51178 16.593 0.008
6032.50432 16.580 0.008
6033.49187 16.621 0.008
6034.49748 16.625 0.008
6035.52287 16.633 0.008
6036.49969 16.613 0.008
6037.49939 16.637 0.008
6038.49111 16.629 0.008
6039.49778 16.628 0.008
6040.50008 16.606 0.008
6042.49770 16.628 0.008
6047.47476 16.539 0.008
6048.47347 16.459 0.008
6049.49678 16.499 0.007
6050.47237 16.531 0.008
6052.48801 16.370 0.007
6053.48508 16.459 0.008
6055.49368 16.452 0.007
6056.48066 16.432 0.007
6057.47654 16.472 0.007
6058.47703 16.497 0.007
6059.47787 16.487 0.007
6060.48062 16.476 0.007
6061.47175 16.531 0.008
6062.46579 16.565 0.008
6123.91514 16.642 0.007
6137.91309 16.460 0.008
6149.93671 16.525 0.008
6164.92720 16.602 0.008
6165.91301 16.588 0.008
6171.87882 16.586 0.007
6174.90465 16.469 0.008
6179.90484 16.492 0.007
6180.85737 16.449 0.007
6181.87158 16.438 0.006
6182.87614 16.478 0.006
6183.87783 16.519 0.006
6184.90438 16.522 0.006
6186.85558 16.535 0.007
6191.88116 16.628 0.006
6193.86844 16.598 0.007
6194.88543 16.630 0.007
6196.80772 16.594 0.007
6196.89463 16.620 0.007
6198.85265 16.630 0.008
6198.89483 16.622 0.008
6199.80766 16.652 0.008
6199.87810 16.634 0.008
6200.82781 16.616 0.008
6200.88391 16.608 0.008
6202.74219 16.641 0.008
6202.81301 16.638 0.008
6202.88197 16.629 0.008
6202.90056 16.614 0.010
6203.74151 16.645 0.008
6203.81141 16.625 0.008
6203.86403 16.623 0.007
6203.89980 16.593 0.010
6204.72554 16.620 0.008
6204.72843 16.610 0.008
6204.78946 16.600 0.007
6204.84794 16.573 0.007
6204.89696 16.572 0.008
6205.71446 16.627 0.008
6206.78333 16.631 0.008
6207.87530 16.563 0.007
6208.77068 16.557 0.007
6210.85807 16.465 0.007
6210.87401 16.456 0.007
6212.82675 16.434 0.006
6214.87796 16.464 0.008
6216.82463 16.444 0.006
6219.80963 16.503 0.006
6221.82291 16.494 0.007
6222.82381 16.522 0.007
6222.86636 16.554 0.008
6222.86921 16.555 0.008
6223.78089 16.544 0.007
6223.85349 16.582 0.007
6223.87511 16.592 0.007
6224.83243 16.567 0.006
6224.87001 16.573 0.007
6225.64502 16.460 0.008
6225.69041 16.475 0.007
6225.72848 16.512 0.007
6225.82355 16.560 0.007
6226.68346 16.539 0.008
6226.74084 16.552 0.007
6226.79546 16.579 0.007
6226.87271 16.617 0.008
6227.81290 16.599 0.009
6228.62401 16.495 0.008
6228.68148 16.507 0.008
6229.62664 16.522 0.008
6229.69570 16.558 0.008
6229.77242 16.565 0.008
6229.86498 16.595 0.007
6230.64934 16.588 0.008
6230.71435 16.619 0.008
6230.72726 16.618 0.008
6230.86806 16.637 0.008
6231.75208 16.627 0.008
6231.86140 16.643 0.008
6232.81803 16.627 0.007
6232.87190 16.628 0.008
6233.82457 16.614 0.007
6234.82843 16.629 0.007
6235.77582 16.649 0.007
6236.79340 16.607 0.007
6237.86942 16.568 0.007
6238.82716 16.626 0.007
6239.80117 16.612 0.007
6240.84444 16.569 0.007
6241.79809 16.574 0.007
6242.84103 16.560 0.006
6243.80940 16.563 0.006
6244.74284 16.541 0.006
6245.76670 16.488 0.006
6251.77401 16.467 0.006
6252.75321 16.432 0.006
6252.83372 16.486 0.007
6252.85770 16.490 0.007
6254.78390 16.489 0.006
6257.81172 16.528 0.007
6262.73601 16.588 0.007
6265.80802 16.595 0.007
6270.82399 16.630 0.007
6274.81560 16.619 0.007
6277.52819 16.605 0.008
6277.53043 16.605 0.008
6277.53267 16.623 0.008
6277.53524 16.611 0.007
6277.67123 16.623 0.006
6277.75599 16.567 0.006
6278.76268 16.617 0.007
6282.78551 16.491 0.007
6286.71877 16.481 0.007
6289.78809 16.466 0.007
6294.80812 16.583 0.007
6299.76652 16.624 0.007
6300.59093 16.524 0.007
6300.67895 16.562 0.007
6300.75468 16.586 0.007
6301.54984 16.535 0.007
6301.57127 16.559 0.007
6301.59310 16.560 0.007
6301.61524 16.559 0.006
6301.63511 16.599 0.008
6301.65735 16.574 0.007
6301.67972 16.584 0.007
6301.69561 16.595 0.007
6301.72208 16.607 0.007
6301.74234 16.590 0.007
6301.76291 16.614 0.007
6301.78297 16.596 0.007
6301.80621 16.600 0.008
6301.82555 16.603 0.008
6302.56536 16.585 0.006
6302.67071 16.608 0.006
6302.76890 16.652 0.007
6303.54191 16.554 0.006
6303.74010 16.634 0.007
6304.54790 16.555 0.006
6305.69024 16.633 0.008
6306.63288 16.640 0.007
6307.62210 16.618 0.006
6308.68125 16.613 0.007
6311.69781 16.607 0.006
6312.68104 16.616 0.007
6317.69217 16.484 0.007
6323.66541 16.461 0.006
6329.62460 16.491 0.007
6333.61499 16.530 0.007
6340.62758 16.592 0.006
6343.57138 16.633 0.007
6347.59765 16.625 0.007
6356.61510 16.424 0.006
6363.53251 16.447 0.007
6371.55721 16.543 0.007
6372.51917 16.532 0.007
6372.58204 16.550 0.007
6373.53275 16.572 0.007
6373.56419 16.601 0.007
6373.59887 16.597 0.007
6374.52452 16.608 0.007
6374.54740 16.620 0.007
6374.56690 16.615 0.007
6374.58786 16.632 0.007
6374.60602 16.623 0.008
6375.51570 16.565 0.007
6375.55750 16.589 0.007
6376.52055 16.572 0.008
6376.59120 16.609 0.009
6377.53769 16.620 0.007
6378.54030 16.620 0.008
6387.53040 16.599 0.007
6396.53627 16.385 0.006
6404.52144 16.512 0.007
6416.49748 16.607 0.007
6508.93702 16.635 0.009
6520.88964 16.440 0.006
6531.90078 16.568 0.007
6547.86625 16.629 0.007
6561.83433 16.419 0.006
6568.90006 16.551 0.009
6569.66468 16.476 0.006
6569.71274 16.497 0.006
6569.75777 16.515 0.006
6569.85213 16.550 0.006
6569.89132 16.558 0.006
6571.84109 16.609 0.006
6577.88166 16.618 0.007
6580.79188 16.650 0.007
6583.78784 16.616 0.007
6592.73784 16.471 0.007
6592.75027 16.439 0.007
6592.77858 16.403 0.007
6593.63576 16.577 0.008
6593.66056 16.542 0.007
6593.68250 16.534 0.008
6593.70263 16.503 0.008
6593.72099 16.480 0.008
6593.74911 16.432 0.007
6593.76941 16.407 0.007
6593.79110 16.393 0.007
6593.81892 16.405 0.008
6593.84030 16.409 0.007
6593.85420 16.396 0.007
6593.86829 16.421 0.007
6594.71017 16.553 0.007
6594.72972 16.508 0.007
6594.75521 16.487 0.008
6594.78159 16.492 0.008
6594.83089 16.460 0.007
6595.70974 16.479 0.006
6595.76252 16.465 0.006
6595.85963 16.491 0.007
6596.77333 16.421 0.006
6608.82809 16.596 0.006
6612.76429 16.598 0.007
6616.72615 16.602 0.007
6622.78011 16.639 0.007
6628.80774 16.420 0.006
6638.73311 16.544 0.006
6645.73102 16.605 0.007
6649.73796 16.632 0.007
6654.75807 16.646 0.006
6658.77471 16.609 0.006
6662.73654 16.525 0.006
6667.79669 16.496 0.007
6672.77141 16.520 0.008
6680.76565 16.597 0.007
6690.64827 16.644 0.006
6697.70893 16.461 0.006
6705.67216 16.452 0.007
6712.64150 16.525 0.006
6720.68092 16.615 0.007
6736.61145 16.433 0.008
6871.92099 16.505 0.007
6887.91891 16.648 0.007
6896.88970 16.505 0.007
6907.87185 16.495 0.007
6926.80156 16.630 0.007
6932.81022 16.542 0.007
6938.79567 16.505 0.008
6942.79315 16.476 0.007
6950.84395 16.596 0.007
6956.76766 16.622 0.008
6956.84679 16.617 0.007
6961.84138 16.615 0.008
6967.71280 16.599 0.009
6973.71826 16.484 0.007
6980.75521 16.457 0.007
6987.78616 16.596 0.008
6992.75833 16.615 0.007
6997.76408 16.635 0.008
7002.70789 16.613 0.007
7007.71921 16.510 0.007
7013.67258 16.456 0.007
7016.77825 16.492 0.007
7020.78032 16.545 0.007
7024.75815 16.586 0.007
7028.71132 16.596 0.008
7033.76538 16.630 0.008
7037.73892 16.593 0.007
7042.73649 16.533 0.007
7046.73769 16.492 0.007
7051.72823 16.493 0.007
7056.66864 16.500 0.007
7062.66034 16.620 0.007
7074.66764 16.634 0.008
7080.58394 16.479 0.007
7083.61068 16.442 0.007
7086.61881 16.498 0.007
7091.59964 16.505 0.007
7103.56763 16.622 0.007
7112.57999 16.596 0.008
7115.57454 16.484 0.008
7119.53461 16.453 0.008
7126.52357 16.505 0.007
7131.52813 16.554 0.008
7134.49841 16.583 0.008
7137.52831 16.625 0.008
7143.49298 16.617 0.008
7277.90020 16.441 0.007
7287.90032 16.537 0.008
7292.83291 16.520 0.008
7294.79589 16.562 0.007
7297.79481 16.582 0.008
7304.87369 16.618 0.007
7312.79166 16.537 0.007
7319.77027 16.458 0.008
7322.74301 16.481 0.008
7327.84694 16.566 0.008
7339.75707 16.622 0.007
7345.71557 16.631 0.007
7354.79240 16.493 0.007
7361.81525 16.527 0.007
7366.68782 16.558 0.007
7373.84112 16.632 0.007
7377.81301 16.619 0.007
7382.71124 16.626 0.008
7385.72467 16.566 0.007
7390.74648 16.497 0.006
7399.75108 16.580 0.008
7404.74067 16.593 0.007
7408.71377 16.605 0.007
7410.71515 16.639 0.008
7413.67791 16.640 0.008
7416.68479 16.608 0.007
7424.62716 16.463 0.006
7427.66273 16.431 0.007
7431.65292 16.454 0.006
7435.64650 16.516 0.007
7439.65268 16.562 0.007
7443.62429 16.594 0.007
7449.63001 16.658 0.008
7453.60446 16.625 0.007
7462.61893 16.499 0.006
7466.56660 16.472 0.008
7472.57338 16.507 0.008
7476.52907 16.544 0.007
7488.48287 16.631 0.007
7499.50603 16.422 0.007
7507.47825 16.451 0.007
