5260.60581 16.857 0.010
5261.52082 16.651 0.009
5262.61748 16.819 0.010
5263.59829 16.720 0.009
5264.58349 16.721 0.010
5265.51505 16.825 0.011
5266.57996 16.554 0.010
5267.59226 16.776 0.011
5268.57597 16.836 0.012
5269.54517 16.580 0.009
5270.56235 16.840 0.009
5271.55415 16.816 0.010
5273.54311 16.848 0.010
5274.57410 16.621 0.009
5275.55756 16.773 0.009
5276.55323 16.829 0.009
5279.54164 16.789 0.012
5280.53998 16.616 0.010
5281.51688 16.873 0.011
5282.53584 16.670 0.009
5283.48753 16.661 0.015
5286.51698 16.788 0.010
5288.53362 16.701 0.010
5291.52520 16.761 0.010
5294.55352 16.839 0.011
5294.55702 16.830 0.011
5295.47819 16.835 0.014
5296.56817 16.709 0.010
5298.54886 16.642 0.010
5301.50903 16.587 0.009
5306.50647 16.665 0.009
5307.53453 16.740 0.011
5310.52287 16.807 0.013
5310.52990 16.816 0.013
5310.53463 16.790 0.012
5313.47867 16.836 0.015
5314.49846 16.584 0.012
5320.46646 16.609 0.010
5321.46067 16.860 0.015
5323.48006 16.717 0.010
5324.47918 16.834 0.012
5326.48713 16.814 0.010
5328.48012 16.651 0.009
5337.47464 16.828 0.013
5341.47464 16.547 0.010
5430.89556 16.640 0.011
5439.90480 16.841 0.010
5444.91991 16.824 0.014
5449.82253 16.651 0.009
5451.91561 16.611 0.017
5453.87758 16.782 0.008
5455.85110 16.850 0.010
5457.89422 16.717 0.008
5462.89024 16.707 0.010
5465.85296 16.750 0.011
5468.81973 16.802 0.010
5470.79215 16.546 0.008
5471.84244 16.856 0.009
5473.77058 16.619 0.008
5477.74631 16.842 0.008
5478.78674 16.642 0.008
5481.72598 16.659 0.009
5482.77674 16.864 0.011
5484.77082 16.738 0.010
5485.78017 16.863 0.008
5486.86555 16.700 0.009
5487.86221 16.823 0.009
5488.87111 16.582 0.008
5490.72214 16.807 0.011
5491.74263 16.676 0.009
5492.82711 16.820 0.010
5493.75100 16.840 0.011
5495.83241 16.860 0.009
5497.73804 16.620 0.009
5503.83499 16.848 0.008
5507.73343 16.635 0.008
5510.81752 16.688 0.008
5512.83611 16.612 0.008
5514.83853 16.832 0.009
5516.84174 16.851 0.009
5518.83368 16.654 0.012
5519.76937 16.866 0.012
5521.82750 16.765 0.010
5523.80366 16.654 0.009
5525.81208 16.804 0.009
5527.66977 16.772 0.008
5528.78972 16.650 0.008
5529.85775 16.768 0.011
5531.84022 16.633 0.008
5533.66532 16.848 0.009
5534.70867 16.600 0.008
5535.79939 16.832 0.009
5539.83867 16.595 0.009
5541.80804 16.788 0.010
5543.82904 16.870 0.010
5544.82433 16.666 0.009
5546.65390 16.848 0.011
5547.81540 16.643 0.008
5549.75623 16.812 0.010
5551.76800 16.853 0.010
5553.78717 16.750 0.010
5554.80580 16.842 0.010
5556.76815 16.808 0.009
5558.77455 16.675 0.009
5559.80861 16.825 0.009
5561.75898 16.757 0.010
5562.80197 16.817 0.009
5563.76470 16.570 0.008
5565.79080 16.789 0.010
5566.78592 16.649 0.009
5570.77824 16.843 0.010
5575.72826 16.824 0.009
5575.73315 16.840 0.009
5576.76968 16.607 0.008
5577.70794 16.715 0.010
5578.71194 16.834 0.010
5579.76135 16.612 0.010
5580.70569 16.781 0.009
5581.70779 16.830 0.010
5583.72375 16.834 0.009
5584.72241 16.728 0.009
5585.77823 16.803 0.011
5589.71489 16.817 0.009
5590.67806 16.599 0.008
5592.75069 16.673 0.008
5593.71778 16.712 0.010
5595.69824 16.629 0.008
5597.64467 16.850 0.009
5598.70983 16.677 0.009
5599.70475 16.835 0.009
5601.73269 16.760 0.009
5602.72262 16.845 0.008
5605.72552 16.825 0.008
5606.72492 16.682 0.009
5608.70777 16.696 0.010
5611.68452 16.593 0.011
5614.67777 16.604 0.008
5616.68797 16.705 0.009
5623.63849 16.809 0.009
5626.56835 16.819 0.010
5629.62224 16.853 0.009
5631.55297 16.789 0.010
5633.63091 16.687 0.009
5635.59651 16.671 0.011
5639.60643 16.812 0.014
5641.59423 16.651 0.009
5643.55787 16.705 0.008
5645.56358 16.874 0.011
5647.59002 16.810 0.009
5649.55658 16.667 0.009
5652.57196 16.753 0.008
5654.57515 16.586 0.008
5657.53513 16.631 0.009
5659.57089 16.693 0.009
5665.54498 16.635 0.010
5667.52464 16.720 0.009
5671.52675 16.764 0.011
5675.52330 16.715 0.009
5677.52289 16.814 0.009
5682.51690 16.854 0.011
5686.49858 16.627 0.008
5693.49666 16.867 0.010
5694.45797 16.623 0.012
5786.92088 16.700 0.009
5802.87457 16.705 0.009
5804.91619 16.562 0.008
5805.88286 16.789 0.008
5807.89677 16.619 0.010
5810.83081 16.635 0.008
5813.83566 16.742 0.008
5815.91646 16.666 0.012
5816.89091 16.847 0.010
5819.87626 16.871 0.010
5822.84698 16.863 0.009
5824.84383 16.829 0.009
5826.81362 16.685 0.008
5829.79153 16.727 0.008
5831.88803 16.620 0.008
5833.78185 16.842 0.009
5835.81062 16.849 0.009
5836.88193 16.627 0.008
5839.78886 16.633 0.008
5841.88752 16.650 0.008
5844.82824 16.614 0.010
5850.84803 16.734 0.009
5851.82127 16.853 0.010
5854.88151 16.823 0.012
5855.85028 16.610 0.008
5856.85611 16.857 0.010
5858.80655 16.660 0.010
5860.81018 16.655 0.008
5861.81842 16.743 0.008
5862.79712 16.844 0.008
5864.84389 16.839 0.008
5865.74791 16.809 0.009
5867.86272 16.874 0.009
5870.87470 16.813 0.015
5873.77420 16.837 0.008
5874.80655 16.716 0.009
5875.86996 16.837 0.015
5880.76466 16.849 0.009
5882.79736 16.682 0.008
5885.79520 16.770 0.009
5888.84001 16.867 0.009
5890.82176 16.731 0.008
5891.83912 16.858 0.009
5893.72013 16.716 0.008
5895.76105 16.617 0.008
5896.80837 16.816 0.010
5897.84461 16.623 0.008
5899.71647 16.853 0.010
5900.81768 16.567 0.008
5901.82839 16.823 0.009
5902.76187 16.843 0.012
5903.81671 16.627 0.009
5904.78164 16.847 0.009
5905.75064 16.772 0.009
5906.76369 16.654 0.009
5907.76544 16.862 0.009
5908.78163 16.625 0.009
5909.82221 16.786 0.010
5910.77494 16.835 0.009
5911.80157 16.665 0.008
5912.82256 16.859 0.009
5913.82804 16.576 0.008
5914.81773 16.742 0.008
5915.78018 16.859 0.008
5916.79835 16.562 0.008
5917.77811 16.794 0.008
5923.77744 16.836 0.008
5924.77802 16.577 0.008
5925.78209 16.819 0.010
5927.77771 16.618 0.008
5929.78435 16.706 0.008
5931.71445 16.873 0.010
5932.77140 16.620 0.008
5933.77986 16.796 0.011
5934.80028 16.795 0.011
5936.72302 16.815 0.012
5937.74491 16.720 0.009
5938.73805 16.706 0.009
5939.76737 16.848 0.010
5940.78359 16.579 0.008
5941.73470 16.806 0.009
5942.75858 16.851 0.008
5943.76719 16.650 0.008
5944.75847 16.845 0.008
5945.73931 16.777 0.008
5946.74635 16.711 0.008
5947.74621 16.853 0.009
5948.73466 16.595 0.008
5949.75079 16.804 0.010
5951.73190 16.592 0.008
5953.75082 16.710 0.010
5955.74007 16.865 0.008
5959.72938 16.677 0.008
5962.61461 16.645 0.011
5963.70761 16.856 0.011
5965.65841 16.749 0.009
5968.66488 16.829 0.011
5971.71242 16.855 0.009
5973.62992 16.721 0.008
5974.63804 16.840 0.008
5977.63781 16.823 0.009
5979.68683 16.901 0.010
5980.67179 16.632 0.008
5982.67413 16.868 0.008
5984.67379 16.819 0.008
5986.68099 16.733 0.008
5988.65964 16.568 0.009
5989.64503 16.777 0.009
5991.64347 16.583 0.009
5992.65242 16.875 0.010
5994.55885 16.577 0.009
5996.64097 16.704 0.012
5997.62807 16.735 0.010
6000.64240 16.841 0.008
6003.57304 16.871 0.010
6007.59795 16.603 0.008
6011.58950 16.827 0.009
6018.55917 16.589 0.008
6023.53710 16.680 0.008
6026.55601 16.654 0.010
6033.53510 16.861 0.012
6034.52356 16.630 0.008
6036.54134 16.785 0.009
6038.53396 16.825 0.011
6039.53853 16.564 0.009
6040.52580 16.823 0.009
6047.51531 16.674 0.009
6050.49843 16.646 0.010
6057.48180 16.842 0.009
6067.48277 16.843 0.012
6141.92447 16.643 0.010
6160.91093 16.600 0.007
6181.91171 16.550 0.010
6182.90147 16.793 0.008
6186.90114 16.804 0.008
6195.90449 16.654 0.012
6198.85733 16.683 0.010
6200.84747 16.664 0.010
6203.83455 16.693 0.009
6211.87790 16.709 0.010
6212.86927 16.824 0.009
6215.83274 16.805 0.009
6220.74657 16.826 0.009
6222.87366 16.725 0.010
6225.80963 16.767 0.009
6230.75237 16.735 0.011
6232.85822 16.607 0.008
6235.85867 16.717 0.008
6237.85609 16.653 0.008
6238.81372 16.749 0.008
6239.78785 16.812 0.009
6240.83108 16.609 0.009
6241.78477 16.794 0.009
6241.83203 16.831 0.009
6243.79616 16.635 0.008
6244.79093 16.848 0.009
6244.83829 16.877 0.010
6245.78968 16.686 0.008
6248.80859 16.655 0.008
6251.79903 16.698 0.008
6254.74481 16.687 0.008
6257.78699 16.817 0.010
6261.75401 16.766 0.009
6262.76111 16.714 0.008
6265.78333 16.810 0.008
6271.78920 16.868 0.009
6278.78817 16.800 0.009
6283.77310 16.660 0.008
6287.80146 16.808 0.009
6291.81081 16.703 0.008
6297.72761 16.777 0.011
6303.56692 16.807 0.008
6310.69116 16.695 0.008
6318.66872 16.710 0.009
6338.61999 16.835 0.008
6343.61824 16.862 0.009
6350.60342 16.717 0.010
6355.54716 16.578 0.008
6361.56336 16.702 0.008
6368.58026 16.618 0.008
6374.58554 16.697 0.008
6381.55931 16.792 0.008
6389.53833 16.816 0.008
6398.49245 16.623 0.008
6419.46057 16.594 0.010
6511.91779 16.698 0.008
6521.89903 16.585 0.008
6532.89695 16.622 0.008
6548.85366 16.619 0.008
6564.88064 16.698 0.008
6572.80234 16.591 0.008
6578.88628 16.858 0.011
6584.74545 16.868 0.010
6593.75594 16.644 0.009
6607.78711 16.682 0.008
6613.73590 16.796 0.009
6613.75405 16.817 0.009
6617.71655 16.672 0.008
6627.75604 16.833 0.008
6637.76321 16.833 0.008
6644.79996 16.648 0.008
6650.77744 16.809 0.008
6657.79301 16.619 0.008
6660.74864 16.661 0.008
6666.81215 16.853 0.008
6671.76149 16.748 0.009
6678.77849 16.585 0.008
6682.67361 16.744 0.008
6693.63058 16.815 0.008
6698.70112 16.768 0.009
6703.66476 16.704 0.010
6707.65513 16.848 0.008
6710.67028 16.789 0.008
6715.64246 16.821 0.008
6731.61803 16.863 0.011
6874.92240 16.657 0.008
6885.91570 16.607 0.008
6904.91419 16.747 0.011
6920.78724 16.636 0.009
6926.77791 16.747 0.008
6930.80607 16.695 0.009
6937.78410 16.851 0.010
6941.80434 16.623 0.011
6951.84664 16.763 0.008
6957.80124 16.562 0.009
6963.79410 16.736 0.009
6969.81193 16.866 0.012
6975.80586 16.798 0.009
6982.85346 16.859 0.009
6992.78362 16.672 0.008
6995.72283 16.701 0.008
7000.71495 16.651 0.008
7004.81029 16.809 0.010
7008.75059 16.630 0.008
7013.77123 16.646 0.008
7017.77723 16.850 0.009
7021.76148 16.634 0.008
7025.74470 16.835 0.014
7029.72530 16.572 0.009
7035.74718 16.750 0.008
7040.74374 16.697 0.008
7045.70892 16.604 0.008
7050.68808 16.719 0.008
7057.65529 16.843 0.010
7063.68504 16.802 0.010
7070.64133 16.792 0.008
7076.66335 16.812 0.009
7080.62267 16.611 0.010
7082.61129 16.759 0.012
7086.64523 16.779 0.010
7089.61683 16.819 0.009
7093.59709 16.592 0.008
7099.62278 16.726 0.008
7110.57102 16.748 0.009
7114.55310 16.776 0.009
7118.55272 16.771 0.009
7124.52688 16.830 0.008
7131.50508 16.611 0.009
7133.50137 16.698 0.009
7136.48432 16.640 0.008
7141.48554 16.672 0.008
7144.49649 16.594 0.010
7278.84640 16.632 0.008
7291.80579 16.792 0.012
7294.82202 16.577 0.008
7297.82052 16.607 0.010
7303.83976 16.799 0.009
7308.82509 16.693 0.010
7317.78544 16.842 0.011
7325.74216 16.850 0.009
7339.78217 16.735 0.008
7345.74117 16.582 0.008
7353.85567 16.695 0.010
7356.85929 16.781 0.012
7364.75798 16.737 0.008
7367.83010 16.851 0.008
7371.79077 16.706 0.008
7376.78999 16.773 0.009
7381.69465 16.855 0.010
7385.70085 16.654 0.009
7389.72543 16.823 0.009
7398.69813 16.671 0.008
7402.73364 16.839 0.008
7405.72906 16.864 0.009
7409.69834 16.638 0.009
7415.66720 16.780 0.008
7424.65470 16.828 0.009
7428.67145 16.693 0.008
7434.65204 16.811 0.009
7438.65983 16.570 0.008
7442.62253 16.830 0.010
7446.63630 16.677 0.008
7451.61090 16.761 0.008
7458.63293 16.814 0.009
7463.58306 16.766 0.008
7468.55876 16.609 0.009
7472.55021 16.859 0.010
7476.55498 16.693 0.008
7488.50916 16.841 0.010
7499.53215 16.806 0.009
