5260.61208 16.213 0.008
5261.52711 16.342 0.008
5262.62377 16.042 0.008
5263.60456 16.239 0.008
5265.52131 16.044 0.008
5266.58619 16.248 0.009
5269.55139 16.259 0.008
5270.56855 16.391 0.008
5271.56038 16.124 0.008
5273.54931 16.362 0.008
5274.58031 16.137 0.008
5276.55943 16.233 0.008
5279.54784 16.132 0.008
5280.54614 16.196 0.008
5281.52305 16.366 0.009
5282.54200 16.049 0.008
5283.49365 16.223 0.009
5286.52310 16.263 0.008
5288.53977 16.080 0.008
5291.53128 16.113 0.008
5294.56308 16.129 0.008
5295.48426 16.278 0.009
5296.57425 16.202 0.008
5298.55491 16.323 0.008
5301.51503 16.336 0.009
5306.51249 16.218 0.008
5307.54054 16.364 0.009
5313.48974 16.369 0.010
5314.50442 16.132 0.009
5323.48600 16.208 0.008
5324.48514 16.332 0.010
5326.49306 16.229 0.008
5328.48606 16.059 0.008
5337.48054 16.144 0.008
5341.48053 16.329 0.009
5430.90168 16.237 0.008
5439.91101 16.051 0.008
5445.84384 16.102 0.007
5449.82877 16.295 0.008
5453.88383 16.140 0.007
5455.85740 16.349 0.007
5457.90050 16.227 0.007
5462.89661 16.088 0.007
5465.85929 16.102 0.008
5468.82605 16.126 0.008
5470.79851 16.331 0.008
5471.84886 16.170 0.007
5473.77695 16.243 0.008
5477.75274 16.188 0.007
5478.79317 16.348 0.008
5481.73239 16.362 0.008
5482.78315 16.055 0.008
5484.77724 16.392 0.008
5485.78662 16.092 0.007
5486.87200 16.285 0.008
5487.86868 16.372 0.008
5488.87760 16.131 0.007
5490.72862 16.366 0.008
5491.74911 16.125 0.007
5492.77166 16.307 0.008
5493.79399 16.232 0.008
5494.83870 16.180 0.008
5495.79588 16.334 0.008
5496.79368 16.126 0.008
5497.82386 16.194 0.008
5499.73086 16.071 0.007
5502.80103 16.053 0.007
5503.75627 16.244 0.007
5505.72593 16.068 0.007
5506.74342 16.267 0.007
5507.76156 16.385 0.007
5509.66992 16.275 0.008
5510.72585 16.369 0.008
5511.70205 16.124 0.007
5512.74509 16.306 0.008
5513.71541 16.302 0.008
5514.74796 16.166 0.007
5515.66521 16.321 0.008
5516.75077 16.161 0.007
5517.66390 16.178 0.008
5518.76029 16.336 0.010
5519.68670 16.100 0.008
5521.70358 16.364 0.008
5522.72870 16.048 0.008
5523.69339 16.234 0.008
5524.70184 16.388 0.008
5525.73492 16.062 0.007
5526.68694 16.249 0.007
5527.76769 16.383 0.008
5528.70872 16.104 0.007
5529.68905 16.260 0.008
5530.69627 16.376 0.008
5531.77945 16.136 0.007
5532.68758 16.297 0.008
5533.71092 16.307 0.008
5534.74245 16.155 0.007
5535.71927 16.317 0.008
5536.72193 16.190 0.007
5539.73217 16.077 0.007
5540.81633 16.218 0.007
5541.68249 16.335 0.008
5542.74089 16.047 0.007
5543.77244 16.240 0.008
5544.75993 16.386 0.008
5545.74919 16.074 0.007
5546.69886 16.255 0.008
5547.75866 16.391 0.008
5548.71991 16.096 0.007
5549.68477 16.270 0.008
5550.73863 16.372 0.008
5551.69615 16.121 0.008
5553.74219 16.296 0.008
5554.67552 16.144 0.008
5556.69012 16.228 0.008
5557.67129 16.170 0.007
5558.67217 16.342 0.008
5559.66238 16.135 0.008
5560.65405 16.192 0.007
5561.68764 16.353 0.009
5562.70721 16.047 0.007
5563.64116 16.215 0.008
5565.67248 16.051 0.007
5566.69973 16.243 0.007
5568.72006 16.096 0.008
5569.71460 16.270 0.008
5570.75414 16.373 0.008
5571.68515 16.117 0.007
5572.80236 16.311 0.008
5575.70666 16.313 0.008
5576.68086 16.244 0.007
5577.68280 16.163 0.007
5578.68942 16.319 0.008
5579.73955 16.089 0.008
5580.68437 16.192 0.007
5581.68620 16.359 0.008
5582.69350 16.048 0.008
5583.70026 16.235 0.007
5584.68628 16.382 0.008
5585.68616 16.062 0.007
5586.64993 16.232 0.008
5587.63206 16.373 0.008
5588.73601 16.092 0.006
5589.64207 16.274 0.007
5591.67939 16.112 0.007
5592.66164 16.280 0.007
5593.64462 16.368 0.008
5594.66082 16.143 0.008
5595.63948 16.310 0.008
5596.70262 16.222 0.007
5597.62009 16.161 0.008
5598.68640 16.330 0.008
5599.65001 16.151 0.008
5600.68275 16.194 0.007
5601.66239 16.345 0.008
5602.66109 16.060 0.007
5603.66986 16.212 0.008
5604.67026 16.365 0.008
5605.67209 16.050 0.007
5606.68346 16.243 0.008
5607.69487 16.391 0.008
5608.68173 16.087 0.008
5609.71347 16.259 0.008
5611.64403 16.107 0.008
5612.69654 16.283 0.008
5613.65974 16.362 0.008
5614.65167 16.144 0.008
5615.64546 16.308 0.008
5616.65422 16.273 0.008
5622.63936 16.065 0.008
5623.60224 16.206 0.008
5624.54332 16.366 0.008
5625.63499 16.042 0.007
5626.59609 16.224 0.008
5627.56082 16.371 0.008
5629.60103 16.254 0.007
5630.61247 16.383 0.008
5632.56058 16.281 0.008
5633.60958 16.383 0.008
5634.57000 16.116 0.008
5635.57433 16.285 0.008
5638.57893 16.326 0.010
5639.58918 16.229 0.008
5640.52815 16.147 0.008
5641.55582 16.329 0.008
5642.50407 16.179 0.007
5643.50183 16.184 0.007
5644.50457 16.334 0.008
5645.50332 16.078 0.008
5646.51630 16.215 0.008
5648.51896 16.054 0.007
5649.53370 16.242 0.008
5650.51412 16.384 0.008
5651.52004 16.078 0.007
5652.51499 16.252 0.008
5653.54507 16.396 0.008
5654.55360 16.121 0.007
5655.54476 16.278 0.008
5656.55366 16.344 0.008
5657.51361 16.124 0.008
5659.51292 16.292 0.008
5660.55829 16.165 0.008
5664.49248 16.359 0.009
5665.50772 16.076 0.008
5666.50453 16.201 0.008
5667.48671 16.356 0.008
5668.49223 16.054 0.008
5669.48627 16.237 0.008
5670.53773 16.386 0.008
5672.48304 16.256 0.008
5674.49107 16.088 0.007
5675.48394 16.268 0.008
5676.53920 16.377 0.005
5677.48066 16.124 0.007
5678.51485 16.309 0.008
5679.48249 16.326 0.008
5680.53055 16.157 0.008
5681.49457 16.307 0.008
5682.49469 16.195 0.008
5683.49925 16.183 0.008
5684.50408 16.316 0.008
5685.47581 16.094 0.008
5686.47670 16.200 0.007
5687.47885 16.361 0.008
5691.47038 16.033 0.008
5692.51999 16.248 0.009
5694.48701 16.086 0.008
5695.47144 16.265 0.008
5696.47981 16.375 0.010
5697.46974 16.121 0.008
5699.47928 16.339 0.010
5700.47086 16.129 0.008
5702.46774 16.223 0.008
5706.46744 16.184 0.008
5709.45452 16.222 0.008
5784.92782 16.390 0.008
5795.93380 16.331 0.010
5803.87913 16.250 0.008
5805.84359 16.061 0.007
5806.89458 16.259 0.007
5809.85582 16.278 0.007
5810.85893 16.381 0.008
5812.85176 16.298 0.007
5814.90081 16.148 0.008
5815.88020 16.330 0.008
5816.85434 16.190 0.008
5817.85603 16.194 0.007
5818.88402 16.344 0.008
5819.83801 16.086 0.007
5820.90545 16.206 0.008
5822.82566 16.051 0.007
5823.90054 16.240 0.008
5824.82250 16.378 0.008
5825.81075 16.057 0.006
5826.85926 16.265 0.007
5827.85322 16.380 0.008
5828.87942 16.095 0.007
5829.85281 16.278 0.007
5830.84439 16.383 0.007
5831.83607 16.120 0.006
5832.82548 16.293 0.007
5833.80984 16.337 0.008
5834.81078 16.145 0.007
5835.87068 16.318 0.007
5836.77722 16.261 0.007
5837.85653 16.172 0.007
5839.83820 16.092 0.007
5840.82117 16.200 0.007
5841.81873 16.350 0.008
5842.83634 16.052 0.008
5843.85181 16.231 0.007
5845.86683 16.072 0.008
5846.82727 16.262 0.009
5850.79117 16.382 0.008
5851.80020 16.108 0.007
5853.85371 16.339 0.010
5854.75900 16.126 0.007
5855.82871 16.321 0.007
5856.80026 16.253 0.008
5858.83450 16.323 0.009
5859.80301 16.134 0.007
5860.78809 16.196 0.007
5861.79709 16.358 0.008
5863.79902 16.217 0.007
5864.70756 16.367 0.007
5865.77715 16.056 0.007
5866.80127 16.245 0.007
5867.74019 16.381 0.008
5868.84166 16.097 0.006
5869.80716 16.267 0.007
5870.74697 16.385 0.008
5871.73306 16.100 0.007
5872.74243 16.282 0.007
5873.73765 16.386 0.008
5874.77120 16.132 0.007
5875.70714 16.294 0.008
5878.76378 16.329 0.009
5879.69219 16.234 0.008
5880.74365 16.197 0.007
5881.73021 16.347 0.008
5882.76100 16.065 0.007
5883.76494 16.209 0.008
5885.69624 16.057 0.008
5886.73232 16.234 0.008
5887.80469 16.391 0.007
5888.79336 16.085 0.007
5889.83553 16.276 0.008
5890.76905 16.390 0.008
5891.72775 16.102 0.007
5892.74550 16.282 0.007
5893.76360 16.374 0.008
5894.78707 16.142 0.007
5895.80416 16.316 0.008
5896.78722 16.279 0.007
5897.73403 16.151 0.007
5898.71620 16.314 0.007
5899.77539 16.168 0.007
5900.72501 16.172 0.007
5901.77432 16.337 0.008
5902.72557 16.116 0.008
5903.78076 16.210 0.008
5904.75538 16.355 0.008
5905.72941 16.053 0.007
5906.74130 16.224 0.008
5907.71937 16.375 0.008
5908.74468 16.064 0.007
5909.78921 16.258 0.008
5910.70200 16.393 0.008
5911.73382 16.087 0.007
5912.75429 16.274 0.007
5913.72628 16.387 0.007
5914.74888 16.127 0.007
5915.70593 16.295 0.007
5916.75977 16.303 0.007
5917.72343 16.153 0.006
5922.74047 16.100 0.006
5923.71671 16.212 0.006
5924.69801 16.353 0.007
5925.71205 16.044 0.007
5926.72384 16.224 0.007
5927.72285 16.363 0.008
5929.69701 16.248 0.007
5930.84218 16.394 0.006
5931.66351 16.074 0.007
5932.66076 16.256 0.008
5933.71121 16.386 0.008
5934.70726 16.116 0.007
5935.65826 16.281 0.009
5936.65239 16.363 0.008
5937.68210 16.138 0.007
5938.68290 16.319 0.008
5939.72665 16.225 0.007
5940.76259 16.179 0.007
5941.76254 16.338 0.008
5942.78734 16.062 0.007
5943.74476 16.200 0.007
5944.73765 16.351 0.007
5945.71791 16.046 0.006
5946.65777 16.209 0.007
5946.77413 16.231 0.008
5947.72473 16.354 0.008
5948.71354 16.062 0.007
5949.72972 16.255 0.007
5950.65071 16.379 0.007
5951.67608 16.065 0.007
5952.70068 16.262 0.007
5953.69863 16.385 0.008
5954.69616 16.112 0.006
5955.71878 16.306 0.007
5956.71884 16.343 0.007
5958.73603 16.300 0.008
5959.70801 16.254 0.007
5960.71005 16.173 0.007
5961.64177 16.319 0.007
5962.64269 16.207 0.008
5963.60940 16.186 0.008
5964.62137 16.342 0.008
5965.62031 16.083 0.007
5967.64246 16.359 0.008
5968.64256 16.045 0.007
5969.61858 16.229 0.007
5970.59607 16.375 0.007
5971.68895 16.073 0.006
5972.67533 16.263 0.007
5973.65839 16.389 0.007
5974.61345 16.093 0.007
5976.64758 16.376 0.008
5977.68115 16.143 0.007
5978.65758 16.301 0.007
5979.60775 16.325 0.007
5980.62342 16.146 0.006
5981.64690 16.303 0.008
5982.65280 16.187 0.007
5983.69544 16.193 0.006
5984.63446 16.322 0.007
5985.66680 16.071 0.008
5986.59657 16.184 0.007
5987.67204 16.364 0.008
5988.63852 16.036 0.007
5989.60245 16.224 0.007
5990.59597 16.383 0.010
5991.67099 16.092 0.008
5992.63123 16.243 0.008
5993.58812 16.393 0.008
5994.53128 16.073 0.008
5994.58679 16.079 0.007
5994.67618 16.098 0.007
5995.52628 16.262 0.008
5995.63451 16.277 0.008
5995.67544 16.277 0.008
5996.51004 16.388 0.008
5996.60457 16.393 0.008
5996.65397 16.395 0.009
5997.50765 16.088 0.007
5997.60677 16.107 0.008
5997.66206 16.127 0.007
5998.51776 16.276 0.008
5998.60511 16.303 0.008
5998.66551 16.297 0.008
5999.53425 16.366 0.007
5999.64584 16.324 0.008
6000.49456 16.117 0.008
6000.62121 16.156 0.007
6000.65795 16.154 0.007
6001.49929 16.295 0.008
6001.61270 16.314 0.008
6002.58492 16.245 0.007
6003.55102 16.147 0.008
6004.61143 16.321 0.008
6005.57910 16.135 0.007
6006.57843 16.205 0.007
6007.57677 16.355 0.007
6008.61122 16.047 0.006
6009.55236 16.214 0.008
6010.60443 16.374 0.008
6010.60790 16.365 0.008
6011.56669 16.048 0.007
6012.56578 16.238 0.008
6013.54752 16.371 0.008
6014.56646 16.081 0.007
6015.56183 16.276 0.007
6016.60247 16.393 0.007
6017.56566 16.114 0.007
6018.52105 16.284 0.008
6019.56907 16.347 0.008
6020.59158 16.143 0.007
6021.57932 16.326 0.008
6022.59081 16.244 0.008
6023.56487 16.175 0.007
6024.58770 16.330 0.008
6025.58772 16.117 0.008
6026.53401 16.186 0.008
6028.57075 16.051 0.007
6031.51612 16.040 0.008
6032.50865 16.219 0.008
6033.49621 16.382 0.008
6034.50180 16.066 0.007
6035.52719 16.247 0.008
6036.50401 16.382 0.008
6037.50371 16.094 0.008
6039.50209 16.386 0.008
6040.50440 16.115 0.008
6047.47903 16.317 0.008
6048.47777 16.082 0.007
6049.50108 16.206 0.007
6050.47667 16.335 0.008
6052.49234 16.221 0.008
6053.48938 16.368 0.008
6055.49798 16.222 0.008
6056.48496 16.380 0.008
6057.49091 16.097 0.007
6058.48851 16.260 0.008
6059.48217 16.397 0.008
6060.48492 16.117 0.008
6061.47604 16.271 0.008
6062.47009 16.359 0.008
6123.91929 16.225 0.007
6137.91725 16.170 0.007
6158.93027 16.336 0.008
6164.90457 16.370 0.008
6165.91709 16.051 0.007
6171.88289 16.095 0.006
6174.90873 16.137 0.008
6179.90889 16.146 0.008
6180.86145 16.175 0.008
6181.87565 16.335 0.007
6182.88018 16.085 0.006
6183.88189 16.206 0.006
6184.90844 16.367 0.007
6185.85816 16.051 0.006
6186.85964 16.232 0.007
6191.88524 16.095 0.006
6193.87251 16.371 0.007
6194.88948 16.126 0.006
6196.87494 16.307 0.007
6199.82391 16.230 0.008
6202.83138 16.118 0.008
6204.86650 16.361 0.007
6207.87935 16.371 0.008
6210.87804 16.387 0.008
6212.83083 16.276 0.007
6214.88201 16.128 0.008
6215.86981 16.294 0.008
6216.82866 16.341 0.007
6219.81365 16.256 0.007
6221.82694 16.319 0.008
6222.82785 16.131 0.007
6223.78496 16.183 0.007
6224.85054 16.349 0.006
6225.73253 16.088 0.007
6226.74491 16.213 0.008
6229.78745 16.245 0.008
6230.73133 16.372 0.008
6231.75614 16.062 0.007
6232.82211 16.269 0.007
6233.82864 16.393 0.007
6234.83251 16.115 0.006
6235.77990 16.288 0.007
6236.79747 16.367 0.007
6237.87349 16.151 0.008
6238.83123 16.311 0.007
6239.80526 16.271 0.007
6240.84852 16.177 0.007
6241.80217 16.324 0.007
6242.84510 16.130 0.006
6243.81347 16.184 0.007
6244.74692 16.318 0.007
6245.77074 16.078 0.006
6248.78747 16.043 0.006
6251.77809 16.077 0.006
6254.78800 16.108 0.006
6257.81637 16.144 0.007
6262.74012 16.217 0.006
6265.81213 16.059 0.006
6270.82811 16.378 0.008
6274.81975 16.101 0.006
6278.76682 16.312 0.007
6282.78965 16.182 0.006
6286.72292 16.196 0.006
6289.79225 16.230 0.007
6294.81416 16.090 0.006
6299.77069 16.326 0.007
6306.71084 16.189 0.007
6312.68525 16.244 0.006
6323.66962 16.161 0.007
6329.62885 16.215 0.007
6333.61969 16.369 0.007
6340.63186 16.119 0.006
6342.66092 16.305 0.007
6343.55706 16.151 0.008
6343.57565 16.136 0.007
6344.58701 16.318 0.007
6347.60194 16.330 0.007
6348.58749 16.149 0.007
6349.59420 16.198 0.007
6350.62836 16.355 0.008
6356.61938 16.374 0.007
6363.53683 16.127 0.006
6370.53397 16.342 0.007
6371.55947 16.063 0.006
6372.61022 16.222 0.006
6378.54255 16.249 0.007
6387.53480 16.323 0.007
6396.54063 16.379 0.007
6404.52576 16.312 0.008
6416.50181 16.369 0.008
6531.90489 16.062 0.006
6547.87032 16.358 0.006
6571.84517 16.046 0.006
6577.88575 16.128 0.006
6608.83220 16.054 0.006
6616.73025 16.398 0.007
6622.78422 16.305 0.007
6628.81187 16.074 0.006
6638.73764 16.269 0.006
6645.73519 16.235 0.007
6649.74213 16.195 0.006
6654.76225 16.061 0.006
6658.78106 16.257 0.006
6662.77068 16.317 0.007
6667.80307 16.333 0.008
6672.77562 16.229 0.008
6680.76989 16.112 0.006
6685.60079 16.350 0.007
6687.70046 16.324 0.007
6688.63346 16.232 0.007
6689.65724 16.163 0.006
6690.65253 16.333 0.006
6691.68247 16.075 0.006
6692.70444 16.209 0.006
6693.65248 16.369 0.006
6694.69634 16.050 0.005
6695.64145 16.232 0.006
6696.62902 16.375 0.007
6697.68709 16.078 0.005
6698.68745 16.263 0.008
6699.52747 16.390 0.007
6700.56083 16.074 0.006
6700.67533 16.104 0.006
6701.54847 16.250 0.007
6701.68826 16.268 0.007
6702.55854 16.383 0.008
6702.68685 16.375 0.008
6703.56915 16.109 0.007
6703.70408 16.112 0.008
6704.56548 16.280 0.006
6704.71327 16.312 0.008
6705.55867 16.381 0.006
6705.67645 16.309 0.007
6706.63584 16.147 0.006
6707.64855 16.308 0.007
6708.63842 16.240 0.006
6709.63278 16.170 0.006
6710.64215 16.324 0.006
6711.62911 16.135 0.006
6712.57972 16.194 0.006
6722.60449 16.408 0.007
6736.61575 16.353 0.008
6871.92515 16.043 0.006
6887.92303 16.348 0.007
6896.89380 16.398 0.008
6907.87656 16.338 0.007
6926.80565 16.162 0.007
6932.81429 16.215 0.007
6938.79973 16.256 0.008
6942.79721 16.371 0.008
6950.84802 16.341 0.007
6956.85084 16.378 0.007
6961.84545 16.278 0.007
6967.71687 16.295 0.008
6973.72236 16.349 0.007
6980.75931 16.093 0.006
6987.79028 16.321 0.008
6992.76244 16.194 0.007
6997.76821 16.057 0.007
7002.71203 16.393 0.008
7007.72335 16.307 0.007
7013.67673 16.351 0.008
7016.78242 16.374 0.007
7020.78661 16.104 0.007
7024.76022 16.301 0.007
7028.71341 16.305 0.007
7032.76778 16.189 0.007
7037.74314 16.055 0.006
7042.74073 16.392 0.007
7046.74192 16.136 0.007
7051.73248 16.163 0.006
7056.67289 16.371 0.008
7062.66461 16.382 0.007
7063.66028 16.089 0.007
7064.72370 16.279 0.007
7065.70877 16.385 0.008
7066.70444 16.138 0.007
7067.69813 16.295 0.007
7068.67397 16.339 0.007
7070.71922 16.323 0.007
7071.72546 16.186 0.007
7072.70615 16.177 0.008
7074.67195 16.100 0.008
7075.65176 16.207 0.008
7076.65689 16.348 0.008
7077.63574 16.041 0.006
7078.63559 16.217 0.008
7080.58822 16.042 0.006
7083.61499 16.072 0.006
7086.62312 16.117 0.007
7091.60396 16.292 0.007
7103.57196 16.080 0.006
7110.50848 16.291 0.007
7111.53144 16.343 0.008
7112.52945 16.147 0.007
7113.52461 16.320 0.008
7114.53337 16.241 0.007
7115.52767 16.183 0.007
7115.57885 16.191 0.007
7117.54457 16.128 0.007
7118.51766 16.200 0.007
7119.50458 16.350 0.008
7126.52790 16.092 0.006
7131.53246 16.347 0.008
7134.50272 16.272 0.008
7143.49729 16.071 0.008
7277.90426 16.062 0.008
7287.90439 16.305 0.008
7292.83697 16.193 0.008
7294.80069 16.078 0.006
7297.79889 16.038 0.007
7304.87832 16.290 0.007
7312.79572 16.169 0.007
7319.77738 16.367 0.008
7322.75003 16.385 0.008
7327.85274 16.308 0.008
7339.76112 16.375 0.007
7345.71967 16.385 0.008
7354.79650 16.112 0.007
7361.81935 16.253 0.007
7366.69191 16.097 0.006
7373.84524 16.320 0.007
7377.81717 16.040 0.006
7382.71540 16.382 0.008
7385.72885 16.392 0.008
7390.75067 16.305 0.006
7399.75528 16.354 0.008
7404.74488 16.266 0.007
7408.71800 16.381 0.007
7410.71939 16.293 0.008
7413.68210 16.318 0.008
7416.68902 16.336 0.007
7424.63143 16.236 0.006
7427.66705 16.258 0.007
7431.65789 16.342 0.007
7435.65118 16.173 0.006
7439.65726 16.352 0.008
7443.62860 16.050 0.006
7449.63431 16.096 0.007
7453.60874 16.291 0.007
7462.62344 16.354 0.006
7466.57092 16.044 0.007
7472.57769 16.123 0.007
7476.53340 16.308 0.007
7488.48721 16.374 0.008
7499.51033 16.312 0.008
7507.48254 16.228 0.007
