5260.64507 16.066 0.007
5261.64842 15.945 0.007
5262.64219 16.137 0.008
5264.60958 16.006 0.007
5265.61092 15.976 0.007
5266.60342 16.182 0.008
5267.61665 16.112 0.008
5268.59928 15.947 0.007
5269.56856 16.100 0.007
5270.55517 16.165 0.007
5271.57795 16.053 0.007
5273.56640 16.196 0.007
5274.59756 16.153 0.008
5275.58078 15.982 0.007
5276.57682 16.013 0.007
5279.56494 15.937 0.007
5281.54035 16.149 0.007
5282.55982 16.005 0.007
5284.56342 16.186 0.008
5286.54610 15.959 0.007
5288.55978 16.180 0.008
5291.55389 16.148 0.008
5293.54524 16.006 0.007
5295.50138 16.191 0.008
5297.52708 15.951 0.007
5298.57215 16.059 0.007
5301.53291 15.936 0.007
5306.52939 16.188 0.008
5308.53711 15.945 0.007
5309.55778 16.096 0.008
5310.55762 16.163 0.008
5311.52401 16.024 0.008
5313.50666 16.186 0.008
5314.52147 16.129 0.009
5322.46892 15.987 0.008
5325.48323 16.101 0.008
5327.48552 16.081 0.007
5335.47619 16.185 0.008
5341.49769 15.942 0.008
5343.50030 16.161 0.009
5430.91851 16.037 0.007
5439.92804 16.093 0.009
5444.89818 15.943 0.006
5448.91708 15.967 0.007
5451.83049 15.943 0.007
5454.90948 16.037 0.008
5457.77339 16.076 0.006
5459.88535 16.032 0.006
5462.88367 15.930 0.007
5467.85422 16.183 0.007
5468.84316 16.099 0.007
5470.81812 16.098 0.007
5471.86585 16.172 0.007
5473.80069 15.956 0.006
5477.80270 16.018 0.006
5478.81015 16.173 0.007
5481.74951 16.159 0.007
5483.78278 16.016 0.007
5484.79487 15.959 0.006
5485.82167 16.184 0.007
5487.74341 15.956 0.006
5488.74557 16.101 0.007
5489.83782 16.176 0.007
5490.74669 16.027 0.007
5491.86010 15.957 0.008
5492.78213 16.147 0.007
5493.80443 16.134 0.007
5494.84920 16.025 0.007
5495.80635 15.961 0.006
5496.80420 16.176 0.008
5497.83434 16.117 0.007
5499.74135 16.117 0.007
5502.81151 15.920 0.006
5503.76675 16.170 0.007
5505.73646 15.967 0.006
5506.75395 16.017 0.006
5507.77206 16.186 0.007
5509.68043 15.941 0.006
5510.73634 16.143 0.007
5511.71258 16.131 0.007
5512.75565 16.014 0.006
5513.72595 15.976 0.006
5514.75849 16.175 0.007
5515.67574 16.079 0.007
5516.76131 15.971 0.006
5517.67443 16.102 0.007
5518.77086 16.174 0.008
5519.69728 16.047 0.008
5521.71410 16.167 0.007
5522.73925 16.143 0.007
5523.70394 15.983 0.007
5524.71243 15.989 0.006
5525.74545 16.194 0.007
5526.69754 16.081 0.007
5527.77824 15.959 0.006
5528.71933 16.092 0.007
5529.69964 16.171 0.007
5530.70682 16.031 0.007
5531.79005 15.930 0.006
5532.69819 16.183 0.007
5533.72153 16.130 0.007
5534.75300 15.992 0.006
5535.72989 15.997 0.006
5536.73253 16.189 0.007
5539.74278 16.092 0.007
5540.82697 16.175 0.007
5541.69313 16.014 0.007
5542.75228 15.948 0.006
5543.78307 16.142 0.007
5544.77052 16.142 0.007
5545.75982 15.987 0.006
5546.70951 16.051 0.007
5547.76930 16.196 0.007
5548.73053 16.067 0.007
5549.69705 15.936 0.007
5550.74932 16.112 0.007
5551.70681 16.159 0.008
5553.75281 15.949 0.007
5556.70080 15.955 0.007
5557.68192 16.093 0.007
5558.68283 16.157 0.007
5559.72603 16.060 0.007
5560.66472 15.943 0.006
5561.69851 16.155 0.008
5562.71787 16.135 0.007
5563.65181 15.986 0.007
5565.68371 16.183 0.006
5566.71042 16.093 0.007
5568.73070 16.065 0.007
5569.72528 16.187 0.007
5570.76478 16.084 0.007
5571.69640 15.945 0.006
5572.81301 16.118 0.007
5575.71733 16.000 0.007
5576.69150 16.186 0.007
5577.69379 16.077 0.007
5578.70114 15.946 0.007
5579.75103 16.077 0.008
5580.69506 16.157 0.007
5581.69718 16.020 0.007
5582.70415 15.953 0.007
5583.71211 16.179 0.007
5584.69691 16.121 0.007
5585.69681 15.976 0.006
5586.66059 16.057 0.007
5587.64275 16.181 0.007
5588.74669 16.102 0.007
5589.65270 15.933 0.006
5591.69005 16.174 0.007
5592.67227 15.996 0.006
5594.67150 16.188 0.007
5595.65014 16.089 0.007
5596.71324 15.968 0.006
5597.63072 16.109 0.007
5598.69703 16.193 0.007
5599.66067 16.045 0.007
5600.69337 15.939 0.006
5601.67301 16.184 0.006
5602.67175 16.146 0.006
5603.67842 16.000 0.007
5604.67882 15.996 0.007
5605.68133 16.186 0.006
5606.69327 16.098 0.007
5607.70419 15.967 0.007
5608.69480 16.087 0.008
5609.72201 16.194 0.008
5611.65256 15.946 0.007
5612.70509 16.154 0.008
5613.66825 16.144 0.007
5614.66059 15.991 0.006
5615.65399 16.029 0.006
5616.67001 16.189 0.007
5619.65192 16.136 0.006
5622.64996 15.969 0.006
5623.61281 16.193 0.007
5624.55400 16.068 0.007
5625.64553 15.962 0.007
5626.60662 16.090 0.007
5627.57140 16.163 0.007
5629.61161 15.940 0.006
5630.62302 16.162 0.007
5632.57120 15.978 0.007
5633.62011 15.992 0.006
5634.58060 16.178 0.008
5635.58487 16.083 0.007
5638.58947 16.169 0.008
5639.59972 16.023 0.008
5640.53869 15.960 0.007
5641.56635 16.178 0.007
5642.51459 16.095 0.006
5643.51235 15.942 0.006
5644.51510 16.089 0.007
5645.51380 16.178 0.008
5646.52682 16.047 0.007
5647.52877 15.933 0.006
5648.52945 16.170 0.007
5649.54420 16.133 0.007
5650.52464 15.971 0.006
5651.53052 16.003 0.006
5652.52548 16.174 0.007
5653.55551 16.094 0.007
5654.56405 15.957 0.006
5655.55523 16.055 0.007
5656.56414 16.166 0.007
5657.52406 16.041 0.007
5659.52338 16.177 0.007
5660.56876 16.140 0.007
5664.50294 16.063 0.008
5665.51816 15.939 0.007
5666.51497 16.143 0.008
5667.49714 16.142 0.008
5668.50310 16.020 0.008
5669.49665 15.962 0.007
5670.54818 16.178 0.008
5671.49855 16.083 0.008
5672.49344 15.964 0.007
5674.50149 16.173 0.007
5675.49476 16.057 0.007
5676.55001 15.930 0.005
5677.49102 16.157 0.007
5678.52526 16.148 0.007
5679.49288 15.990 0.007
5680.54166 15.938 0.008
5681.50571 16.199 0.008
5682.50518 16.100 0.008
5683.51005 15.954 0.007
5684.51506 16.069 0.007
5685.48654 16.158 0.008
5686.48706 16.019 0.006
5687.48922 15.924 0.007
5691.48073 16.000 0.007
5694.49732 15.954 0.007
5695.48175 16.123 0.007
5696.49015 16.150 0.008
5697.48008 16.014 0.007
5699.48961 16.174 0.008
5700.48116 16.126 0.008
5702.47803 16.044 0.007
5706.47774 16.122 0.008
5709.46483 15.965 0.006
5784.93803 16.193 0.009
5796.90560 16.097 0.007
5803.88943 16.131 0.007
5805.85387 16.048 0.006
5806.90487 16.200 0.007
5809.86608 16.154 0.006
5810.86925 16.141 0.007
5812.86215 15.968 0.006
5814.91115 16.124 0.007
5815.89051 15.965 0.006
5816.86467 16.058 0.007
5817.86632 16.193 0.007
5818.89434 16.070 0.007
5819.84836 15.922 0.006
5822.83601 15.990 0.006
5823.91084 15.946 0.008
5825.82108 16.075 0.006
5826.86960 15.962 0.006
5827.86357 16.096 0.006
5828.88980 16.189 0.007
5829.86317 16.023 0.006
5830.85473 15.936 0.006
5831.84644 16.192 0.006
5832.83586 16.123 0.006
5833.82023 15.963 0.006
5834.82118 16.035 0.006
5835.88109 16.207 0.007
5836.78758 16.045 0.006
5837.86788 15.932 0.006
5839.84862 16.170 0.007
5840.83211 16.007 0.006
5841.82914 15.951 0.006
5842.84678 16.191 0.008
5843.86225 16.127 0.007
5845.87725 16.025 0.008
5846.83776 16.163 0.008
5850.80239 16.146 0.007
5851.81060 15.998 0.006
5853.86612 16.201 0.007
5854.76980 16.081 0.006
5855.83915 15.962 0.006
5856.81076 16.088 0.007
5858.84497 16.051 0.007
5859.81349 15.942 0.006
5860.79854 16.186 0.007
5861.80755 16.130 0.007
5863.81072 16.002 0.006
5864.71802 16.166 0.006
5865.78764 16.062 0.006
5866.81177 15.952 0.006
5867.75068 16.149 0.006
5868.85218 16.172 0.006
5869.81770 16.033 0.006
5870.75748 15.963 0.006
5871.74361 16.190 0.007
5872.75293 16.114 0.006
5873.74818 15.952 0.006
5874.78174 16.050 0.007
5874.78381 16.056 0.007
5875.71766 16.166 0.007
5878.81862 16.141 0.008
5879.72593 16.139 0.008
5880.75419 15.991 0.006
5881.74074 16.005 0.006
5882.77154 16.197 0.007
5883.77549 16.110 0.007
5885.70680 16.131 0.008
5886.74288 16.181 0.008
5887.81524 16.058 0.006
5888.80391 15.927 0.006
5889.84610 16.125 0.007
5890.77964 16.146 0.007
5891.73831 15.974 0.006
5892.75606 16.001 0.006
5893.77421 16.206 0.007
5894.79768 16.100 0.006
5895.81476 15.958 0.006
5896.79781 16.085 0.006
5897.74463 16.167 0.006
5898.72683 16.013 0.006
5899.78598 15.926 0.006
5900.73563 16.187 0.006
5901.78491 16.129 0.007
5902.73620 15.972 0.007
5903.79135 15.997 0.006
5904.76598 16.192 0.007
5905.74001 16.063 0.007
5906.75188 15.934 0.006
5907.72996 16.159 0.007
5908.75531 16.163 0.007
5909.79981 16.022 0.006
5910.71265 15.977 0.006
5911.74447 16.207 0.007
5912.76495 16.107 0.006
5913.73687 15.951 0.006
5914.75953 16.053 0.006
5915.71657 16.161 0.006
5916.77291 16.061 0.006
5917.73411 15.945 0.006
5922.75112 16.182 0.006
5923.72734 16.085 0.006
5924.70866 15.947 0.006
5925.72269 16.108 0.007
5926.73448 16.170 0.006
5927.73348 16.029 0.006
5929.70770 16.188 0.006
5930.85284 16.163 0.006
5931.67469 15.968 0.006
5932.67199 16.065 0.007
5933.72186 16.173 0.007
5934.71793 16.064 0.006
5935.66894 15.937 0.007
5936.66349 16.154 0.007
5937.69276 16.160 0.007
5938.69353 16.012 0.006
5939.73765 15.943 0.006
5940.77323 16.162 0.007
5941.77392 16.129 0.007
5942.79854 15.989 0.006
5943.75541 16.004 0.006
5944.74829 16.185 0.006
5945.72901 16.069 0.006
5946.66883 15.930 0.006
5946.78481 15.939 0.006
5947.73537 16.144 0.007
5948.72421 16.160 0.006
5949.74039 16.011 0.007
5950.66136 16.008 0.006
5951.68675 16.187 0.007
5952.71133 16.099 0.006
5953.70927 15.961 0.006
5954.70682 16.077 0.006
5955.72946 16.183 0.007
5956.72947 16.049 0.006
5958.74669 16.145 0.006
5959.71865 16.135 0.006
5960.72067 15.992 0.006
5961.65243 16.030 0.006
5962.65334 16.178 0.008
5963.62009 16.052 0.007
5964.63202 15.921 0.006
5965.63091 16.146 0.007
5967.65309 16.005 0.008
5968.65319 15.946 0.006
5969.62921 16.201 0.007
5970.60670 16.080 0.006
5971.69959 15.966 0.006
5972.68593 16.025 0.006
5973.66903 16.174 0.006
5974.62404 16.045 0.006
5976.65821 16.165 0.007
5977.69176 16.169 0.007
5978.66817 16.005 0.006
5979.61833 16.001 0.006
5980.64851 16.204 0.007
5981.65746 16.098 0.006
5982.66344 15.955 0.006
5983.70653 16.049 0.006
5984.64552 16.182 0.006
5985.67739 16.041 0.006
5986.60717 15.941 0.006
5987.68298 16.143 0.007
5988.64909 16.135 0.007
5989.61305 15.971 0.006
5990.60655 16.039 0.006
5991.68157 16.194 0.007
5992.64185 16.082 0.006
5993.59869 15.940 0.007
5994.59816 16.138 0.007
5995.64506 16.170 0.008
5996.61518 16.011 0.007
5997.61732 15.957 0.006
5998.61568 16.188 0.007
5998.67490 16.183 0.007
5999.65638 16.125 0.006
6000.63175 15.962 0.006
6002.59543 16.180 0.007
6003.56163 16.020 0.007
6004.62198 15.941 0.007
6005.60504 16.159 0.006
6006.58896 16.128 0.006
6007.58727 15.985 0.006
6008.62178 15.982 0.006
6009.56284 16.180 0.007
6010.61840 16.100 0.007
6011.57721 15.953 0.006
6012.61291 16.070 0.007
6013.55799 16.158 0.006
6014.57693 16.036 0.006
6015.57231 15.929 0.006
6016.61328 16.157 0.006
6017.57667 16.131 0.006
6018.53182 15.950 0.006
6019.58054 16.011 0.007
6020.60205 16.197 0.007
6021.58982 16.077 0.007
6022.60171 15.938 0.007
6023.57535 16.129 0.007
6024.59817 16.158 0.008
6025.59821 16.017 0.007
6026.54446 15.984 0.007
6028.58121 16.109 0.007
6029.59878 15.969 0.008
6032.51907 16.028 0.007
6033.50663 15.946 0.007
6034.51221 16.174 0.007
6035.53763 16.134 0.007
6036.51446 15.974 0.006
6037.51410 16.007 0.007
6038.50583 16.189 0.008
6039.51252 16.067 0.007
6040.51482 15.935 0.006
6047.48942 15.947 0.007
6048.48818 16.040 0.008
6049.51145 16.168 0.007
6050.48700 16.044 0.007
6052.50272 16.135 0.007
6053.49973 16.149 0.007
6055.50834 15.973 0.007
6056.49529 16.185 0.007
6057.50548 16.102 0.006
6058.49888 15.953 0.006
6059.49252 16.086 0.007
6060.49579 16.161 0.007
6061.48896 16.034 0.007
6062.48040 15.933 0.007
6064.48220 16.126 0.007
6070.48358 16.113 0.008
6079.46558 16.054 0.007
6123.92952 16.185 0.007
6137.92746 16.155 0.007
6164.91562 16.052 0.006
6165.92827 15.935 0.007
6171.89317 16.085 0.006
6174.91953 16.163 0.009
6179.91917 15.978 0.008
6180.87176 16.043 0.007
6181.88594 16.187 0.006
6182.89049 16.072 0.006
6183.89219 15.909 0.006
6185.86847 16.147 0.006
6186.86996 16.019 0.006
6191.89560 16.036 0.006
6193.90363 16.048 0.006
6196.88528 16.140 0.006
6199.83430 16.187 0.008
6202.84175 16.103 0.007
6204.87691 16.049 0.006
6207.88975 16.137 0.007
6208.79144 15.969 0.006
6210.88845 16.181 0.008
6212.84130 15.924 0.006
6216.83910 15.957 0.006
6219.82409 15.972 0.006
6221.83739 16.151 0.007
6222.83831 16.047 0.006
6223.79543 15.946 0.006
6224.86100 16.124 0.006
6225.74300 16.127 0.007
6226.75541 15.977 0.006
6229.79795 16.085 0.007
6230.74181 15.934 0.007
6231.76662 16.129 0.007
6232.83264 16.171 0.006
6233.84184 16.047 0.006
6234.84301 15.934 0.006
6235.79040 16.178 0.006
6236.80801 16.122 0.006
6238.84176 15.984 0.006
6239.81582 16.165 0.006
6240.85904 16.096 0.007
6241.81269 15.942 0.006
6242.85562 16.083 0.006
6243.82443 16.162 0.006
6244.76476 16.001 0.006
6245.78130 15.955 0.006
6248.79803 15.973 0.006
6251.78864 16.060 0.005
6254.79856 16.146 0.006
6257.82752 16.168 0.007
6262.75073 16.020 0.006
6265.82355 16.156 0.006
6270.84464 15.970 0.006
6274.83040 15.953 0.005
6278.77784 16.014 0.005
6282.80031 16.101 0.006
6286.73357 16.194 0.006
6289.80290 16.020 0.006
6294.82484 16.158 0.006
6306.72152 15.973 0.005
6312.71298 16.141 0.005
6317.70779 15.962 0.005
6323.68069 16.137 0.006
6329.63950 16.123 0.007
6333.63058 16.181 0.006
6340.64250 16.158 0.006
6343.58625 16.019 0.006
6347.61259 16.106 0.006
6356.62991 16.076 0.006
6363.54739 16.077 0.006
6371.57022 16.000 0.006
6378.55323 16.019 0.006
6387.54545 16.137 0.006
6396.55107 16.054 0.006
6404.53622 15.950 0.006
6416.51220 16.132 0.006
6509.93081 16.165 0.006
6520.90404 16.161 0.006
6531.91523 16.160 0.006
6547.88191 15.945 0.005
6561.84882 15.995 0.005
6571.85561 16.144 0.005
6578.87529 16.179 0.006
6583.80240 15.968 0.006
6608.84277 16.039 0.005
6612.77902 15.980 0.005
6616.74090 15.939 0.005
6622.79485 16.125 0.006
6628.82253 16.124 0.005
6638.74833 15.942 0.005
6645.74587 15.930 0.005
6649.75282 15.943 0.005
6654.77293 16.177 0.005
6658.79823 16.170 0.005
6662.78135 16.117 0.006
6667.84048 15.944 0.005
6672.78631 16.193 0.007
6680.78059 16.140 0.006
6690.67323 16.185 0.006
6697.72182 16.141 0.005
6705.68713 16.179 0.007
6712.65436 16.190 0.006
6722.61516 16.091 0.006
6736.62633 15.930 0.006
6871.93541 15.969 0.006
6888.90395 16.133 0.006
6896.90409 16.008 0.006
6907.88690 16.003 0.006
6926.81607 15.965 0.006
6932.82472 16.060 0.006
6938.81015 16.185 0.007
6942.80769 16.176 0.006
6950.85852 16.108 0.006
6956.86135 16.166 0.007
6961.85600 16.089 0.006
6967.72746 16.193 0.008
6973.73292 15.961 0.006
6980.76991 15.950 0.006
6987.80090 15.978 0.006
6992.77307 16.122 0.006
6997.77886 16.134 0.007
7002.72063 15.935 0.006
7007.73191 16.191 0.007
7013.68739 15.954 0.006
7016.79103 15.996 0.006
7020.79559 15.961 0.006
7024.77097 15.942 0.006
7028.72411 16.039 0.006
7032.77843 16.104 0.006
7037.75384 16.104 0.006
7042.75144 15.929 0.005
7047.71460 16.173 0.006
7051.74319 16.171 0.006
7056.68356 15.968 0.006
7062.67528 16.146 0.006
7080.59884 16.137 0.006
7083.62559 16.176 0.006
7086.63465 16.027 0.006
7091.61452 16.151 0.006
7103.58549 15.983 0.006
7112.59277 16.173 0.007
7115.58933 16.031 0.007
7119.54735 16.139 0.007
7131.54288 16.125 0.007
7134.51317 16.182 0.007
7137.54305 16.113 0.006
7143.50768 15.949 0.007
7278.85945 16.056 0.006
7292.84742 16.126 0.007
7294.81109 16.036 0.006
7297.80983 15.946 0.006
7304.88874 15.977 0.006
7312.80616 15.995 0.006
7322.76119 15.969 0.006
7327.86773 16.083 0.007
7339.77168 16.156 0.006
7345.73029 16.127 0.007
7354.80712 16.098 0.006
7361.82999 16.141 0.006
7366.70255 15.933 0.006
7373.85593 15.990 0.006
7377.82780 15.931 0.006
7382.72604 16.184 0.007
7385.73950 16.083 0.006
7390.76136 16.138 0.006
7399.76594 15.938 0.007
7403.78133 16.002 0.005
7408.72863 16.150 0.006
7410.73002 15.947 0.006
7413.69274 15.957 0.006
7416.69967 16.018 0.006
7424.64205 15.932 0.006
7427.67565 16.017 0.006
7431.66975 15.969 0.006
7435.66182 15.937 0.005
7439.66871 15.993 0.006
7443.63920 16.079 0.006
7449.64490 15.975 0.006
7453.62028 15.930 0.005
7462.63399 16.182 0.006
7466.58143 16.144 0.007
7472.58822 16.096 0.006
7476.54395 16.167 0.006
7488.49765 16.074 0.006
7499.52077 16.082 0.007
7508.46628 16.061 0.006
