5261.66150 16.281 0.008
5262.65553 16.055 0.008
5264.62463 16.374 0.010
5265.62407 15.951 0.008
5266.61805 16.137 0.008
5267.62984 16.293 0.009
5268.61221 16.237 0.008
5269.58159 16.048 0.008
5270.58380 16.232 0.008
5271.59110 16.371 0.008
5273.57941 16.150 0.008
5274.61065 16.304 0.009
5276.59004 16.075 0.008
5279.57818 15.979 0.008
5281.56834 16.314 0.008
5282.57294 16.103 0.008
5285.56297 16.377 0.010
5287.55656 16.167 0.009
5290.49295 16.085 0.008
5293.48886 16.000 0.008
5295.51768 16.332 0.009
5296.59288 15.953 0.008
5297.54047 16.111 0.008
5299.52305 16.360 0.009
5301.54608 16.214 0.008
5305.54372 16.282 0.008
5307.48010 16.027 0.008
5308.55013 16.220 0.008
5309.57090 16.383 0.009
5311.53712 16.136 0.009
5313.51969 16.201 0.009
5315.50041 16.227 0.009
5321.48691 16.074 0.008
5322.49704 16.248 0.009
5324.50138 15.985 0.008
5326.50887 16.298 0.008
5327.49888 16.065 0.008
5335.48933 16.107 0.008
5342.48951 16.111 0.010
5430.93153 16.197 0.012
5443.86866 16.334 0.008
5448.90011 16.016 0.007
5451.84320 16.014 0.008
5454.89246 16.347 0.009
5457.78705 16.334 0.008
5461.86490 16.315 0.009
5465.88413 15.973 0.008
5467.86697 16.301 0.009
5468.85597 16.265 0.008
5470.83100 16.224 0.008
5471.87860 16.388 0.008
5473.81344 16.157 0.008
5477.81658 16.242 0.008
5478.83839 16.399 0.008
5481.76225 16.316 0.008
5482.89181 16.054 0.009
5483.79519 16.086 0.008
5484.80764 16.255 0.008
5486.78937 16.001 0.008
5487.79061 16.176 0.008
5488.86234 16.342 0.008
5490.85425 16.111 0.008
5491.84228 16.289 0.008
5492.84635 16.376 0.009
5494.73733 16.183 0.008
5495.86658 16.360 0.008
5499.81062 16.348 0.008
5506.77623 16.291 0.008
5509.80361 16.399 0.008
5511.74292 16.138 0.008
5513.77120 16.208 0.008
5515.70604 16.237 0.008
5517.70482 15.964 0.008
5521.74448 16.080 0.008
5523.82343 16.389 0.008
5526.71639 16.319 0.008
5528.77294 16.119 0.008
5529.84131 16.262 0.008
5530.79327 16.379 0.008
5531.75463 16.012 0.007
5533.68678 16.322 0.008
5534.80490 15.973 0.007
5535.83863 16.128 0.009
5539.85814 16.220 0.009
5542.68837 16.106 0.007
5543.84865 16.313 0.008
5544.84391 16.221 0.008
5546.67515 16.209 0.008
5548.79315 15.967 0.007
5550.76499 16.304 0.008
5553.80667 16.229 0.009
5554.82537 16.395 0.008
5556.78765 16.170 0.008
5557.78587 16.322 0.008
5558.79453 16.081 0.008
5560.82346 16.262 0.008
5561.77865 16.405 0.008
5562.82384 16.033 0.008
5563.78435 16.195 0.008
5565.81129 15.998 0.008
5568.81995 16.376 0.008
5569.86285 16.048 0.008
5571.81086 16.352 0.008
5575.77713 16.347 0.008
5576.82444 16.057 0.007
5577.78529 16.220 0.009
5578.78210 16.378 0.009
5579.81522 15.967 0.008
5580.76097 16.139 0.008
5581.76338 16.292 0.008
5583.77843 16.068 0.008
5584.71197 16.216 0.008
5585.79940 16.389 0.009
5587.70805 16.121 0.008
5589.76697 16.172 0.008
5590.78819 16.090 0.007
5592.79007 16.392 0.008
5593.70727 15.972 0.007
5594.77240 16.190 0.008
5595.73525 16.324 0.008
5596.76549 16.089 0.008
5597.73477 16.099 0.007
5598.74437 16.261 0.008
5599.75911 16.392 0.008
5600.75868 16.006 0.007
5601.75220 16.179 0.008
5602.74246 16.348 0.008
5604.74708 16.101 0.008
5605.75068 16.276 0.008
5608.72750 16.198 0.009
5609.73707 16.359 0.009
5611.72359 16.105 0.008
5612.72237 16.271 0.010
5615.68392 16.188 0.008
5623.62793 16.373 0.008
5625.66072 16.145 0.008
5627.65708 16.253 0.008
5630.63805 16.382 0.008
5632.60141 16.148 0.008
5634.61286 16.202 0.008
5638.60471 15.986 0.008
5640.56988 16.302 0.008
5642.54609 16.067 0.007
5644.54640 16.384 0.008
5646.54210 16.168 0.008
5648.54492 16.094 0.008
5650.57462 16.262 0.008
5653.59205 16.182 0.007
5655.57093 15.992 0.008
5657.57007 16.258 0.008
5659.59006 16.031 0.008
5667.54491 16.205 0.008
5668.53466 16.371 0.009
5671.54796 16.297 0.010
5674.55411 16.217 0.008
5675.54540 16.378 0.008
5677.54390 16.159 0.008
5681.52171 16.213 0.008
5683.52534 15.979 0.008
5686.51848 16.092 0.008
5687.50465 16.088 0.008
5692.48930 16.305 0.011
5695.49684 16.260 0.008
5697.49883 16.006 0.008
5700.49634 15.964 0.009
5787.89889 16.135 0.008
5802.89351 16.315 0.008
5805.86918 16.249 0.008
5807.91574 16.005 0.008
5810.88478 16.047 0.008
5813.85674 16.410 0.008
5817.88127 15.979 0.007
5820.86457 16.357 0.008
5823.85708 16.357 0.008
5825.89101 16.138 0.007
5827.87842 16.276 0.008
5830.86971 16.387 0.008
5832.85096 16.145 0.008
5834.83610 16.235 0.007
5836.81897 16.229 0.008
5840.87848 16.327 0.008
5844.80671 16.403 0.009
5850.88253 16.277 0.008
5851.85785 16.386 0.008
5852.83905 16.038 0.009
5855.86945 15.972 0.007
5856.87587 16.123 0.009
5857.87649 16.290 0.010
5860.84734 16.212 0.008
5861.86992 16.377 0.008
5862.82811 15.953 0.006
5864.76497 16.266 0.007
5866.82730 16.060 0.007
5870.82087 16.139 0.008
5871.78005 16.283 0.008
5873.79348 16.055 0.007
5874.83215 16.225 0.008
5878.86028 16.307 0.008
5881.77268 16.238 0.008
5882.83203 16.394 0.008
5885.83192 16.344 0.008
5886.84974 16.025 0.008
5887.82976 16.093 0.007
5890.84128 16.019 0.007
5891.82834 16.199 0.008
5893.73979 16.036 0.007
5895.78049 16.258 0.008
5896.82785 16.352 0.008
5898.82159 16.201 0.008
5899.80098 16.352 0.008
5900.85879 15.955 0.008
5901.84785 16.138 0.008
5902.80177 16.288 0.008
5903.83629 16.279 0.008
5904.80453 16.050 0.007
5905.80974 16.214 0.008
5906.80283 16.379 0.009
5907.78504 15.963 0.007
5908.80136 16.151 0.008
5910.81252 16.213 0.008
5911.76011 16.060 0.007
5912.84211 16.235 0.008
5913.84772 16.407 0.008
5914.83718 15.991 0.007
5915.80074 16.166 0.007
5916.83486 16.327 0.007
5917.79801 16.139 0.007
5922.85062 16.200 0.008
5924.79763 16.062 0.007
5925.83596 16.106 0.008
5927.79726 16.390 0.008
5929.81907 16.195 0.008
5931.76672 16.002 0.007
5932.79143 16.114 0.008
5933.81845 16.275 0.009
5934.81988 16.348 0.009
5936.81184 16.204 0.008
5937.76456 16.361 0.008
5938.78464 15.962 0.007
5939.78800 16.147 0.008
5940.80326 16.283 0.008
5941.78879 16.310 0.008
5942.81381 16.050 0.007
5943.78694 16.212 0.008
5944.77804 16.372 0.008
5945.75942 15.961 0.006
5946.79959 16.151 0.008
5947.76577 16.302 0.008
5948.75478 16.250 0.008
5949.77038 16.066 0.008
5950.72301 16.233 0.007
5952.79768 15.977 0.007
5954.74490 16.312 0.007
5956.76086 16.085 0.007
5959.74962 15.984 0.007
5962.66854 16.149 0.008
5963.72914 16.090 0.008
5965.67951 16.378 0.008
5967.75860 16.185 0.008
5969.72764 16.015 0.007
5972.73702 16.384 0.008
5974.66625 16.197 0.007
5976.69520 15.982 0.007
5977.70692 16.128 0.008
5979.70634 16.350 0.008
5981.67249 16.205 0.008
5982.69353 16.370 0.008
5984.69327 16.138 0.008
5986.71602 16.261 0.007
5988.67916 16.226 0.008
5989.66439 16.370 0.008
5990.65002 15.961 0.007
5992.67186 16.303 0.008
5994.66476 16.071 0.007
5995.68493 16.241 0.009
5997.64754 15.967 0.008
5999.67476 16.309 0.008
6001.62575 16.076 0.007
6004.63798 15.984 0.008
6009.59898 16.255 0.008
6017.59252 16.389 0.008
6018.59599 15.999 0.008
6019.62446 16.194 0.008
6021.60541 15.943 0.008
6022.61891 16.118 0.008
6023.59125 16.281 0.008
6024.61403 16.295 0.009
6033.57902 16.218 0.009
6035.55291 15.953 0.007
6037.54707 16.278 0.008
6038.55307 16.182 0.009
6039.55761 16.043 0.008
6040.54484 16.230 0.008
6042.54309 15.927 0.008
6047.53446 16.247 0.008
6048.51853 16.405 0.008
6049.52684 15.992 0.007
6052.51868 16.069 0.008
6056.51177 16.013 0.008
6059.50790 15.993 0.008
6068.47890 16.256 0.008
6080.46705 15.935 0.008
6149.91710 16.037 0.008
6163.92210 16.064 0.008
6173.90867 15.994 0.008
6183.90763 15.964 0.007
6185.88483 16.293 0.007
6196.81709 16.374 0.008
6199.86886 16.287 0.008
6202.87267 16.249 0.008
6207.85538 16.090 0.008
6208.85567 16.093 0.008
6214.85779 16.001 0.008
6216.88714 16.269 0.009
6218.86034 16.016 0.007
6220.76598 16.333 0.009
6223.82633 16.267 0.007
6226.78637 16.200 0.008
6230.80302 16.273 0.009
6233.85699 16.216 0.007
6236.87301 16.141 0.009
6241.85136 16.394 0.008
6244.86055 16.325 0.008
6248.82801 16.396 0.008
6251.81860 16.337 0.007
6254.76424 16.248 0.007
6257.84498 16.200 0.008
6262.78108 16.363 0.007
6265.84599 16.369 0.007
6269.82166 16.257 0.007
6275.82602 16.311 0.007
6280.77871 15.959 0.006
6284.84171 16.089 0.006
6288.74969 16.170 0.007
6292.81925 16.264 0.007
6297.76662 15.974 0.007
6303.77386 16.348 0.007
6308.78300 16.049 0.007
6318.68843 15.978 0.007
6321.53774 16.314 0.008
6321.71818 16.148 0.007
6322.68971 16.062 0.007
6338.64025 16.385 0.007
6355.56677 16.349 0.007
6361.61450 16.228 0.006
6369.59244 16.367 0.007
6375.58936 16.238 0.007
6382.55547 16.244 0.008
6390.54821 16.322 0.007
6399.49405 16.214 0.007
6510.93232 16.357 0.009
6521.91779 16.188 0.008
6534.91412 16.340 0.007
6537.89457 16.284 0.007
6552.85659 16.331 0.007
6568.87304 16.245 0.007
6575.86995 16.271 0.006
6582.81347 16.277 0.007
6586.76718 16.361 0.008
6595.80067 16.136 0.006
6607.80767 16.403 0.008
6614.75838 16.386 0.007
6618.81404 15.993 0.006
6627.78943 16.284 0.007
6637.84192 16.230 0.007
6644.81996 16.240 0.007
6650.79735 16.072 0.006
6654.78907 16.177 0.006
6659.70371 16.390 0.007
6663.79137 15.955 0.006
6668.79458 16.196 0.006
6674.73363 16.060 0.007
6680.79676 16.115 0.007
6685.74892 16.161 0.007
6693.67416 16.323 0.007
6698.72093 16.015 0.007
6703.68500 16.266 0.008
6708.68836 15.959 0.006
6712.68862 16.030 0.007
6715.67924 15.939 0.006
6729.67186 15.971 0.006
6741.63868 16.247 0.006
6884.91451 15.960 0.007
6910.87899 16.281 0.009
6921.85228 16.369 0.008
6928.81408 16.367 0.008
6936.81965 15.983 0.006
6939.82829 16.061 0.008
6949.84571 16.350 0.008
6955.82103 16.281 0.007
6961.87101 16.141 0.008
6967.80536 15.971 0.008
6972.77734 16.234 0.007
6973.76874 16.377 0.008
6973.78445 16.383 0.008
6974.79378 15.980 0.007
6975.70891 16.137 0.008
6976.83159 16.327 0.008
6977.73299 16.109 0.007
6978.76551 16.085 0.007
6978.77760 16.091 0.007
6984.75938 15.996 0.007
6990.76578 16.343 0.008
6995.78544 16.040 0.007
7000.82200 16.299 0.008
7004.83104 16.374 0.008
7008.80270 16.114 0.007
7012.75929 15.983 0.007
7015.77995 16.057 0.007
7019.74904 15.997 0.006
7019.78075 16.001 0.007
7020.66083 16.162 0.007
7021.74091 16.332 0.007
7022.67342 16.061 0.007
7023.66408 16.104 0.008
7023.78925 16.103 0.008
7024.67938 16.267 0.008
7025.62733 16.392 0.008
7026.78072 16.022 0.007
7030.79309 16.118 0.007
7034.74710 16.217 0.008
7038.77222 16.296 0.008
7042.76639 16.381 0.007
7048.74866 16.244 0.007
7053.71702 16.112 0.008
7057.71264 15.992 0.007
7062.70764 16.255 0.007
7067.70294 15.954 0.006
7068.67873 16.106 0.007
7069.68839 16.273 0.007
7070.72403 16.326 0.007
7071.73024 16.025 0.007
7072.71096 16.202 0.008
7075.69143 16.121 0.007
7080.64213 16.368 0.008
7082.63079 16.127 0.008
7085.64646 16.048 0.007
7088.62774 15.958 0.006
7091.62981 16.146 0.008
7098.61241 16.075 0.007
7104.60133 16.308 0.006
7111.59869 16.324 0.008
7114.57222 16.256 0.007
7117.57526 16.198 0.008
7120.57259 16.130 0.008
7127.55594 16.133 0.007
7132.55893 16.372 0.008
7135.54187 16.298 0.007
7139.52716 16.390 0.008
7142.50500 16.305 0.007
7282.89560 16.148 0.008
7291.89582 16.126 0.007
7294.85865 16.406 0.008
7299.86712 16.089 0.007
7306.82709 16.084 0.007
7312.82175 15.970 0.007
7324.75887 16.221 0.008
7341.73744 16.157 0.007
7346.76482 16.393 0.008
7355.72260 16.197 0.007
7366.75243 16.283 0.007
7374.85525 16.049 0.007
7377.84247 16.393 0.008
7382.74217 16.093 0.007
7386.72145 16.172 0.007
7389.76428 16.101 0.007
7398.71885 16.319 0.007
7402.77544 15.954 0.006
7405.74893 16.213 0.007
7409.71787 15.960 0.007
7413.70757 16.071 0.008
7425.70145 16.320 0.007
7429.66846 16.360 0.007
7436.64478 16.361 0.008
7441.65143 16.103 0.007
7445.63016 16.209 0.007
7450.63321 16.198 0.008
7457.60420 16.128 0.006
7463.60495 16.302 0.007
7467.56571 16.384 0.008
7471.59673 15.977 0.007
7475.57058 16.013 0.007
7487.51992 16.277 0.008
7495.49437 16.203 0.008
7508.48143 16.309 0.007
