5260.61418 17.131 0.014
5261.52922 16.993 0.012
5262.62585 17.005 0.012
5263.60665 17.141 0.012
5264.59446 17.170 0.014
5265.52341 17.013 0.014
5266.58826 16.931 0.014
5267.60064 17.095 0.015
5268.58427 17.167 0.016
5269.55349 17.050 0.013
5270.57061 16.975 0.012
5271.56245 17.117 0.014
5273.55139 17.003 0.012
5274.58239 16.968 0.013
5275.56585 17.128 0.013
5276.56148 17.165 0.013
5279.54992 17.089 0.016
5280.54819 17.145 0.015
5281.52513 17.015 0.014
5282.54406 17.035 0.013
5283.49571 17.160 0.020
5286.52515 17.052 0.014
5288.54182 17.156 0.015
5291.53331 17.116 0.014
5294.56510 17.019 0.014
5295.48631 17.184 0.017
5296.57627 17.145 0.015
5298.55692 17.028 0.014
5301.51706 16.972 0.013
5306.51448 17.099 0.014
5307.54256 17.133 0.015
5310.54263 17.065 0.017
5313.49172 16.939 0.017
5314.50643 17.093 0.019
5321.46862 16.916 0.014
5323.48798 17.170 0.015
5324.48710 17.091 0.017
5326.49504 17.083 0.014
5328.49809 17.063 0.014
5337.48252 16.955 0.015
5341.48251 17.001 0.018
5430.90370 17.108 0.014
5439.91309 16.954 0.013
5445.84590 17.161 0.014
5449.83086 17.141 0.012
5453.88591 17.131 0.012
5455.85950 16.969 0.010
5457.90259 17.130 0.012
5462.89871 17.095 0.013
5465.86143 17.170 0.019
5468.82818 17.128 0.013
5470.80063 16.972 0.011
5471.85098 16.929 0.011
5473.77909 17.093 0.012
5477.75486 17.069 0.010
5478.79532 16.958 0.011
5481.73453 17.078 0.012
5482.78531 16.968 0.011
5484.77941 17.131 0.012
5485.78879 17.083 0.011
5486.87416 17.051 0.014
5487.87085 16.946 0.011
5488.87978 17.092 0.012
5490.73077 16.922 0.012
5491.75128 17.081 0.013
5492.77383 17.155 0.014
5493.79614 17.128 0.014
5494.84086 16.995 0.013
5495.79805 17.057 0.013
5496.79586 17.154 0.017
5497.82604 17.138 0.014
5502.80321 16.955 0.010
5503.75844 17.099 0.011
5505.72812 17.056 0.013
5506.74561 16.961 0.010
5507.76374 17.086 0.011
5509.67210 16.956 0.011
5510.72803 17.018 0.011
5511.70423 17.131 0.012
5512.74729 17.171 0.012
5513.71759 17.000 0.011
5514.75014 16.929 0.010
5515.66740 17.138 0.014
5516.75296 17.162 0.012
5517.66610 16.997 0.012
5518.76249 16.947 0.017
5519.68891 17.133 0.018
5521.70578 16.990 0.014
5522.73090 17.024 0.015
5523.69559 17.157 0.013
5524.70403 17.133 0.013
5525.73711 16.997 0.011
5526.68914 17.026 0.011
5527.76987 17.105 0.011
5528.71096 17.136 0.013
5529.69124 17.014 0.012
5530.69847 17.089 0.012
5531.78166 17.074 0.010
5532.68980 17.106 0.011
5533.71313 16.998 0.012
5534.74465 17.021 0.011
5535.72149 17.133 0.012
5536.72413 17.143 0.012
5539.73438 17.099 0.011
5540.81853 17.178 0.013
5541.68469 17.019 0.013
5542.74309 16.993 0.010
5543.77464 17.141 0.014
5544.76212 17.158 0.012
5545.75139 17.044 0.012
5546.70106 17.093 0.013
5547.76086 17.127 0.014
5548.72211 17.138 0.013
5549.68699 16.970 0.013
5550.74085 16.983 0.012
5551.69835 17.122 0.015
5553.74440 17.030 0.013
5554.67772 17.092 0.017
5556.69233 17.092 0.012
5557.67349 16.945 0.010
5558.67440 17.103 0.013
5559.69204 17.144 0.015
5560.65625 17.065 0.011
5561.69004 16.934 0.012
5562.70939 17.046 0.011
5563.64336 17.139 0.013
5565.67526 16.995 0.011
5566.70193 17.107 0.012
5568.72224 17.096 0.014
5569.71680 16.970 0.012
5570.75634 17.040 0.014
5571.68733 17.167 0.012
5572.80455 17.141 0.013
5575.70886 17.143 0.013
5576.68306 17.075 0.011
5577.68500 16.976 0.011
5578.69160 17.098 0.013
5579.74255 17.122 0.015
5580.68657 17.042 0.011
5581.68871 16.962 0.012
5582.69567 17.111 0.013
5583.70244 17.166 0.012
5584.68845 17.072 0.012
5585.68832 16.920 0.012
5586.65209 17.084 0.013
5587.63424 17.138 0.014
5588.73818 17.127 0.013
5589.64424 17.008 0.011
5591.68155 17.141 0.011
5592.66379 17.030 0.011
5593.64679 16.974 0.011
5594.66298 17.109 0.012
5595.64163 17.164 0.011
5596.70477 17.082 0.011
5597.62223 17.033 0.011
5598.68855 17.078 0.011
5599.65215 17.139 0.013
5600.68488 17.077 0.011
5601.66454 17.008 0.010
5602.66324 17.103 0.011
5603.67200 17.157 0.015
5604.67239 17.031 0.013
5605.67423 16.957 0.010
5606.68558 17.109 0.013
5607.69776 17.145 0.015
5608.68838 17.075 0.016
5608.69714 17.071 0.017
5609.71561 16.942 0.015
5611.64617 17.147 0.016
5612.69868 17.072 0.016
5613.66186 17.001 0.014
5614.65378 17.104 0.012
5615.64756 17.134 0.013
5616.65633 16.996 0.012
5619.64549 17.149 0.011
5622.64148 17.087 0.014
5623.60435 17.084 0.012
5624.54543 16.960 0.012
5625.63707 17.051 0.012
5626.59818 17.162 0.014
5627.56290 17.057 0.011
5629.60312 17.074 0.011
5630.61457 17.143 0.014
5632.56267 16.989 0.013
5633.61165 17.082 0.012
5634.57209 17.141 0.014
5635.57641 17.045 0.013
5638.58099 17.163 0.018
5639.59126 17.092 0.017
5640.53023 16.984 0.015
5641.55789 17.105 0.014
5642.50611 17.114 0.011
5643.50390 16.986 0.011
5644.50662 17.070 0.012
5645.50536 17.138 0.015
5646.51836 17.130 0.013
5647.52031 16.988 0.011
5648.52100 16.995 0.012
5649.53576 17.133 0.013
5650.51618 17.153 0.013
5651.52207 17.019 0.010
5652.51702 17.046 0.012
5653.54711 17.094 0.013
5654.55563 17.128 0.013
5655.54680 17.054 0.014
5656.55568 17.023 0.012
5657.51563 17.120 0.015
5659.51493 16.986 0.012
5660.56032 16.966 0.011
5664.49450 17.085 0.017
5665.50975 17.105 0.017
5666.50656 17.101 0.016
5667.48873 16.981 0.014
5668.49424 17.120 0.016
5669.48826 17.148 0.014
5670.53974 17.149 0.016
5671.49013 16.916 0.017
5672.48504 17.078 0.013
5674.49308 17.123 0.013
5675.48594 16.988 0.013
5676.54121 16.956 0.008
5677.48265 17.147 0.013
5678.51685 17.104 0.013
5679.48447 16.962 0.013
5680.53254 17.053 0.014
5681.49733 17.149 0.016
5682.49668 17.111 0.015
5683.50123 16.938 0.013
5684.50609 17.078 0.014
5685.47779 17.160 0.016
5686.47867 17.105 0.012
5687.48083 16.971 0.014
5691.47235 16.962 0.014
5692.52254 17.106 0.018
5694.48897 17.059 0.016
5695.47339 16.917 0.012
5696.48179 17.084 0.018
5697.47171 17.142 0.016
5699.48126 16.943 0.018
5700.47283 17.094 0.017
5702.46971 17.059 0.016
5706.46940 17.048 0.016
5709.45648 17.117 0.015
5784.92981 17.125 0.014
5796.89739 17.125 0.013
5803.88118 17.134 0.013
5805.84566 16.961 0.011
5806.89665 17.083 0.011
5809.85788 16.915 0.009
5810.86100 17.083 0.012
5812.85390 17.066 0.011
5814.90289 17.057 0.013
5815.88229 17.143 0.012
5816.85644 17.045 0.014
5817.85811 16.957 0.011
5818.88613 17.094 0.013
5819.84010 17.171 0.012
5820.90752 17.114 0.012
5822.82774 17.086 0.012
5823.90262 17.141 0.013
5824.82458 17.042 0.011
5825.81285 17.017 0.010
5826.86135 17.090 0.012
5827.85532 17.141 0.011
5828.88153 17.085 0.011
5829.85492 16.966 0.009
5830.84649 17.093 0.011
5831.83820 17.175 0.010
5832.82759 17.022 0.010
5833.81197 16.956 0.011
5834.81289 17.073 0.010
5835.87281 17.158 0.012
5836.77933 17.013 0.010
5837.85867 16.968 0.011
5839.84034 17.135 0.012
5840.82384 16.993 0.010
5841.82086 16.991 0.011
5842.83846 17.116 0.015
5843.85395 17.176 0.012
5845.86898 16.928 0.015
5846.82942 17.077 0.018
5850.79410 17.116 0.012
5851.80234 17.105 0.013
5852.78610 16.973 0.014
5854.76115 17.131 0.011
5855.83084 17.148 0.011
5856.80244 16.988 0.013
5858.83667 17.080 0.015
5859.80516 17.119 0.012
5860.79025 17.010 0.011
5861.79923 17.076 0.012
5863.80178 17.103 0.011
5864.70972 16.914 0.009
5865.77931 17.079 0.012
5866.80345 17.131 0.011
5867.74238 17.060 0.012
5868.84384 16.984 0.010
5869.80936 17.012 0.010
5870.74915 17.129 0.012
5871.73525 17.033 0.011
5872.74460 16.963 0.010
5873.73984 17.088 0.011
5874.77339 17.162 0.015
5875.70932 17.037 0.013
5878.76597 17.161 0.017
5879.69438 17.024 0.015
5880.74586 17.005 0.013
5881.73239 17.101 0.011
5882.76318 17.138 0.012
5883.76714 17.061 0.014
5885.69845 17.123 0.016
5886.73452 17.151 0.015
5887.80689 17.102 0.011
5888.79556 16.963 0.012
5889.83772 17.061 0.012
5890.77125 17.165 0.012
5891.72994 17.038 0.011
5892.74771 16.983 0.011
5893.76581 17.092 0.011
5894.78929 17.142 0.011
5895.80636 17.114 0.013
5896.78942 17.001 0.011
5897.73623 17.107 0.011
5898.71841 17.156 0.012
5899.77758 17.075 0.011
5900.72723 16.934 0.010
5901.77652 17.107 0.012
5902.72777 17.161 0.016
5903.78296 17.101 0.013
5904.75758 16.967 0.011
5905.73162 17.084 0.013
5906.74349 17.137 0.014
5907.72157 17.008 0.012
5908.74689 16.996 0.012
5909.79140 17.090 0.013
5910.70420 17.133 0.012
5911.73604 17.014 0.011
5912.75651 16.925 0.010
5913.72847 17.106 0.011
5914.75108 17.154 0.011
5915.70814 17.027 0.010
5916.76199 16.952 0.009
5917.72563 17.097 0.010
5922.74267 17.140 0.011
5923.71890 17.000 0.009
5924.70022 17.029 0.010
5925.71425 17.102 0.012
5926.72605 17.126 0.011
5927.72503 17.043 0.011
5929.69923 17.124 0.012
5930.84438 17.121 0.009
5931.66570 16.919 0.011
5932.66353 17.077 0.012
5933.71339 17.139 0.013
5934.70945 17.113 0.012
5935.66045 16.987 0.018
5936.65458 17.067 0.015
5937.68429 17.118 0.012
5938.68508 17.103 0.012
5939.72913 17.028 0.012
5940.76476 16.952 0.011
5941.76544 17.089 0.012
5942.78952 17.129 0.011
5943.74693 17.014 0.012
5944.73981 17.038 0.010
5945.72052 17.128 0.010
5946.65996 17.083 0.011
5946.77631 17.170 0.013
5947.72690 16.949 0.011
5948.71572 17.037 0.011
5949.73189 17.128 0.013
5950.65287 17.057 0.010
5951.67826 16.960 0.011
5952.70285 17.107 0.010
5953.70080 17.135 0.012
5954.69834 17.089 0.009
5955.72096 16.968 0.011
5956.72100 17.077 0.011
5958.73819 17.134 0.014
5959.71015 16.944 0.010
5960.71220 17.048 0.011
5961.64393 17.139 0.011
5962.64483 17.040 0.014
5963.61156 17.022 0.013
5964.62352 17.130 0.015
5965.62247 17.145 0.013
5967.64461 16.950 0.014
5968.64472 17.089 0.013
5969.62071 17.141 0.011
5970.59821 17.015 0.010
5971.69109 16.941 0.010
5972.67745 17.084 0.010
5973.66052 17.150 0.010
5974.61557 17.001 0.011
5976.64970 17.075 0.012
5977.68327 17.131 0.011
5978.65971 17.019 0.010
5979.60987 17.005 0.011
5980.62554 17.149 0.010
5981.64900 17.154 0.012
5982.65493 17.045 0.012
5983.69755 16.924 0.009
5984.63699 17.100 0.010
5985.66891 17.146 0.012
5986.59869 16.972 0.010
5987.67415 17.007 0.011
5988.64062 17.112 0.012
5989.60456 17.112 0.012
5990.59807 16.986 0.014
5991.67308 16.936 0.012
5992.63334 17.094 0.012
5993.59020 17.106 0.013
5994.58889 17.009 0.013
5995.63659 17.002 0.014
5996.60666 17.141 0.016
5997.60885 17.111 0.014
5998.60719 16.993 0.012
5998.67058 17.086 0.013
5999.64792 17.021 0.011
6000.62328 17.132 0.012
6002.58699 16.940 0.010
6003.55310 17.091 0.015
6004.61351 17.144 0.013
6005.59654 17.105 0.011
6006.58050 17.000 0.011
6007.57883 17.097 0.011
6008.61328 17.131 0.011
6009.55440 17.040 0.014
6010.60997 16.965 0.013
6011.56874 17.111 0.012
6012.56782 17.176 0.014
6013.54956 17.087 0.011
6014.56849 16.941 0.011
6015.56387 17.099 0.012
6016.60453 17.135 0.011
6017.56771 17.052 0.012
6018.52308 17.051 0.013
6019.57111 17.102 0.014
6020.59362 17.143 0.012
6021.58135 17.074 0.014
6022.59285 16.974 0.013
6023.56690 17.120 0.012
6024.58972 17.163 0.016
6025.58975 17.092 0.018
6026.53602 17.000 0.016
6028.57278 17.184 0.018
6032.51066 17.154 0.017
6033.49821 17.008 0.015
6034.50381 17.008 0.012
6035.52919 17.108 0.012
6036.50604 17.131 0.013
6037.50570 17.019 0.015
6038.49741 17.073 0.018
6039.50409 17.149 0.016
6040.50641 17.118 0.013
6047.48100 17.142 0.016
6048.47977 17.103 0.014
6049.50307 17.014 0.012
6050.47865 17.106 0.016
6052.49431 17.099 0.015
6053.49136 16.974 0.013
6055.49996 17.167 0.016
6056.48693 17.113 0.014
6057.49292 16.942 0.011
6058.49049 17.069 0.012
6059.48413 17.127 0.014
6060.48689 17.097 0.014
6061.47802 17.001 0.014
6062.47205 17.118 0.014
6123.92126 17.031 0.010
6137.91924 17.091 0.012
6158.93229 17.132 0.019
6164.90660 16.988 0.011
6165.91912 17.085 0.012
6171.88494 16.950 0.010
6174.91108 17.150 0.016
6179.91095 17.035 0.014
6180.86352 17.109 0.014
6181.87771 17.155 0.012
6182.88225 17.116 0.011
6183.88398 16.949 0.009
6184.91052 16.989 0.012
6185.86023 17.148 0.011
6186.86173 17.095 0.010
6191.88735 16.967 0.009
6193.87463 17.189 0.011
6194.89157 17.110 0.010
6196.87703 17.063 0.010
6199.82603 17.028 0.014
6202.83351 17.049 0.014
6204.86864 17.087 0.011
6207.88148 16.948 0.012
6208.78943 17.096 0.012
6210.88018 17.107 0.012
6212.83299 17.101 0.012
6214.88415 17.092 0.019
6215.87196 16.995 0.016
6216.83080 17.109 0.011
6219.81580 16.968 0.011
6221.82909 17.153 0.014
6222.83001 17.050 0.012
6223.78711 17.058 0.010
6224.85270 17.091 0.010
6225.73468 17.111 0.014
6226.74707 16.933 0.011
6229.78962 17.134 0.013
6230.73350 17.016 0.013
6231.75831 17.113 0.013
6232.82430 17.092 0.011
6233.83083 17.139 0.011
6234.83469 17.038 0.010
6235.78208 17.072 0.011
6236.79967 17.135 0.011
6237.87568 17.134 0.017
6238.83340 17.019 0.010
6239.80746 16.996 0.010
6240.85070 17.119 0.013
6241.80434 17.140 0.012
6242.84730 17.041 0.010
6243.81567 16.960 0.011
6244.75641 17.147 0.013
6245.77292 17.099 0.011
6248.78965 17.126 0.010
6251.78028 17.052 0.009
6254.79020 16.995 0.009
6257.81912 17.133 0.013
6262.74231 16.907 0.009
6265.81469 17.150 0.009
6270.83032 17.041 0.010
6274.82197 16.980 0.009
6278.76904 16.959 0.009
6282.79187 17.009 0.010
6286.72513 16.928 0.009
6289.79446 17.111 0.011
6294.81635 17.016 0.010
6299.77289 17.111 0.011
6306.71304 17.028 0.010
6312.68890 17.125 0.011
6317.69856 16.968 0.010
6323.67179 17.119 0.010
6329.63100 16.924 0.010
6333.62182 17.003 0.010
6340.63399 17.019 0.009
6343.57779 17.104 0.011
6347.60405 17.114 0.011
6356.62146 17.035 0.009
6363.53890 17.098 0.011
6371.56157 17.097 0.010
6378.54463 17.136 0.011
6387.53687 17.075 0.010
6396.54264 16.923 0.009
6404.52777 17.006 0.012
6416.50380 17.053 0.012
6509.92256 17.058 0.009
6520.89577 17.171 0.010
6531.90695 17.119 0.010
6547.87323 17.106 0.009
6561.84052 17.015 0.010
6571.84730 17.134 0.009
6577.88792 17.014 0.011
6583.79408 17.132 0.011
6608.83440 17.064 0.009
6612.77061 16.966 0.009
6616.73244 16.987 0.009
6622.78644 17.146 0.010
6628.81410 17.034 0.009
6638.73985 17.152 0.009
6645.73739 17.146 0.011
6649.74432 17.102 0.009
6654.76446 17.138 0.009
6658.79177 17.148 0.008
6662.77289 17.155 0.011
6672.77781 16.948 0.012
6680.77207 16.984 0.010
6690.66471 17.120 0.009
6697.71328 17.094 0.009
6705.67857 17.170 0.012
6712.64584 17.140 0.010
6722.60661 17.013 0.009
6736.61783 17.118 0.014
6871.92716 17.076 0.012
6887.92553 17.098 0.011
6896.89585 16.921 0.010
6907.87864 17.014 0.011
6926.80777 17.063 0.010
6932.81644 17.107 0.011
6938.80185 17.058 0.012
6942.79938 17.083 0.011
6950.85020 17.083 0.010
6956.85302 17.060 0.011
6961.84763 17.150 0.011
6967.71906 17.131 0.016
6973.72456 17.104 0.011
6980.76151 17.111 0.010
6987.79250 16.959 0.011
6992.76465 17.115 0.010
6997.77043 17.123 0.012
7002.71425 16.987 0.010
7007.72556 17.105 0.011
7013.67895 17.025 0.011
7016.78463 17.095 0.010
7020.79110 17.135 0.012
7024.76244 17.122 0.011
7028.71562 17.157 0.012
7032.76996 17.158 0.011
7037.74535 17.092 0.010
7042.74292 16.959 0.009
7047.70606 17.105 0.012
7051.73464 17.093 0.010
7056.67506 17.119 0.013
7062.66677 17.070 0.011
7069.66292 16.991 0.010
7074.67409 17.046 0.013
7080.59033 17.037 0.010
7083.61710 17.148 0.011
7086.62607 17.089 0.012
7091.60604 17.142 0.012
7103.57403 17.127 0.010
7112.58430 17.017 0.013
7115.58088 17.104 0.014
7119.53890 17.105 0.013
7126.52991 17.141 0.011
7131.53445 17.097 0.013
7134.50472 17.146 0.013
7137.53464 17.090 0.012
7143.49928 17.054 0.015
7277.90634 17.038 0.013
7287.90650 17.082 0.018
7292.83909 17.140 0.014
7294.80282 17.078 0.011
7297.80153 16.972 0.011
7304.88046 17.151 0.011
7312.79788 17.052 0.011
7322.75220 17.101 0.012
7327.85493 17.149 0.013
7339.76333 17.110 0.009
7345.72187 17.043 0.011
7354.79870 17.093 0.012
7361.82157 16.919 0.010
7366.69413 17.163 0.011
7373.84747 16.954 0.010
7377.81937 16.918 0.009
7382.71759 17.167 0.012
7385.73106 17.053 0.011
7390.75288 17.127 0.010
7399.75747 17.119 0.015
7404.74708 16.952 0.010
7408.72017 16.944 0.010
7410.72156 17.127 0.013
7413.68428 17.098 0.014
7416.69117 16.937 0.009
7424.63359 17.074 0.010
7427.67133 16.989 0.010
7431.66041 17.021 0.010
7435.65332 16.993 0.010
7439.65938 16.970 0.012
7443.63070 16.995 0.009
7449.63642 17.171 0.012
7453.61086 17.156 0.011
7462.62551 17.078 0.009
7466.57297 17.027 0.012
7472.57975 17.111 0.013
7476.53547 17.090 0.010
7488.48923 17.165 0.012
7499.51235 17.089 0.013
7507.48454 17.088 0.011
