5260.61208 17.894 0.021
5261.52711 17.827 0.019
5263.60456 17.840 0.020
5265.52131 17.820 0.023
5266.58619 17.796 0.023
5267.59850 17.791 0.020
5268.58219 17.762 0.023
5269.55139 17.837 0.019
5270.56855 17.820 0.017
5271.56038 17.854 0.019
5273.54931 17.873 0.019
5274.58031 17.872 0.021
5275.56377 17.857 0.019
5276.55943 17.841 0.017
5279.54784 17.795 0.025
5280.54614 17.815 0.020
5281.52305 17.825 0.021
5282.54200 17.816 0.018
5283.49365 17.910 0.031
5286.52310 17.888 0.023
5288.53977 17.831 0.023
5291.53128 17.786 0.019
5295.48426 17.868 0.026
5298.55491 17.871 0.023
5301.51503 17.838 0.023
5323.48600 17.840 0.021
5326.49306 17.874 0.020
5328.48606 17.812 0.021
5337.48054 17.888 0.026
5341.48053 17.838 0.027
5430.90168 17.811 0.020
5439.91101 17.884 0.021
5445.84384 17.749 0.015
5449.82877 17.824 0.017
5453.88383 17.882 0.016
5455.85740 17.829 0.015
5462.89661 17.769 0.018
5468.82605 17.840 0.019
5470.79851 17.769 0.015
5473.77695 17.830 0.016
5477.75274 17.870 0.014
5481.73239 17.797 0.017
5482.78315 17.834 0.019
5484.77724 17.758 0.015
5485.78662 17.789 0.015
5490.72862 17.836 0.019
5491.74911 17.834 0.018
5492.77166 17.843 0.018
5493.79399 17.856 0.021
5495.79588 17.848 0.019
5496.79368 17.828 0.025
5499.73086 17.825 0.018
5502.80103 17.807 0.015
5503.75627 17.857 0.015
5505.72593 17.832 0.019
5506.74342 17.834 0.014
5507.76156 17.834 0.014
5509.66992 17.807 0.016
5510.72585 17.783 0.016
5511.70205 17.799 0.017
5512.74509 17.753 0.015
5513.71541 17.832 0.016
5514.74796 17.827 0.015
5515.66521 17.861 0.020
5516.75077 17.890 0.016
5517.66390 17.854 0.019
5518.76029 17.864 0.029
5519.68670 17.794 0.026
5521.70358 17.813 0.021
5522.72870 17.787 0.023
5523.69339 17.828 0.019
5524.70184 17.774 0.015
5525.73492 17.798 0.015
5526.68694 17.826 0.016
5528.70872 17.856 0.018
5529.68905 17.897 0.018
5530.69627 17.860 0.018
5531.77945 17.868 0.014
5532.68758 17.821 0.015
5533.71092 17.856 0.018
5535.71927 17.805 0.015
5536.72193 17.786 0.015
5539.73217 17.804 0.016
5540.81633 17.818 0.016
5541.68249 17.887 0.020
5542.74089 17.825 0.015
5543.77244 17.819 0.018
5544.75993 17.884 0.016
5545.74919 17.883 0.018
5546.69886 17.875 0.019
5547.75866 17.856 0.020
5548.71991 17.833 0.018
5549.68477 17.812 0.020
5550.73863 17.816 0.019
5551.69615 17.785 0.021
5553.74219 17.794 0.019
5554.67552 17.886 0.028
5556.69012 17.885 0.021
5557.67129 17.847 0.015
5558.67217 17.892 0.023
5559.66238 17.931 0.025
5560.65405 17.811 0.016
5561.68764 17.831 0.023
5562.70721 17.811 0.016
5563.64116 17.795 0.017
5565.67248 17.773 0.016
5566.69973 17.783 0.015
5568.72006 17.831 0.020
5569.71460 17.847 0.019
5572.80236 17.856 0.018
5575.70666 17.836 0.017
5576.68086 17.794 0.014
5577.68280 17.771 0.016
5578.68942 17.761 0.018
5580.68437 17.805 0.016
5581.68620 17.829 0.018
5582.69350 17.838 0.020
5583.70026 17.842 0.016
5584.68628 17.906 0.018
5585.68616 17.834 0.017
5586.64993 17.830 0.018
5587.63206 17.765 0.017
5588.73601 17.911 0.018
5589.64207 17.786 0.015
5591.67939 17.802 0.015
5592.66164 17.786 0.014
5593.64462 17.776 0.016
5594.66082 17.778 0.018
5595.63948 17.874 0.017
5596.70262 17.842 0.015
5597.62009 17.863 0.018
5598.68640 17.850 0.016
5599.65001 17.887 0.020
5600.68275 17.855 0.016
5601.66239 17.806 0.014
5602.66109 17.805 0.016
5603.66986 17.778 0.018
5604.67026 17.784 0.019
5605.67209 17.773 0.014
5606.68346 17.805 0.017
5607.69487 17.819 0.019
5608.68173 17.781 0.025
5609.71347 17.788 0.023
5611.64403 17.875 0.027
5612.69654 17.854 0.025
5613.65974 17.854 0.023
5614.65167 17.852 0.019
5615.64546 17.827 0.017
5622.63936 17.906 0.020
5623.60224 17.867 0.018
5624.54332 17.841 0.021
5625.63499 17.850 0.019
5626.59609 17.849 0.020
5627.56082 17.764 0.015
5630.61247 17.753 0.018
5632.56058 17.845 0.020
5633.60958 17.806 0.018
5634.57000 17.867 0.019
5635.57433 17.858 0.020
5639.58918 17.853 0.026
5640.52815 17.838 0.026
5641.55582 17.805 0.019
5642.50407 17.833 0.016
5643.50183 17.788 0.016
5644.50457 17.865 0.018
5645.50332 17.904 0.025
5646.51630 17.864 0.020
5647.51826 17.880 0.018
5648.51896 17.870 0.019
5649.53370 17.907 0.019
5650.51412 17.844 0.017
5651.52004 17.834 0.015
5652.51499 17.783 0.017
5653.54507 17.785 0.017
5654.55360 17.794 0.017
5655.54476 17.799 0.018
5656.55366 17.789 0.016
5657.51361 17.839 0.020
5659.51292 17.878 0.019
5660.55829 17.835 0.019
5664.49248 17.883 0.026
5665.50772 17.853 0.026
5666.50453 17.871 0.026
5667.48671 17.832 0.023
5668.49223 17.779 0.023
5669.48627 17.801 0.019
5670.53773 17.809 0.021
5672.48304 17.920 0.020
5674.49107 17.885 0.017
5675.48394 17.913 0.023
5676.53920 17.883 0.009
5677.48066 17.821 0.016
5678.51485 17.842 0.017
5679.48249 17.792 0.020
5680.53055 17.771 0.020
5681.49457 17.815 0.021
5682.49469 17.834 0.024
5683.49925 17.786 0.020
5684.50408 17.841 0.020
5685.47581 17.900 0.023
5686.47670 17.832 0.016
5687.47885 17.911 0.024
5691.47038 17.781 0.023
5692.51999 17.890 0.030
5694.48701 17.760 0.023
5695.47144 17.795 0.019
5696.47981 17.777 0.026
5697.46974 17.795 0.023
5699.47928 17.798 0.029
5700.47086 17.858 0.028
5702.46774 17.824 0.023
5706.46744 17.780 0.021
5709.45452 17.833 0.024
5784.92782 17.870 0.019
5795.93380 17.803 0.029
5805.84359 17.813 0.017
5809.85582 17.810 0.013
5810.85893 17.781 0.016
5812.85176 17.878 0.015
5814.90081 17.889 0.020
5815.88020 17.868 0.017
5816.85434 17.809 0.023
5817.85603 17.847 0.017
5818.88402 17.837 0.018
5819.83801 17.777 0.017
5820.90545 17.799 0.018
5822.82566 17.787 0.018
5823.90054 17.774 0.018
5824.82250 17.861 0.016
5825.81075 17.865 0.015
5826.85926 17.871 0.017
5827.85322 17.837 0.015
5829.85281 17.859 0.013
5830.84439 17.834 0.014
5831.83607 17.795 0.013
5832.82548 17.771 0.014
5833.80984 17.797 0.016
5834.81078 17.780 0.013
5835.87068 17.799 0.015
5836.77722 17.835 0.015
5839.83820 17.915 0.017
5840.82117 17.876 0.016
5841.81873 17.896 0.019
5842.83634 17.870 0.021
5843.85181 17.858 0.016
5846.82727 17.794 0.028
5850.79117 17.847 0.017
5851.80020 17.827 0.018
5853.85371 17.851 0.029
5854.75900 17.854 0.015
5855.82871 17.844 0.013
5856.80026 17.860 0.025
5858.83450 17.824 0.024
5859.80301 17.778 0.016
5860.78809 17.752 0.016
5861.79709 17.806 0.018
5863.79902 17.789 0.015
5864.70756 17.842 0.015
5865.77715 17.844 0.018
5866.80127 17.863 0.016
5867.74019 17.839 0.017
5868.84166 17.884 0.015
5869.80716 17.822 0.014
5870.74697 17.789 0.015
5871.73306 17.786 0.014
5872.74243 17.798 0.014
5873.73765 17.768 0.016
5874.77120 17.791 0.017
5875.70714 17.838 0.019
5878.76378 17.824 0.026
5879.69219 17.843 0.023
5880.74365 17.941 0.023
5881.73021 17.847 0.016
5882.76100 17.845 0.017
5883.76494 17.826 0.020
5885.69624 17.791 0.023
5886.73232 17.800 0.023
5887.80469 17.794 0.014
5888.79336 17.786 0.016
5889.83553 17.777 0.017
5890.76905 17.796 0.016
5891.72775 17.885 0.017
5892.74550 17.838 0.016
5893.76360 17.850 0.016
5894.78707 17.863 0.015
5895.80416 17.921 0.019
5896.78722 17.873 0.016
5897.73403 17.796 0.015
5898.71620 17.778 0.015
5899.77539 17.798 0.016
5900.72501 17.785 0.015
5901.77432 17.757 0.017
5902.72557 17.744 0.024
5903.78076 17.780 0.018
5904.75538 17.812 0.017
5905.72941 17.846 0.020
5906.74130 17.848 0.023
5907.71937 17.857 0.020
5908.74468 17.897 0.020
5909.78921 17.837 0.018
5910.70200 17.831 0.016
5911.73382 17.794 0.015
5912.75429 17.764 0.014
5913.72628 17.798 0.013
5914.74888 17.768 0.014
5915.70593 17.805 0.013
5916.75977 17.769 0.014
5917.72343 17.825 0.013
5922.74047 17.867 0.014
5923.71671 17.807 0.013
5924.69801 17.793 0.014
5925.71205 17.779 0.016
5926.72384 17.776 0.015
5927.72285 17.804 0.016
5929.69701 17.874 0.017
5930.84218 17.804 0.013
5931.66351 17.902 0.019
5932.66076 17.831 0.017
5933.71121 17.834 0.018
5934.70726 17.877 0.017
5936.65239 17.793 0.019
5937.68210 17.806 0.016
5938.68290 17.750 0.016
5941.76254 17.807 0.016
5942.78734 17.775 0.015
5943.74476 17.799 0.016
5944.73765 17.810 0.013
5945.71791 17.889 0.014
5946.65777 17.885 0.015
5947.72473 17.877 0.018
5948.71354 17.888 0.018
5950.65071 17.791 0.014
5951.67608 17.794 0.015
5952.70068 17.789 0.013
5953.69863 17.758 0.015
5954.69616 17.774 0.012
5955.71878 17.768 0.015
5956.71884 17.803 0.015
5958.73603 17.838 0.017
5959.70801 17.839 0.016
5960.71005 17.890 0.016
5961.64177 17.806 0.014
5962.64269 17.804 0.023
5963.60940 17.830 0.025
5964.62137 17.755 0.020
5965.62031 17.802 0.018
5967.64246 17.775 0.020
5968.64256 17.834 0.019
5969.61858 17.858 0.015
5970.59607 17.886 0.016
5971.68895 17.842 0.015
5974.61345 17.862 0.019
5976.64758 17.878 0.017
5978.65758 17.789 0.014
5979.60775 17.781 0.016
5980.62342 17.776 0.014
5981.64690 17.793 0.015
5982.65280 17.798 0.017
5983.69544 17.779 0.013
5984.63446 17.868 0.015
5985.66680 17.891 0.023
5986.59657 17.880 0.015
5989.60245 17.806 0.017
5990.59597 17.826 0.025
5991.67099 17.811 0.020
5992.63123 17.778 0.019
5993.58812 17.816 0.019
5994.53128 17.863 0.024
5994.58679 17.855 0.021
5995.52628 17.859 0.019
5996.51004 17.901 0.018
5997.50765 17.851 0.016
5997.60677 17.881 0.021
5998.51776 17.907 0.025
5998.60511 17.879 0.018
5998.66551 17.839 0.018
5999.53425 17.823 0.014
5999.64584 17.849 0.016
6000.49456 17.794 0.029
6000.62121 17.845 0.016
6000.65795 17.882 0.016
6001.49929 17.740 0.018
6001.61270 17.923 0.019
6002.58492 17.844 0.016
6003.55102 17.772 0.018
6005.57910 17.809 0.016
6007.57677 17.802 0.014
6008.61122 17.794 0.014
6009.55236 17.914 0.023
6010.60443 17.898 0.020
6010.60790 17.884 0.020
6011.56669 17.863 0.017
6012.56578 17.887 0.020
6013.54752 17.876 0.017
6014.56646 17.833 0.016
6015.56183 17.819 0.015
6016.60247 17.825 0.015
6017.56566 17.774 0.016
6018.52105 17.795 0.019
6019.56907 17.807 0.019
6020.59158 17.814 0.017
6021.57932 17.750 0.023
6022.59081 17.840 0.021
6023.56487 17.860 0.018
6024.58770 17.931 0.025
6025.58772 17.891 0.025
6026.53401 17.867 0.029
6028.57075 17.903 0.021
6031.51612 17.811 0.024
6032.50865 17.798 0.023
6033.49621 17.862 0.023
6034.50180 17.861 0.019
6035.52719 17.883 0.019
6036.50401 17.876 0.019
6037.50371 17.885 0.025
6039.50209 17.788 0.023
6040.50440 17.809 0.019
6047.47903 17.872 0.021
6048.47777 17.845 0.021
6049.50108 17.910 0.018
6050.47667 17.879 0.024
6052.49234 17.801 0.021
6053.48938 17.827 0.024
6055.49798 17.823 0.021
6056.48496 17.826 0.019
6057.49091 17.757 0.016
6058.48851 17.775 0.017
6059.48217 17.812 0.018
6060.48492 17.771 0.020
6061.47604 17.859 0.024
6062.47009 17.826 0.020
6123.91929 17.856 0.016
6137.91725 17.877 0.019
6165.91709 17.871 0.017
6171.88289 17.776 0.015
6179.90889 17.880 0.020
6186.85964 17.830 0.015
6194.88948 17.850 0.014
6196.87494 17.789 0.014
6199.82391 17.855 0.023
6210.87804 17.801 0.017
6212.83083 17.822 0.015
6215.86981 17.824 0.020
6221.82694 17.851 0.017
6222.82785 17.830 0.017
6223.78496 17.797 0.015
6224.85054 17.778 0.013
6225.73253 17.871 0.020
6226.74491 17.920 0.019
6229.78745 17.874 0.019
6230.73133 17.817 0.021
6231.75614 17.820 0.019
6233.82864 17.809 0.014
6234.83251 17.856 0.014
6235.77990 17.816 0.016
6236.79747 17.810 0.015
6237.87349 17.769 0.023
6238.83123 17.780 0.014
6239.80526 17.779 0.015
6241.80217 17.856 0.016
6244.74692 17.784 0.017
6245.77074 17.808 0.014
6248.78747 17.774 0.015
6251.77809 17.815 0.012
6257.81637 17.925 0.019
6278.76682 17.813 0.015
6282.78965 17.827 0.014
6286.72292 17.819 0.014
6289.79225 17.797 0.015
6294.81416 17.808 0.014
6312.68525 17.836 0.014
6317.69640 17.795 0.014
6323.66962 17.858 0.016
6340.63186 17.789 0.013
6343.55706 17.843 0.020
6344.58701 17.882 0.014
6347.60194 17.829 0.016
6348.58749 17.900 0.019
6349.59420 17.838 0.017
6350.62836 17.860 0.020
6370.53397 17.920 0.018
6371.55947 17.869 0.015
6372.61022 17.871 0.015
6378.54255 17.782 0.015
6387.53480 17.826 0.015
6396.54063 17.829 0.014
6416.50181 17.770 0.016
6520.89374 17.794 0.013
6571.84517 17.739 0.011
6577.88575 17.848 0.013
6583.79190 17.786 0.015
6608.83220 17.834 0.012
6622.78422 17.822 0.014
6628.81187 17.807 0.012
6638.73764 17.733 0.011
6645.73519 17.866 0.015
6649.74213 17.767 0.014
6654.76225 17.774 0.012
6658.78106 17.879 0.011
6662.77068 17.759 0.015
6667.80307 17.781 0.017
6672.77562 17.858 0.021
6680.76989 17.757 0.014
6685.60079 17.811 0.014
6687.70046 17.789 0.015
6688.63346 17.770 0.015
6689.65724 17.747 0.012
6690.65253 17.782 0.012
6691.68247 17.756 0.012
6692.70444 17.807 0.011
6693.65248 17.870 0.013
6694.69634 17.775 0.011
6695.64145 17.871 0.013
6696.62902 17.851 0.015
6697.68709 17.870 0.012
6698.68745 17.853 0.020
6700.56083 17.761 0.014
6700.67533 17.855 0.015
6701.68826 17.765 0.014
6702.68685 17.850 0.020
6703.70408 17.900 0.028
6704.71327 17.838 0.021
6705.67645 17.776 0.016
6722.60449 17.820 0.013
6736.61575 17.903 0.023
6887.92303 17.899 0.016
6896.89380 17.826 0.016
6907.87656 17.795 0.016
6926.80565 17.868 0.015
6938.79973 17.840 0.018
6942.79721 17.823 0.016
6950.84802 17.821 0.013
6956.85084 17.857 0.015
6961.84545 17.793 0.014
6967.71687 17.828 0.025
6973.72236 17.781 0.014
6980.75931 17.869 0.014
6987.79028 17.767 0.018
6992.76244 17.854 0.015
6997.76821 17.812 0.017
7002.71203 17.802 0.015
7007.72335 17.855 0.016
7013.67673 17.800 0.016
7016.78242 17.756 0.013
7020.78661 17.863 0.016
7024.76022 17.818 0.015
7028.71341 17.800 0.015
7032.76778 17.853 0.015
7037.74314 17.830 0.014
7042.74073 17.768 0.012
7046.74192 17.877 0.015
7051.73248 17.779 0.013
7056.67289 17.868 0.021
7062.66461 17.876 0.016
7063.66028 17.807 0.017
7065.70877 17.852 0.018
7066.70444 17.823 0.015
7067.69813 17.765 0.015
7068.67397 17.789 0.013
7071.72546 17.804 0.014
7072.70615 17.913 0.021
7074.67195 17.848 0.020
7075.65176 17.884 0.018
7076.65689 17.836 0.017
7077.63574 17.803 0.015
7078.63559 17.793 0.020
7080.58822 17.833 0.015
7083.61499 17.876 0.016
7086.62312 17.872 0.019
7091.60396 17.794 0.016
7103.57196 17.790 0.012
7110.50848 17.847 0.016
7111.53144 17.856 0.017
7112.52945 17.791 0.018
7113.52461 17.790 0.017
7114.53337 17.799 0.015
7115.52767 17.779 0.016
7115.57885 17.781 0.017
7117.54457 17.787 0.016
7118.51766 17.776 0.016
7119.50458 17.850 0.020
7126.52790 17.864 0.015
7131.53246 17.810 0.017
7134.50272 17.821 0.018
7137.53264 17.892 0.017
7143.49729 17.772 0.021
7277.90426 17.851 0.024
7304.87832 17.865 0.015
7322.75003 17.829 0.019
7327.85274 17.887 0.023
7345.71967 17.793 0.016
7354.79650 17.859 0.017
7361.81935 17.785 0.015
7373.84524 17.828 0.015
7377.81717 17.793 0.013
7382.71540 17.867 0.019
7385.72885 17.804 0.016
7390.75067 17.807 0.013
7399.75528 17.842 0.021
7404.74488 17.800 0.014
7408.71800 17.846 0.015
7410.71939 17.821 0.019
7413.68210 17.765 0.018
7416.68902 17.809 0.014
7424.63143 17.758 0.013
7427.66705 17.773 0.013
7431.65789 17.856 0.014
7435.65118 17.828 0.014
7439.65726 17.785 0.017
7443.62860 17.846 0.013
7449.63431 17.831 0.015
7453.60874 17.796 0.015
7462.62344 17.833 0.012
7466.57092 17.802 0.018
7472.57769 17.862 0.018
7476.53340 17.761 0.014
7488.48721 17.779 0.015
7499.51033 17.839 0.018
7507.48254 17.841 0.015
