5268.56620 16.335 0.008
5272.58009 16.334 0.008
5277.52948 16.314 0.008
5286.56072 16.390 0.008
5290.57018 16.369 0.008
5293.52392 16.312 0.008
5436.91143 16.300 0.007
5443.92108 16.266 0.008
5449.84586 16.159 0.007
5458.81975 16.188 0.007
5470.88080 16.194 0.006
5477.88088 16.225 0.007
5478.88846 16.249 0.007
5482.81701 16.246 0.007
5484.76259 16.152 0.007
5489.76690 16.228 0.007
5491.87572 16.265 0.007
5494.78114 16.288 0.008
5497.71268 16.234 0.007
5505.78885 16.341 0.007
5509.69818 16.306 0.007
5511.77623 16.318 0.007
5515.73934 16.316 0.007
5517.75539 16.397 0.007
5519.83598 16.333 0.008
5526.82995 16.299 0.007
5529.79408 16.378 0.007
5532.83007 16.348 0.007
5536.78803 16.342 0.007
5542.83819 16.108 0.006
5546.79732 16.123 0.007
5548.86113 16.094 0.007
5557.85160 16.121 0.007
5563.83382 16.214 0.007
5566.85641 16.235 0.007
5567.82140 16.229 0.006
5571.74740 16.220 0.007
5575.81140 16.281 0.007
5587.74062 16.293 0.007
5605.64784 16.288 0.006
5616.62726 16.313 0.007
5624.58887 16.324 0.007
5628.52623 16.322 0.008
5634.59747 16.384 0.008
5640.60190 16.302 0.008
5642.62140 16.254 0.007
5644.60414 16.250 0.007
5646.57464 16.270 0.007
5649.61081 16.231 0.008
5803.92408 16.048 0.007
5816.91217 16.155 0.007
5830.81762 16.197 0.006
5835.79982 16.185 0.006
5841.79484 16.271 0.007
5852.82379 16.311 0.008
5860.76468 16.319 0.007
5866.77821 16.320 0.007
5873.82835 16.350 0.006
5889.76210 16.261 0.007
5892.85777 16.093 0.007
5894.85641 16.180 0.006
5900.78620 16.075 0.006
5903.73637 16.203 0.008
5905.77389 16.060 0.006
5910.79812 16.165 0.006
5917.85244 16.200 0.007
5927.84679 16.257 0.007
5929.85461 16.285 0.007
5940.64699 16.199 0.006
5943.54409 16.214 0.008
5951.75551 16.309 0.008
5955.69446 16.325 0.006
5962.68690 16.387 0.007
5965.74246 16.393 0.008
5969.67409 16.379 0.007
5973.73984 16.385 0.007
5978.63368 16.378 0.007
5982.62953 16.347 0.007
5985.64332 16.374 0.007
5988.61459 16.331 0.007
5991.55255 16.308 0.008
5994.64939 16.132 0.007
6002.62883 16.063 0.006
6005.61764 16.076 0.006
6011.59336 16.137 0.006
6015.53777 16.143 0.006
6034.56152 16.216 0.007
6066.48199 16.346 0.008
6071.47083 16.380 0.008
6141.88966 16.342 0.008
6157.88271 16.189 0.007
6246.72139 16.291 0.006
6247.73905 16.296 0.006
6250.81433 16.198 0.006
6253.80094 16.127 0.006
6256.77081 16.036 0.006
6259.78390 16.070 0.007
6265.85552 16.199 0.006
6271.81557 16.148 0.006
6276.78273 16.193 0.006
6280.80897 16.232 0.006
6285.75366 16.258 0.006
6290.78024 16.277 0.007
6296.79107 16.314 0.007
6302.77210 16.343 0.006
6307.71354 16.292 0.006
6314.69891 16.328 0.007
6323.68985 16.335 0.007
6332.61519 16.376 0.006
6341.55895 16.368 0.008
6351.61738 16.239 0.007
6354.61046 16.136 0.006
6357.65323 16.039 0.006
6362.55810 16.113 0.006
6372.56437 16.107 0.006
6379.54390 16.220 0.007
6388.51456 16.177 0.006
6395.51897 16.282 0.007
6400.51389 16.254 0.007
6514.88409 16.058 0.006
6522.88565 16.123 0.006
6533.88625 16.208 0.006
6545.84180 16.258 0.006
6558.84553 16.328 0.006
6571.76652 16.389 0.006
6578.85633 16.371 0.006
6584.75928 16.329 0.007
6591.83856 16.198 0.007
6596.80559 16.202 0.006
6609.78459 16.170 0.006
6616.75047 16.122 0.006
6622.80396 16.113 0.006
6628.77845 16.213 0.006
6640.77186 16.305 0.007
6647.77065 16.288 0.007
6653.77080 16.329 0.007
6659.76396 16.324 0.006
6664.81391 16.387 0.007
6669.77929 16.333 0.007
6673.75712 16.343 0.008
6678.75728 16.315 0.006
6688.71803 16.264 0.006
6693.70282 16.188 0.006
6699.66987 16.245 0.006
6702.68951 16.196 0.007
6707.55773 16.269 0.007
6711.67049 16.089 0.006
6715.65543 16.095 0.006
6731.63369 16.185 0.007
6742.57645 16.286 0.006
6744.58225 16.248 0.006
6745.54963 16.280 0.007
6746.55273 16.284 0.007
6749.50916 16.268 0.007
6883.89251 16.250 0.008
6890.87794 16.261 0.008
6904.83311 16.273 0.007
6915.82922 16.357 0.007
6924.83197 16.326 0.006
6930.78721 16.392 0.007
6936.77718 16.320 0.007
6940.74919 16.334 0.008
6944.74505 16.310 0.007
6950.77545 16.214 0.006
6956.78997 16.192 0.006
6961.78546 16.108 0.006
6966.70891 16.022 0.008
6970.70860 16.038 0.006
6975.78420 16.170 0.006
6979.72845 16.146 0.006
6984.76896 16.228 0.007
6992.71096 16.250 0.007
6995.76255 16.297 0.007
6999.78648 16.330 0.007
7003.84363 16.364 0.007
7009.69742 16.280 0.007
7014.80415 16.378 0.007
7018.79151 16.378 0.007
7022.78123 16.370 0.007
7025.79898 16.317 0.008
7030.76910 16.369 0.007
7033.76989 16.321 0.007
7038.72419 16.355 0.007
7041.72238 16.299 0.007
7047.74261 16.091 0.006
7054.71342 16.121 0.007
7058.70287 16.082 0.007
7064.72611 16.149 0.007
7070.65469 16.099 0.006
7077.63845 16.195 0.007
7081.64745 16.217 0.008
7082.58363 16.126 0.008
7085.62026 16.237 0.007
7087.60657 16.197 0.007
7090.60164 16.205 0.007
7097.58679 16.284 0.007
7103.59388 16.277 0.006
7111.57379 16.300 0.007
7115.54685 16.322 0.007
7118.56506 16.313 0.007
7120.54867 16.396 0.008
7127.52768 16.354 0.007
7132.50219 16.389 0.008
7135.49850 16.359 0.007
7139.50311 16.371 0.008
7143.51596 16.345 0.008
7272.91283 16.383 0.008
7287.87285 16.332 0.007
7292.89266 16.341 0.007
7295.79642 16.323 0.007
7299.87628 16.247 0.007
7306.80405 16.146 0.007
7312.76405 16.179 0.007
7320.75979 16.098 0.007
7327.80260 16.197 0.008
7340.73782 16.169 0.006
7346.74206 16.263 0.007
7355.73252 16.308 0.007
7361.86013 16.365 0.008
7367.81113 16.333 0.006
7372.74253 16.328 0.007
7378.80723 16.369 0.007
7383.71676 16.330 0.007
7387.73297 16.321 0.006
7396.76597 16.263 0.006
7399.77625 16.158 0.007
7403.74984 16.138 0.006
7407.72396 16.139 0.006
7410.73880 16.046 0.007
7415.72208 16.144 0.006
7424.68899 16.187 0.006
7427.70541 16.209 0.007
7433.66289 16.165 0.006
7438.64092 16.200 0.006
7443.64780 16.271 0.007
7447.62202 16.282 0.006
7448.64025 16.295 0.006
7453.62867 16.277 0.006
7461.60688 16.310 0.007
7465.53203 16.291 0.006
7471.55156 16.373 0.008
7474.54905 16.331 0.007
7485.51203 16.326 0.007
7494.50450 16.363 0.007
