5261.55978 15.911 0.007
5261.60142 15.906 0.007
5262.57719 16.149 0.007
5262.59552 16.132 0.007
5264.54374 16.038 0.007
5264.55864 16.033 0.007
5265.53860 15.910 0.007
5265.56009 15.898 0.007
5266.54039 16.179 0.008
5266.55603 16.178 0.008
5267.53918 16.032 0.007
5268.55098 16.026 0.008
5269.52313 16.011 0.007
5271.53185 15.984 0.007
5273.52109 16.092 0.007
5274.55230 16.131 0.008
5275.55065 16.003 0.007
5277.54671 16.130 0.008
5280.53297 16.047 0.008
5281.55502 16.162 0.007
5282.51340 16.004 0.007
5283.52758 16.039 0.008
5284.53316 16.080 0.007
5285.53340 16.129 0.008
5286.50790 15.952 0.007
5288.52602 16.102 0.008
5291.51817 16.151 0.007
5294.52772 15.934 0.007
5296.55720 16.118 0.008
5298.54168 16.037 0.007
5301.50181 15.907 0.007
5306.48104 16.181 0.008
5309.52565 15.919 0.008
5312.49693 15.999 0.008
5314.49133 16.155 0.008
5324.47222 15.951 0.007
5326.48006 16.016 0.007
5328.47128 16.043 0.007
5337.46746 16.045 0.008
5341.46591 15.977 0.008
5343.46832 16.090 0.008
5429.92166 16.200 0.007
5430.87295 16.072 0.008
5439.88146 15.879 0.007
5449.90009 16.020 0.007
5451.90916 16.082 0.008
5454.86510 15.981 0.007
5456.89077 16.088 0.006
5457.87320 16.008 0.006
5462.84217 16.072 0.007
5465.84538 16.083 0.007
5468.79823 15.918 0.007
5471.82102 16.055 0.007
5476.77422 16.052 0.006
5478.76217 16.090 0.007
5480.77952 16.131 0.007
5482.75529 16.072 0.008
5483.73165 15.855 0.006
5485.77384 16.076 0.006
5486.85205 16.047 0.007
5488.73053 16.181 0.007
5489.75170 16.041 0.007
5490.84159 15.982 0.007
5492.76145 16.143 0.007
5493.78380 16.053 0.007
5494.82851 15.904 0.006
5495.78563 16.136 0.007
5496.78346 16.119 0.008
5497.81366 16.046 0.007
5499.72066 16.164 0.007
5502.79079 15.936 0.006
5503.74604 16.159 0.007
5505.71571 16.045 0.007
5506.73320 16.072 0.006
5507.75132 16.149 0.006
5509.65973 16.089 0.007
5510.71564 16.124 0.006
5511.69120 16.077 0.007
5512.73489 15.973 0.006
5513.70514 16.074 0.007
5514.73769 16.143 0.007
5515.65495 15.995 0.007
5516.74051 16.024 0.006
5517.65362 16.108 0.007
5517.85455 15.944 0.006
5518.75005 16.138 0.008
5519.67357 15.958 0.008
5521.69331 16.098 0.008
5522.71842 16.133 0.008
5523.68314 15.924 0.006
5524.69159 16.135 0.007
5525.72465 16.098 0.006
5526.67670 16.042 0.006
5527.75741 15.948 0.006
5528.69844 16.176 0.007
5529.67876 16.090 0.007
5530.68596 15.997 0.006
5531.76917 15.975 0.006
5532.67727 16.149 0.007
5533.70059 16.103 0.007
5534.73215 15.942 0.006
5535.70894 16.082 0.006
5536.71160 16.115 0.006
5539.72187 16.166 0.007
5540.80599 16.103 0.007
5541.67216 16.047 0.007
5542.73057 15.896 0.006
5543.76199 16.179 0.008
5544.74961 16.079 0.007
5545.73889 16.022 0.007
5546.68855 15.996 0.007
5547.74830 16.165 0.007
5548.70827 16.067 0.007
5549.67281 15.947 0.007
5550.72824 16.089 0.007
5551.67876 16.120 0.007
5553.73177 15.863 0.006
5554.66513 16.169 0.007
5556.67971 16.026 0.006
5557.66087 15.933 0.006
5558.66178 16.167 0.007
5559.65195 16.026 0.007
5560.64362 16.040 0.006
5561.67721 16.020 0.007
5562.69676 16.176 0.007
5563.63073 15.998 0.007
5565.66198 16.114 0.007
5566.68930 16.133 0.007
5568.70958 15.947 0.006
5569.70413 16.151 0.007
5570.74195 16.071 0.007
5571.67470 16.005 0.007
5572.79057 15.889 0.006
5575.69615 16.041 0.007
5576.67036 16.071 0.006
5577.67191 16.152 0.007
5578.67869 15.976 0.006
5579.72226 16.060 0.007
5579.72905 16.044 0.008
5580.67274 16.116 0.007
5581.67519 16.111 0.007
5582.68299 15.958 0.007
5583.68975 16.100 0.006
5584.67577 16.123 0.007
5585.67562 16.047 0.007
5586.63937 15.983 0.006
5587.62151 16.144 0.006
5589.63151 15.968 0.006
5591.66886 16.119 0.006
5592.65110 16.104 0.006
5593.63404 15.907 0.006
5594.65023 16.131 0.007
5595.62888 16.105 0.006
5596.69206 16.092 0.007
5597.60947 15.886 0.007
5598.67363 16.192 0.007
5599.63944 16.079 0.007
5600.67217 16.054 0.006
5601.65178 15.955 0.006
5602.65048 16.182 0.007
5603.65924 16.098 0.007
5604.65637 15.983 0.007
5605.66147 16.043 0.006
5606.67282 16.159 0.007
5607.68424 16.079 0.007
5608.67110 15.878 0.007
5609.70282 16.147 0.007
5611.63270 16.046 0.007
5612.68589 15.865 0.007
5613.64741 16.191 0.008
5614.64104 16.065 0.007
5615.63480 16.043 0.007
5616.64355 15.962 0.006
5619.63406 16.007 0.006
5620.57657 16.100 0.007
5622.62869 16.021 0.007
5623.59158 15.986 0.006
5624.53268 16.116 0.008
5625.62432 16.100 0.007
5626.58543 16.012 0.007
5627.55013 16.022 0.006
5629.59037 16.035 0.006
5630.60181 16.033 0.007
5632.54987 16.144 0.007
5633.59891 15.992 0.007
5634.55928 16.071 0.007
5635.56360 16.110 0.007
5638.56822 16.115 0.008
5639.57845 16.108 0.008
5640.51745 16.069 0.008
5641.54511 15.950 0.007
5642.49336 16.176 0.007
5643.49112 16.094 0.008
5644.49286 15.986 0.007
5645.49259 16.035 0.008
5646.50561 16.153 0.007
5647.50755 16.088 0.007
5648.50741 15.914 0.006
5649.52298 16.118 0.007
5650.50339 16.116 0.007
5651.50935 16.075 0.006
5652.50427 15.871 0.006
5653.53438 16.161 0.007
5654.54284 16.089 0.007
5655.53403 16.053 0.007
5656.54294 15.917 0.006
5657.50290 16.194 0.008
5659.50216 15.996 0.007
5660.54756 16.022 0.007
5664.48176 16.120 0.008
5665.49697 16.115 0.008
5666.49380 16.044 0.008
5667.47522 15.890 0.007
5668.48152 16.150 0.008
5669.47553 16.058 0.007
5670.52701 16.031 0.007
5671.47735 15.942 0.007
5672.47186 16.179 0.008
5674.48035 16.039 0.007
5675.47323 16.045 0.008
5676.52814 16.167 0.005
5677.46992 15.991 0.007
5678.50414 15.990 0.006
5679.47145 16.128 0.007
5680.51988 16.111 0.008
5681.48289 16.006 0.007
5682.48395 15.981 0.007
5683.48842 16.163 0.008
5684.49258 16.042 0.007
5685.46514 16.019 0.008
5686.46604 16.029 0.007
5687.46678 16.151 0.008
5691.45973 16.136 0.008
5692.50542 15.966 0.008
5694.47279 16.108 0.008
5695.46025 16.090 0.008
5696.46918 15.952 0.008
5697.45907 16.121 0.008
5699.46861 16.055 0.008
5700.46019 15.990 0.008
5702.45710 16.115 0.008
5783.93395 16.072 0.007
5795.92351 16.192 0.007
5803.86884 16.067 0.006
5805.83334 16.014 0.006
5806.88434 16.165 0.007
5809.84563 16.065 0.006
5810.84871 16.152 0.007
5812.84153 16.081 0.007
5814.85835 16.121 0.007
5815.86998 15.973 0.006
5816.84410 16.121 0.007
5817.84471 16.116 0.007
5818.87384 16.073 0.007
5819.82779 15.964 0.006
5820.89524 16.076 0.006
5822.81546 15.981 0.006
5823.89033 16.025 0.006
5824.81228 16.139 0.007
5825.80053 16.093 0.006
5826.84904 15.929 0.006
5827.84301 16.121 0.006
5828.86922 16.114 0.006
5829.84195 16.084 0.006
5830.83420 15.901 0.006
5831.82584 16.168 0.006
5832.81530 16.084 0.006
5833.79963 16.045 0.006
5834.80057 15.927 0.006
5835.86049 16.186 0.007
5836.76403 16.060 0.006
5837.84582 15.985 0.006
5839.82796 16.169 0.007
5840.81092 16.059 0.006
5841.80795 15.906 0.006
5842.82615 16.133 0.007
5843.84160 16.105 0.007
5845.80568 15.875 0.007
5846.81710 16.171 0.008
5850.78092 16.186 0.007
5851.79001 16.036 0.006
5852.77245 16.030 0.007
5853.84347 16.043 0.007
5854.74808 16.141 0.006
5855.81850 16.010 0.006
5856.79007 15.988 0.007
5857.77440 16.115 0.008
5858.82430 16.104 0.007
5859.79225 16.010 0.006
5860.77788 15.960 0.006
5861.78686 16.150 0.007
5863.78880 16.009 0.006
5864.69739 16.072 0.006
5865.76695 16.148 0.006
5866.79105 15.985 0.006
5867.72964 16.069 0.006
5868.83145 16.062 0.006
5869.79695 16.129 0.006
5870.73675 15.940 0.006
5871.72282 16.122 0.006
5872.73218 16.103 0.006
5873.72740 16.071 0.006
5874.76099 15.956 0.008
5875.69692 16.163 0.007
5878.73434 15.997 0.007
5879.68192 16.174 0.007
5880.73339 16.096 0.006
5880.78440 16.123 0.007
5881.71998 15.937 0.006
5882.75074 16.081 0.006
5883.75471 16.115 0.007
5885.68563 15.887 0.006
5886.72207 16.154 0.008
5887.79440 16.099 0.006
5888.78307 16.081 0.006
5889.82163 15.941 0.006
5890.75881 16.177 0.006
5891.71743 16.077 0.007
5892.73522 15.922 0.006
5893.75334 15.989 0.006
5894.77679 16.160 0.007
5895.79389 16.090 0.007
5896.77690 15.934 0.006
5897.72373 16.093 0.006
5898.70591 16.112 0.007
5899.76509 16.073 0.006
5900.71472 15.864 0.006
5901.76401 16.149 0.007
5902.71525 16.080 0.007
5903.77043 16.043 0.007
5904.74503 15.879 0.006
5905.71909 16.173 0.007
5906.73098 16.038 0.007
5907.70734 16.025 0.006
5908.73376 15.994 0.006
5909.77886 16.177 0.007
5910.69162 16.014 0.006
5911.72348 15.980 0.006
5912.74397 16.096 0.006
5913.71588 16.115 0.006
5914.73853 16.029 0.006
5915.69553 15.954 0.006
5916.74941 16.151 0.006
5917.71304 16.065 0.006
5922.73005 16.039 0.006
5923.70633 16.044 0.006
5924.68760 16.133 0.006
5925.70163 15.977 0.007
5926.71341 16.059 0.006
5927.71242 16.115 0.007
5929.68658 15.969 0.006
5930.83174 15.945 0.006
5931.65215 16.111 0.007
5932.64957 16.042 0.006
5933.70001 15.972 0.006
5934.69680 16.105 0.006
5935.64781 16.104 0.007
5936.64145 15.966 0.006
5937.67166 16.042 0.006
5938.67240 16.116 0.006
5939.71577 16.127 0.007
5940.75171 15.976 0.006
5941.75204 16.081 0.007
5942.77638 16.102 0.006
5943.73389 16.115 0.007
5945.70701 16.165 0.006
5946.64673 16.094 0.006
5946.76361 16.129 0.007
5947.71373 16.052 0.007
5948.70302 15.970 0.007
5949.71917 16.164 0.007
5950.64019 16.080 0.006
5951.66553 15.964 0.006
5952.69012 16.047 0.006
5953.68808 16.157 0.007
5954.68564 16.077 0.006
5955.70762 15.909 0.006
5956.70828 16.122 0.006
5958.72544 16.069 0.006
5959.69743 15.868 0.006
5960.69784 16.196 0.006
5961.63120 16.060 0.006
5962.63212 16.025 0.007
5963.59879 15.988 0.007
5964.61078 16.166 0.007
5965.60974 16.025 0.006
5967.63187 16.075 0.007
5968.63196 16.148 0.007
5969.60796 16.024 0.006
5970.58544 15.979 0.006
5971.67833 16.141 0.006
5972.66474 16.100 0.006
5973.64777 16.017 0.006
5974.60281 15.954 0.006
5976.63695 16.042 0.007
5977.67046 16.034 0.006
5978.64636 15.995 0.006
5979.59712 16.156 0.006
5980.61277 15.992 0.006
5981.63625 16.049 0.006
5982.64210 16.077 0.007
5983.68479 16.153 0.006
5984.62378 15.970 0.006
5985.65614 16.036 0.006
5986.58589 16.129 0.006
5987.66136 16.101 0.007
5988.62731 15.982 0.006
5989.59181 16.109 0.006
5990.58530 16.141 0.007
5991.66033 16.033 0.007
5992.62056 16.024 0.006
5993.57744 16.108 0.007
5994.57610 16.121 0.007
5995.62379 15.960 0.007
5996.59388 16.087 0.008
5997.59604 16.121 0.007
5998.59439 16.093 0.006
5998.65483 16.117 0.007
5999.63311 15.932 0.006
6000.61050 16.144 0.006
6002.57421 16.048 0.006
6003.54031 15.922 0.006
6004.57909 16.187 0.007
6005.56658 16.076 0.007
6006.56682 16.003 0.006
6007.56605 16.007 0.006
6008.57387 16.149 0.006
6009.54166 16.082 0.007
6010.59371 15.935 0.007
6011.55597 16.109 0.006
6012.55507 16.113 0.007
6013.53680 16.061 0.007
6014.55577 15.868 0.006
6015.55088 16.172 0.007
6016.59174 16.088 0.006
6017.55493 16.041 0.006
6018.50986 15.928 0.006
6019.55570 16.174 0.007
6020.58050 16.050 0.006
6021.56859 16.035 0.007
6022.57861 16.019 0.007
6023.55413 16.161 0.007
6024.57696 16.048 0.007
6025.57699 15.947 0.006
6026.52327 16.131 0.007
6028.56003 16.024 0.007
6031.49836 16.050 0.008
6033.48548 16.020 0.007
6034.49109 16.150 0.007
6035.51647 15.998 0.006
6036.49329 16.043 0.007
6037.49299 16.067 0.007
6038.48472 16.152 0.008
6039.49140 15.971 0.007
6040.49368 16.073 0.007
6042.49131 16.085 0.007
6047.46836 15.996 0.007
6049.49039 16.107 0.007
6050.46598 15.966 0.007
6052.48165 16.114 0.007
6053.47826 16.099 0.007
6055.48728 16.125 0.007
6056.47428 16.100 0.007
6057.47017 16.054 0.007
6058.46165 15.900 0.006
6059.47148 16.192 0.007
6060.47424 16.081 0.007
6061.46538 16.037 0.007
6062.45944 15.985 0.008
6123.90888 16.201 0.007
6137.90686 15.877 0.006
6149.93052 16.155 0.007
6165.90681 16.070 0.007
6171.87263 16.105 0.006
6173.92219 15.974 0.007
6179.89161 16.087 0.008
6179.89867 16.110 0.007
6180.85120 16.053 0.007
6181.86541 15.931 0.006
6182.86999 16.183 0.006
6183.87167 16.092 0.006
6184.89823 15.996 0.006
6185.84792 16.027 0.006
6186.84495 16.172 0.007
6191.87502 16.072 0.006
6193.86232 16.188 0.006
6194.87899 16.079 0.006
6196.86682 15.922 0.005
6199.81582 16.027 0.007
6202.82328 16.025 0.007
6204.85837 16.137 0.006
6207.86914 15.884 0.006
6208.78543 16.159 0.006
6210.86785 16.027 0.006
6212.82064 16.152 0.007
6214.87180 16.036 0.007
6216.81850 16.152 0.006
6219.80349 16.128 0.007
6221.81677 15.980 0.007
6222.81770 16.043 0.007
6223.77474 16.115 0.006
6224.83934 16.045 0.005
6225.72234 16.009 0.007
6226.73470 16.140 0.007
6229.77930 16.072 0.006
6230.72111 16.125 0.008
6231.74591 16.088 0.007
6232.81188 15.930 0.006
6233.81844 16.123 0.006
6234.82230 16.099 0.006
6235.76968 16.058 0.006
6236.78726 15.914 0.006
6237.86327 16.111 0.006
6238.82098 16.099 0.006
6239.79499 16.021 0.006
6240.83825 15.986 0.007
6241.79192 16.167 0.006
6242.83486 16.112 0.006
6243.80323 15.937 0.006
6244.73608 16.088 0.006
6245.76052 16.134 0.006
6248.77721 16.156 0.006
6251.76783 15.876 0.005
6254.77769 16.024 0.005
6257.80497 16.049 0.007
6262.72982 15.912 0.005
6265.80138 16.028 0.005
6270.81775 15.979 0.005
6274.80938 16.092 0.006
6278.75643 16.144 0.006
6282.77928 16.155 0.006
6286.71254 16.116 0.006
6289.78183 16.093 0.006
6294.80187 16.071 0.006
6299.76024 16.020 0.006
6304.74059 16.100 0.006
6306.70243 15.877 0.005
6312.67473 16.065 0.005
6317.68584 15.915 0.006
6323.65906 16.050 0.005
6329.61825 16.095 0.006
6333.60863 16.126 0.006
6340.62121 16.091 0.005
6343.56501 16.104 0.006
6347.59131 16.151 0.006
6356.60874 16.102 0.006
6363.52545 16.087 0.006
6371.55044 16.029 0.006
6378.53376 16.055 0.006
6387.52389 16.069 0.006
6396.52985 16.127 0.006
6404.51502 16.094 0.006
6416.49110 15.900 0.006
6508.92035 16.131 0.006
6520.88343 15.954 0.005
6531.89456 15.996 0.005
6547.86010 16.043 0.006
6561.82815 16.050 0.006
6569.89794 15.941 0.006
6571.83493 16.027 0.005
6577.86823 16.073 0.005
6583.78167 15.917 0.005
6608.82191 16.058 0.005
6612.75809 16.018 0.005
6616.71994 16.035 0.006
6622.77391 16.138 0.006
6628.80003 15.972 0.005
6638.72686 15.925 0.005
6645.72476 15.979 0.005
6649.73166 15.917 0.005
6654.75035 16.179 0.006
6658.77050 16.183 0.005
6662.73027 16.146 0.006
6667.79041 16.073 0.006
6672.76508 15.925 0.006
6680.75931 16.146 0.006
6690.64190 16.086 0.005
6697.70259 15.964 0.005
6705.66580 16.083 0.006
6712.63513 15.909 0.005
6720.67452 16.097 0.006
6736.60505 16.126 0.007
6871.91475 15.927 0.006
6887.91274 16.190 0.006
6896.88301 16.042 0.006
6907.86563 16.025 0.006
6926.79539 15.924 0.006
6932.80377 16.114 0.006
6938.78951 16.085 0.007
6942.78700 16.152 0.006
6950.83779 16.182 0.006
6956.84058 15.876 0.006
6961.83522 16.188 0.006
6967.70661 16.067 0.007
6973.71210 16.049 0.007
6980.74898 16.121 0.006
6987.77995 16.121 0.006
6992.75208 15.972 0.006
6997.75786 16.111 0.007
7001.66779 16.170 0.007
7002.70155 16.089 0.006
7003.80817 16.057 0.006
7004.75201 15.933 0.006
7005.70017 16.183 0.006
7006.72978 16.071 0.006
7007.77783 15.980 0.006
7008.72879 16.043 0.006
7009.74244 16.142 0.006
7010.68375 16.046 0.006
7011.72700 15.902 0.006
7012.74990 16.135 0.007
7013.66124 16.094 0.006
7014.67883 16.029 0.005
7016.77183 16.181 0.006
7020.77387 16.174 0.007
7024.75189 16.158 0.006
7028.70501 16.092 0.007
7033.75907 16.022 0.006
7037.73259 16.048 0.006
7042.73016 16.124 0.006
7046.73136 16.138 0.006
7051.71450 15.959 0.005
7056.66228 16.157 0.006
7062.65397 16.010 0.006
7074.66125 15.860 0.006
7080.57758 16.006 0.006
7083.60429 16.125 0.006
7086.61237 16.160 0.007
7091.59327 15.995 0.006
7098.56256 16.080 0.005
7099.61065 15.968 0.005
7100.57246 16.137 0.006
7102.53558 16.036 0.005
7103.54981 15.981 0.006
7103.56100 15.990 0.006
7112.57316 16.109 0.007
7115.56810 16.187 0.007
7119.52821 16.193 0.007
7126.51718 16.158 0.006
7131.52174 16.051 0.007
7134.49202 16.182 0.007
7137.52190 16.080 0.006
7143.48635 15.994 0.007
7274.91803 16.037 0.007
7287.89416 16.118 0.007
7292.81777 15.907 0.007
7294.78941 16.068 0.007
7297.78867 16.185 0.007
7304.86721 16.168 0.006
7312.78509 16.185 0.006
7319.75772 16.153 0.007
7322.73687 16.043 0.007
7327.84077 16.165 0.007
7339.75088 15.978 0.005
7345.70938 16.093 0.006
7354.78623 15.980 0.006
7361.80903 16.075 0.006
7366.68158 15.969 0.006
7373.83489 15.910 0.006
7377.80679 15.866 0.005
7382.70497 16.156 0.006
7385.71841 16.087 0.006
7390.73955 16.089 0.006
7399.74478 16.059 0.006
7404.73437 16.109 0.006
7408.70747 16.103 0.006
7410.70884 16.006 0.006
7413.67159 15.931 0.006
7416.67845 16.072 0.006
7424.62081 16.021 0.006
7427.65841 16.035 0.006
7431.64497 16.035 0.005
7435.63973 16.022 0.006
7439.64631 16.034 0.006
7443.61521 16.075 0.006
7449.62362 16.049 0.006
7453.59804 15.970 0.005
7462.61253 16.173 0.006
7466.56021 16.188 0.007
7472.56697 15.896 0.006
7476.52267 15.877 0.005
7488.47644 16.144 0.007
7499.49962 16.090 0.006
7507.47187 16.112 0.006
