5430.93153 18.032 0.053
5443.86866 18.032 0.023
5445.88922 18.124 0.025
5448.90011 18.081 0.021
5451.84320 18.118 0.035
5454.89246 18.075 0.029
5457.78705 18.091 0.019
5461.86490 18.092 0.033
5465.88413 18.119 0.035
5467.86697 18.100 0.028
5468.85597 18.078 0.026
5470.83100 18.045 0.020
5471.87860 18.085 0.020
5473.81344 18.057 0.020
5477.81658 18.037 0.019
5478.83839 18.103 0.020
5481.76225 18.116 0.024
5482.89181 18.144 0.047
5483.79519 18.047 0.024
5484.80764 18.086 0.020
5486.78937 18.090 0.025
5487.79061 18.054 0.024
5488.86234 18.071 0.018
5490.85425 18.078 0.032
5491.84228 18.097 0.028
5492.84635 18.162 0.029
5494.73733 18.115 0.030
5495.86658 18.098 0.023
5499.81062 18.129 0.019
5506.77623 18.083 0.019
5509.80361 18.138 0.023
5511.74292 18.087 0.023
5513.77120 18.089 0.021
5515.70604 18.125 0.025
5517.70482 18.096 0.028
5521.74448 18.091 0.029
5523.82343 18.116 0.027
5526.71639 18.052 0.021
5528.77294 18.103 0.021
5529.84131 18.148 0.028
5530.79327 18.139 0.023
5531.75463 18.057 0.018
5533.68678 18.065 0.021
5534.80490 18.059 0.023
5535.83863 18.091 0.034
5539.85814 18.047 0.036
5542.68837 18.159 0.019
5543.84865 18.124 0.026
5544.84391 18.142 0.028
5546.67515 18.090 0.028
5548.79315 18.060 0.020
5550.76499 18.110 0.027
5553.80667 18.178 0.038
5554.82537 18.092 0.026
5556.78765 18.142 0.023
5557.78587 18.109 0.024
5558.79453 18.062 0.025
5560.82346 18.155 0.025
5561.77865 18.060 0.021
5562.82384 18.039 0.028
5563.78435 18.153 0.025
5565.81129 18.005 0.023
5568.81995 18.119 0.027
5569.86285 18.076 0.035
5571.81086 18.117 0.025
5575.77713 18.010 0.025
5576.82444 18.116 0.020
5577.78529 18.144 0.033
5578.78210 18.132 0.031
5579.81522 18.141 0.037
5580.76097 18.186 0.027
5581.76338 18.066 0.026
5583.77843 18.134 0.031
5584.71197 18.033 0.023
5585.79940 17.990 0.029
5587.70805 18.042 0.026
5589.76697 18.067 0.024
5590.78819 18.148 0.021
5592.79007 18.058 0.020
5594.77240 18.185 0.029
5595.73525 18.019 0.020
5596.76549 18.096 0.027
5597.73477 18.134 0.018
5598.74437 18.094 0.023
5599.75911 18.108 0.024
5600.75868 18.114 0.021
5601.75220 18.099 0.026
5602.74246 18.021 0.019
5604.74708 18.165 0.025
5605.75068 18.076 0.020
5608.72750 18.072 0.039
5609.73707 18.181 0.034
5611.72359 18.114 0.037
5612.72237 17.947 0.034
5615.68392 18.039 0.025
5623.62793 18.169 0.026
5625.66072 18.030 0.026
5627.65708 18.135 0.029
5630.63805 18.131 0.027
5632.60141 18.154 0.032
5634.61286 18.016 0.027
5638.60471 18.082 0.036
5640.56988 18.154 0.032
5642.54609 18.122 0.023
5644.54640 18.021 0.019
5646.54210 18.155 0.025
5648.54492 18.036 0.023
5650.57462 18.148 0.025
5653.59205 18.099 0.020
5655.57093 18.079 0.026
5657.57007 18.150 0.028
5659.59006 18.086 0.029
5667.54491 18.162 0.031
5668.53466 18.078 0.030
5671.54796 18.043 0.036
5674.55411 18.217 0.033
5675.54540 18.028 0.025
5677.54390 18.186 0.026
5681.52171 18.081 0.028
5683.52534 18.097 0.027
5686.51848 18.150 0.027
5687.50465 18.091 0.031
5692.48930 18.142 0.043
5695.49684 18.045 0.030
5697.49883 18.140 0.033
5700.49634 18.150 0.047
5787.89889 18.041 0.024
5802.89351 18.148 0.027
5805.86918 18.142 0.027
5807.91574 18.065 0.026
5810.88478 18.102 0.025
5813.85674 18.088 0.020
5817.88127 18.052 0.021
5820.86457 18.090 0.025
5823.85708 18.098 0.025
5825.89101 18.101 0.020
5827.87842 18.063 0.019
5830.86971 18.077 0.019
5832.85096 18.128 0.020
5834.83610 18.051 0.018
5836.81897 18.102 0.020
5840.87848 18.125 0.020
5844.80671 18.082 0.029
5850.88253 18.206 0.034
5851.85785 18.044 0.024
5852.83905 18.088 0.039
5855.86945 17.998 0.018
5856.87587 18.127 0.037
5857.87649 18.134 0.037
5860.84734 18.157 0.021
5861.86992 18.031 0.026
5862.82811 18.114 0.019
5864.76497 18.004 0.017
5866.82730 18.135 0.023
5870.82087 18.100 0.023
5871.78005 18.057 0.019
5873.79348 18.086 0.019
5874.83215 18.080 0.027
5878.86028 18.041 0.028
5881.77268 18.054 0.030
5882.83203 18.093 0.023
5885.83192 18.054 0.024
5886.84974 18.124 0.026
5887.82976 18.143 0.020
5890.84128 18.144 0.023
5891.82834 18.079 0.021
5893.73979 18.113 0.019
5895.78049 18.098 0.027
5896.82785 18.130 0.024
5898.82159 18.065 0.021
5899.80098 18.068 0.019
5900.85879 18.134 0.031
5901.84785 18.107 0.025
5902.80177 18.037 0.021
5903.83629 18.168 0.024
5904.80453 18.129 0.024
5905.80974 18.062 0.026
5906.80283 18.050 0.031
5907.78504 18.118 0.026
5908.80136 18.097 0.027
5910.81252 18.151 0.024
5911.76011 18.046 0.023
5912.84211 18.098 0.025
5913.84772 18.101 0.021
5914.83718 18.188 0.019
5915.80074 18.012 0.016
5916.83486 18.080 0.016
5917.79801 18.150 0.021
5922.85062 18.106 0.021
5924.79763 18.176 0.019
5925.83596 18.082 0.029
5927.79726 18.135 0.028
5929.81907 18.004 0.020
5931.76672 18.108 0.026
5932.79143 18.043 0.023
5933.81845 18.062 0.036
5934.81988 18.114 0.032
5936.81184 18.090 0.026
5937.76456 18.216 0.031
5938.78464 18.119 0.021
5939.78800 18.022 0.031
5940.80326 18.064 0.021
5941.78879 18.131 0.028
5942.81381 18.075 0.023
5943.78694 18.113 0.024
5944.77804 18.148 0.020
5945.75942 18.079 0.017
5946.79959 18.085 0.026
5947.76577 18.118 0.025
5948.75478 18.021 0.019
5949.77038 18.030 0.023
5950.72301 18.135 0.017
5952.79768 18.046 0.019
5954.74490 18.145 0.016
5956.76086 18.056 0.017
5959.74962 18.043 0.023
5962.66854 18.084 0.025
5963.72914 18.112 0.035
5965.67951 17.988 0.026
5967.75860 18.150 0.033
5969.72764 18.057 0.023
5972.73702 18.143 0.024
5974.66625 18.129 0.018
5976.69520 18.059 0.019
5977.70692 18.121 0.024
5979.70634 17.997 0.026
5981.67249 18.134 0.026
5982.69353 18.020 0.020
5984.69327 18.144 0.025
5986.71602 18.023 0.018
5988.67916 18.097 0.028
5989.66439 18.041 0.023
5990.65002 18.128 0.027
5992.67186 18.087 0.026
5994.66476 18.140 0.027
5995.68493 18.099 0.035
5997.64754 18.114 0.029
5999.67476 18.054 0.023
6001.62575 18.118 0.023
6004.63798 18.158 0.030
6009.59898 18.014 0.026
6017.59252 18.105 0.025
6018.59599 18.079 0.030
6019.62446 17.990 0.026
6021.60541 18.111 0.038
6022.61891 18.051 0.033
6023.59125 18.148 0.027
6024.61403 18.156 0.035
6033.57902 18.041 0.032
6035.55291 18.027 0.024
6037.54707 18.124 0.033
6038.55307 18.215 0.041
6039.55761 18.044 0.030
6040.54484 18.104 0.023
6042.54309 18.017 0.030
6047.53446 18.084 0.030
6048.51853 18.129 0.028
6049.52684 18.054 0.026
6052.51868 18.106 0.032
6056.51177 18.023 0.028
6059.50790 17.989 0.028
6068.47890 18.066 0.025
6080.46705 18.136 0.039
6149.91710 18.159 0.031
6163.92210 18.255 0.034
6173.90867 18.202 0.032
6183.90763 18.116 0.023
6185.88483 18.065 0.018
6196.81709 18.151 0.024
6199.86886 18.169 0.030
6202.87267 18.129 0.027
6207.85538 18.116 0.031
6208.85567 18.037 0.023
6214.85779 18.061 0.029
6216.88714 18.049 0.036
6218.86034 18.067 0.020
6220.76598 18.114 0.029
6223.82633 18.146 0.020
6226.78637 18.142 0.024
6230.80302 18.185 0.038
6233.85699 18.145 0.021
6241.85136 18.138 0.025
6244.86055 18.133 0.030
6248.82801 18.118 0.019
6251.81860 18.164 0.017
6254.76424 18.133 0.016
6257.84498 18.122 0.024
6262.78108 18.012 0.017
6265.84599 18.095 0.016
6269.82166 18.013 0.016
6275.82602 18.095 0.018
6280.77871 18.088 0.018
6284.84171 18.117 0.017
6288.74969 18.074 0.023
6292.81925 18.088 0.021
6297.76662 18.176 0.029
6303.77386 17.999 0.017
6308.78300 18.148 0.021
6318.68843 18.156 0.024
6321.53774 18.066 0.023
6321.71818 18.183 0.023
6322.68971 18.028 0.020
6338.64025 18.100 0.017
6355.56677 18.084 0.016
6361.61450 18.127 0.016
6369.59244 18.049 0.016
6375.58936 18.064 0.018
6382.55547 18.052 0.021
6390.54821 18.132 0.019
6399.49405 18.093 0.019
6510.93232 18.101 0.032
6521.91779 18.099 0.023
6534.91412 18.156 0.018
6537.89457 18.138 0.018
6552.85659 18.060 0.020
6568.87304 18.145 0.017
6575.86995 18.101 0.015
6582.81347 18.055 0.019
6586.76718 18.159 0.025
6595.80067 18.102 0.018
6607.80767 18.194 0.021
6614.75838 18.097 0.018
6618.81404 18.182 0.021
6627.78943 18.104 0.016
6637.84192 18.102 0.017
6644.81996 18.051 0.020
6650.79735 18.040 0.018
6654.78907 18.086 0.015
6659.70371 18.013 0.016
6663.79137 18.022 0.017
6668.79458 18.103 0.017
6674.73363 18.226 0.034
6680.79676 18.025 0.024
6685.74892 18.147 0.024
6693.67416 18.043 0.016
6698.72093 18.226 0.029
6703.68500 18.070 0.033
6708.68836 18.179 0.019
6712.68862 18.139 0.023
6715.67924 18.175 0.019
6729.67186 18.114 0.023
6741.63868 18.032 0.014
6884.91451 18.149 0.020
6910.87899 18.112 0.036
6921.85228 18.144 0.019
6928.81408 18.122 0.020
6936.81965 18.043 0.018
6939.82829 18.062 0.028
6949.84571 18.053 0.019
6955.82103 18.131 0.018
6961.87101 18.092 0.029
6967.80536 18.086 0.030
6972.77734 18.083 0.019
6973.76874 18.063 0.021
6973.78445 18.060 0.020
6974.79378 18.058 0.020
6975.70891 18.095 0.028
6976.83159 18.092 0.019
6977.73299 18.114 0.019
6978.76551 18.152 0.019
6978.77760 18.145 0.020
6984.75938 18.117 0.020
6990.76578 18.076 0.028
6995.78544 18.115 0.019
7000.82200 18.074 0.023
7004.83104 18.028 0.021
7008.80270 18.111 0.019
7012.75929 18.145 0.024
7015.77995 18.115 0.019
7019.74904 18.127 0.018
7019.78075 18.135 0.019
7020.66083 18.113 0.019
7021.74091 18.088 0.017
7022.67342 18.084 0.021
7023.66408 18.069 0.025
7023.78925 18.098 0.023
7024.67938 18.093 0.025
7025.62733 18.127 0.025
7026.78072 18.168 0.025
7030.79309 18.128 0.020
7034.74710 18.029 0.020
7038.77222 18.067 0.020
7042.76639 18.112 0.016
7048.74866 18.097 0.019
7053.71702 18.087 0.025
7057.71264 18.024 0.024
7062.70764 18.084 0.021
7067.70294 18.050 0.019
7068.67873 18.096 0.018
7069.68839 18.167 0.023
7070.72403 18.085 0.018
7071.73024 18.032 0.019
7072.71096 18.080 0.026
7075.69143 18.049 0.021
7080.64213 18.043 0.024
7082.63079 18.109 0.027
7085.64646 18.139 0.026
7088.62774 18.072 0.019
7091.62981 18.060 0.024
7098.61241 18.092 0.019
7104.60133 18.023 0.015
7111.59869 18.105 0.020
7114.57222 18.031 0.019
7117.57526 18.034 0.024
7120.57259 18.080 0.026
7127.55594 18.003 0.023
7132.55893 18.118 0.029
7135.54187 18.098 0.019
7139.52716 18.151 0.025
7142.50500 18.164 0.019
7282.89560 18.150 0.027
7291.89582 18.137 0.024
7294.85865 18.109 0.027
7299.86712 18.124 0.027
7306.82709 18.019 0.020
7312.82175 18.085 0.021
7324.75887 18.074 0.031
7341.73744 18.111 0.021
7346.76482 18.093 0.019
7355.72260 18.173 0.021
7366.75243 18.136 0.017
7374.85525 18.124 0.021
7377.84247 18.126 0.021
7382.74217 18.150 0.027
7386.72145 18.134 0.017
7389.76428 18.110 0.020
7398.71885 18.105 0.019
7402.77544 18.058 0.015
7405.74893 18.125 0.020
7409.71787 18.159 0.028
7413.70757 18.115 0.030
7425.70145 18.043 0.017
7429.66846 18.127 0.017
7436.64478 18.138 0.020
7441.65143 18.063 0.024
7445.63016 18.075 0.019
7450.63321 18.078 0.024
7457.60420 18.056 0.017
7463.60495 18.136 0.016
7467.56571 18.105 0.026
7471.59673 18.043 0.028
7475.57058 18.120 0.025
7487.51992 18.045 0.029
7495.49437 18.138 0.033
7508.48143 18.079 0.017
