5260.63876 15.094 0.006
5261.62439 15.038 0.006
5261.64213 15.037 0.006
5262.63593 14.990 0.006
5264.60334 15.017 0.006
5265.60460 15.013 0.007
5266.59714 15.107 0.007
5267.61041 15.006 0.006
5268.59305 15.033 0.006
5269.56235 15.103 0.007
5270.54896 14.999 0.006
5271.57174 15.063 0.006
5273.56021 14.991 0.006
5274.59134 15.074 0.007
5275.57459 15.059 0.006
5276.57066 14.989 0.006
5279.55877 14.997 0.007
5281.53421 15.019 0.006
5282.55364 15.017 0.006
5284.55724 15.004 0.006
5286.53997 15.102 0.006
5288.55364 15.062 0.006
5291.54780 15.082 0.006
5293.53911 14.984 0.007
5295.49531 15.030 0.007
5297.52104 15.111 0.006
5298.56604 15.009 0.006
5301.52682 14.997 0.006
5306.52336 15.061 0.006
5308.53113 15.083 0.007
5309.55178 15.037 0.007
5310.55164 15.000 0.007
5311.51672 15.096 0.007
5313.50071 15.010 0.007
5314.51547 15.107 0.007
5322.46299 15.066 0.007
5325.47727 15.087 0.007
5327.47959 15.002 0.006
5335.47028 14.987 0.006
5341.49179 14.999 0.007
5343.49440 15.021 0.007
5430.91240 15.011 0.006
5439.92188 14.983 0.006
5448.91086 15.032 0.006
5451.82426 15.046 0.006
5454.90322 15.081 0.006
5457.76711 15.083 0.006
5459.87907 14.999 0.006
5462.86796 15.018 0.006
5467.84791 14.995 0.006
5468.83683 15.053 0.006
5470.81173 14.980 0.006
5471.85948 15.081 0.006
5473.79431 14.985 0.006
5477.79627 15.102 0.006
5478.80374 15.008 0.006
5481.74308 15.002 0.006
5484.78845 14.980 0.006
5485.81520 15.065 0.006
5487.73608 14.978 0.006
5488.73910 15.079 0.006
5489.83137 15.032 0.006
5490.73947 14.987 0.006
5491.85357 15.108 0.006
5492.77565 15.020 0.006
5493.79794 15.011 0.006
5494.84268 15.117 0.006
5495.79984 14.996 0.006
5496.79767 15.031 0.007
5497.82783 15.093 0.006
5499.73484 15.044 0.006
5502.80500 15.065 0.006
5503.76022 15.048 0.006
5505.72991 15.081 0.006
5506.74740 15.026 0.006
5507.76550 14.990 0.006
5509.67389 15.013 0.006
5510.72980 15.012 0.006
5511.70599 15.095 0.006
5512.74907 14.991 0.006
5513.71937 15.034 0.006
5514.75192 15.090 0.006
5515.66917 14.988 0.006
5516.75472 15.056 0.006
5517.66785 15.080 0.006
5518.76427 14.979 0.007
5519.69067 15.073 0.007
5521.70754 14.980 0.006
5522.73266 15.095 0.006
5523.69738 15.017 0.006
5524.70581 14.988 0.006
5525.73887 15.100 0.006
5526.69091 15.008 0.005
5527.77165 15.026 0.006
5528.71274 15.097 0.006
5529.69301 14.998 0.006
5530.70024 15.044 0.006
5531.78342 15.068 0.006
5532.69157 14.977 0.006
5533.71491 15.065 0.006
5534.74642 15.050 0.006
5535.72327 14.986 0.006
5536.72592 15.086 0.006
5539.73615 15.091 0.006
5540.82033 15.004 0.006
5541.68649 15.011 0.006
5542.74490 15.105 0.006
5543.77642 15.000 0.006
5544.76392 15.031 0.006
5545.75320 15.089 0.006
5546.70287 14.990 0.006
5547.76267 15.067 0.006
5548.72392 15.067 0.006
5549.68880 14.994 0.006
5550.74267 15.079 0.006
5551.70017 15.049 0.006
5553.74621 15.095 0.006
5554.67954 15.036 0.007
5556.69416 15.106 0.006
5557.67532 15.014 0.006
5558.67624 15.019 0.006
5559.69389 15.109 0.007
5559.71940 15.101 0.006
5560.65810 14.994 0.006
5561.69189 15.048 0.007
5562.71125 15.078 0.006
5563.64522 14.990 0.006
5565.67713 15.056 0.006
5566.70380 14.982 0.006
5568.72410 15.036 0.006
5569.71867 15.001 0.006
5570.75823 15.111 0.007
5571.68924 15.019 0.006
5572.80645 15.026 0.006
5575.71077 15.040 0.006
5576.68496 15.095 0.006
5577.68724 14.995 0.006
5578.69352 15.054 0.006
5579.74447 15.067 0.006
5580.68851 14.982 0.005
5581.69064 15.082 0.006
5582.69762 15.050 0.006
5583.70439 14.985 0.005
5584.69041 15.092 0.006
5585.69028 15.024 0.006
5586.65406 14.998 0.006
5587.63622 15.108 0.006
5588.74016 15.002 0.006
5589.64622 15.017 0.006
5591.68355 14.984 0.005
5592.66579 15.029 0.006
5593.64878 15.084 0.006
5594.66499 14.985 0.006
5595.64366 15.051 0.006
5596.70679 15.052 0.005
5597.62426 14.978 0.005
5598.69058 15.082 0.006
5599.65420 15.037 0.006
5600.68692 14.985 0.005
5601.66656 15.101 0.006
5602.66529 15.021 0.006
5603.67406 15.020 0.006
5604.67446 15.102 0.006
5605.67701 14.997 0.005
5606.68893 15.029 0.006
5607.69984 15.093 0.006
5608.69047 14.997 0.006
5609.71771 15.060 0.006
5611.64826 14.987 0.006
5612.70079 15.082 0.007
5613.66398 15.043 0.006
5614.65590 14.983 0.005
5615.64970 15.086 0.006
5616.66540 15.023 0.006
5619.64766 15.015 0.006
5622.64365 14.998 0.006
5623.60652 15.036 0.006
5624.54765 15.092 0.006
5625.63925 14.982 0.006
5626.60037 15.057 0.006
5627.56509 15.075 0.006
5629.60534 15.079 0.006
5630.61679 15.034 0.006
5632.56490 15.084 0.006
5633.61388 15.019 0.006
5634.57434 14.996 0.006
5635.57864 15.094 0.006
5638.58325 15.090 0.006
5639.59352 14.987 0.006
5640.53250 15.032 0.006
5641.56017 15.084 0.006
5642.50840 14.971 0.005
5643.50618 15.053 0.006
5644.50891 15.057 0.006
5645.50763 14.977 0.006
5646.52065 15.071 0.006
5647.52260 15.035 0.006
5648.52331 14.981 0.006
5649.53806 15.090 0.006
5650.51849 15.012 0.006
5651.52440 15.002 0.005
5652.51935 15.100 0.006
5653.54943 15.000 0.006
5654.55797 15.025 0.006
5655.54914 15.104 0.006
5656.55803 14.986 0.006
5657.51798 15.048 0.006
5659.51729 14.979 0.006
5660.56268 15.069 0.006
5664.49687 15.027 0.006
5665.51210 15.001 0.006
5666.50894 15.104 0.007
5667.49110 15.014 0.006
5668.49663 15.014 0.006
5669.49064 15.098 0.006
5670.54213 14.992 0.006
5671.49253 15.036 0.007
5672.48744 15.097 0.006
5674.49549 15.053 0.006
5675.48834 15.066 0.006
5676.54362 14.988 0.005
5677.48505 15.078 0.006
5678.51928 15.040 0.006
5679.48689 14.992 0.006
5680.53497 15.103 0.007
5681.49975 15.021 0.006
5682.49916 15.000 0.006
5683.50410 15.100 0.006
5684.50852 15.005 0.006
5685.48022 15.024 0.006
5686.48110 15.095 0.006
5687.48327 14.986 0.006
5691.47479 15.067 0.006
5692.52556 15.054 0.007
5694.49140 15.084 0.006
5695.47583 15.026 0.006
5696.48424 15.003 0.006
5697.47416 15.097 0.006
5699.48370 15.014 0.007
5700.47528 15.094 0.007
5702.47214 15.036 0.006
5706.47185 15.067 0.006
5709.45893 15.038 0.005
5784.93197 15.103 0.006
5796.89949 15.031 0.006
5803.88323 15.031 0.006
5805.84773 14.991 0.006
5806.89870 15.051 0.006
5809.85989 15.069 0.005
5810.86303 15.048 0.006
5812.85592 15.094 0.006
5814.90491 15.012 0.006
5815.88428 15.103 0.006
5816.85844 15.003 0.006
5817.86008 15.018 0.005
5818.88810 15.093 0.006
5819.84207 14.989 0.006
5820.90948 15.044 0.006
5822.82970 14.985 0.006
5823.90458 15.072 0.006
5824.82654 15.061 0.006
5825.81479 14.979 0.005
5826.86329 15.087 0.006
5827.85725 15.033 0.005
5828.88346 14.989 0.005
5829.85683 15.096 0.005
5830.84841 15.016 0.005
5831.84010 15.009 0.005
5832.82950 15.104 0.005
5833.81388 15.005 0.006
5834.81480 15.028 0.005
5835.87470 15.093 0.006
5836.78123 14.990 0.005
5837.86056 15.059 0.006
5839.84221 14.982 0.006
5840.82572 15.072 0.005
5841.82275 15.053 0.006
5842.84033 14.978 0.006
5843.85583 15.091 0.006
5845.87082 14.995 0.006
5846.83128 15.102 0.007
5850.79594 14.993 0.006
5851.80417 15.041 0.006
5852.78793 15.088 0.007
5853.85770 14.972 0.006
5854.76297 15.056 0.006
5855.83267 15.057 0.005
5856.80424 14.975 0.006
5858.83846 15.039 0.006
5859.80697 14.992 0.005
5860.79204 15.089 0.006
5861.80105 15.020 0.006
5863.80418 15.107 0.005
5864.71152 15.016 0.005
5865.78110 15.023 0.006
5866.80523 15.097 0.006
5867.74417 14.992 0.006
5868.84563 15.046 0.005
5869.81114 15.080 0.006
5870.75094 14.990 0.005
5871.73704 15.068 0.006
5872.74637 15.064 0.006
5873.74162 14.983 0.005
5874.77518 15.091 0.006
5875.71108 15.038 0.006
5878.76775 15.025 0.006
5879.69614 15.000 0.007
5880.74763 15.094 0.005
5881.73416 15.001 0.006
5882.76496 15.038 0.006
5883.76890 15.095 0.006
5885.70023 15.048 0.006
5886.73630 15.084 0.007
5887.80866 14.983 0.005
5888.79733 15.089 0.006
5889.83948 15.040 0.006
5890.77301 14.995 0.006
5891.73170 15.091 0.006
5892.74947 15.035 0.006
5893.76759 15.003 0.005
5894.79105 15.109 0.006
5895.80814 15.007 0.006
5896.79119 15.027 0.006
5897.73801 15.107 0.006
5898.72020 14.993 0.005
5899.77936 15.051 0.006
5900.72901 15.090 0.006
5901.77828 14.978 0.006
5902.72956 15.071 0.006
5903.78474 15.053 0.006
5904.75936 14.984 0.005
5905.73340 15.083 0.006
5906.74529 15.034 0.006
5907.72335 14.988 0.006
5908.74867 15.102 0.006
5909.79319 15.011 0.005
5910.70600 15.008 0.005
5911.73786 15.101 0.006
5912.75832 14.999 0.005
5913.73028 15.030 0.005
5914.75289 15.090 0.005
5915.70994 14.988 0.005
5916.76630 15.062 0.005
5917.72745 15.077 0.005
5922.74452 15.093 0.006
5923.72074 15.024 0.005
5924.70207 14.995 0.005
5925.71609 15.113 0.006
5926.72789 15.004 0.005
5927.72690 15.021 0.005
5929.70107 14.998 0.005
5930.84625 15.079 0.005
5931.66755 15.093 0.006
5932.66541 14.982 0.005
5933.71528 15.058 0.006
5934.71133 15.057 0.005
5935.66234 14.981 0.006
5936.65688 15.078 0.006
5937.68619 15.038 0.005
5938.68698 14.986 0.005
5939.73105 15.097 0.006
5940.76668 15.021 0.006
5941.76736 15.018 0.005
5942.79199 15.095 0.006
5943.74885 14.997 0.005
5944.74172 15.030 0.005
5945.72245 15.087 0.005
5946.66190 14.992 0.005
5946.77825 14.983 0.006
5947.72883 15.049 0.006
5948.71766 15.070 0.006
5949.73386 14.975 0.006
5950.65483 15.066 0.005
5951.68021 15.041 0.006
5952.70482 14.985 0.005
5953.70278 15.089 0.006
5954.70031 15.029 0.005
5955.72295 15.000 0.005
5956.72299 15.100 0.005
5958.74021 15.019 0.006
5959.71216 15.102 0.006
5960.71422 14.993 0.005
5961.64597 15.039 0.005
5962.64686 15.085 0.006
5963.61359 14.996 0.006
5964.62556 15.056 0.006
5965.62450 15.066 0.006
5967.64668 15.075 0.006
5968.64677 15.043 0.006
5969.62277 14.993 0.005
5970.60027 15.089 0.005
5971.69317 15.022 0.005
5972.67955 15.009 0.005
5973.66261 15.104 0.005
5974.61766 15.013 0.006
5976.65180 15.110 0.006
5977.68539 14.990 0.005
5978.66183 15.054 0.005
5979.61199 15.084 0.006
5980.64164 14.979 0.005
5981.65113 15.070 0.006
5982.65706 15.051 0.005
5983.70019 14.989 0.005
5984.63916 15.096 0.005
5985.67107 15.028 0.006
5986.60084 14.997 0.005
5987.67664 15.108 0.006
5988.64278 15.013 0.006
5989.60674 15.008 0.005
5990.60027 15.100 0.006
5991.67526 14.993 0.006
5992.63555 15.042 0.006
5993.59242 15.106 0.006
5994.59111 14.994 0.006
5995.63881 15.060 0.006
5996.60889 15.078 0.006
5997.61108 14.981 0.006
5998.60942 15.087 0.006
5998.67909 15.094 0.006
5999.65015 15.047 0.005
6000.62553 14.988 0.005
6002.58922 15.030 0.005
6003.55538 15.002 0.006
6004.61578 15.106 0.006
6005.59882 15.007 0.005
6006.58277 15.022 0.005
6007.58110 15.106 0.005
6008.61557 15.001 0.005
6009.55667 15.042 0.006
6010.61226 15.082 0.006
6011.57104 14.991 0.005
6012.57013 15.070 0.006
6013.55187 15.071 0.005
6014.57080 14.995 0.006
6015.56617 15.083 0.005
6016.60685 15.036 0.005
6017.57004 14.998 0.005
6018.52541 15.104 0.006
6019.57397 15.027 0.006
6020.59596 15.011 0.005
6021.58371 15.107 0.006
6022.59520 15.003 0.006
6023.56925 15.024 0.005
6024.59209 15.091 0.006
6025.59211 14.991 0.006
6026.53839 15.049 0.006
6028.57515 14.992 0.006
6029.59273 15.077 0.006
6032.51303 15.087 0.006
6033.50060 15.050 0.006
6034.50619 14.994 0.005
6035.53159 15.098 0.006
6036.50843 15.017 0.006
6037.50810 15.022 0.006
6038.49980 15.101 0.007
6039.50651 14.998 0.006
6040.50881 15.036 0.006
6047.48343 15.043 0.006
6048.48220 14.986 0.006
6049.50550 15.090 0.006
6050.48108 15.030 0.006
6052.49675 15.103 0.006
6053.49379 15.006 0.006
6055.50239 15.103 0.006
6056.48937 14.991 0.006
6057.49954 15.045 0.005
6058.49293 15.085 0.006
6059.48657 14.978 0.006
6060.48984 15.067 0.006
6061.48047 15.056 0.006
6062.47449 14.980 0.006
6123.92356 15.009 0.005
6137.92148 15.021 0.006
6164.90868 15.090 0.006
6165.92121 15.036 0.006
6171.88699 15.002 0.005
6174.91312 14.995 0.006
6179.91296 15.050 0.006
6180.86551 14.997 0.006
6181.87970 15.096 0.006
6182.88423 15.028 0.005
6183.88594 15.005 0.005
6184.91251 15.117 0.006
6185.86220 15.016 0.005
6186.86371 15.024 0.005
6191.88929 14.983 0.005
6193.87655 15.067 0.006
6194.89350 14.985 0.005
6196.87896 15.041 0.005
6199.82794 15.021 0.006
6202.83540 15.010 0.006
6204.87051 15.098 0.006
6207.88335 15.071 0.006
6210.88204 15.051 0.006
6212.83484 15.093 0.006
6215.87380 15.109 0.007
6216.83264 15.008 0.005
6219.81762 14.995 0.006
6221.83091 15.098 0.006
6222.83184 14.992 0.006
6223.78893 15.057 0.005
6224.85451 15.060 0.005
6225.73648 14.985 0.006
6226.74888 15.078 0.006
6229.79144 15.095 0.006
6230.73528 15.029 0.006
6231.76010 15.004 0.006
6232.82609 15.108 0.006
6233.83530 15.006 0.005
6234.83647 15.024 0.005
6235.78387 15.103 0.005
6236.80145 14.989 0.005
6238.83519 15.074 0.005
6239.80923 14.985 0.005
6240.85247 15.078 0.006
6241.80612 15.050 0.006
6242.84906 14.984 0.005
6243.81788 15.090 0.005
6244.75819 15.038 0.006
6245.77469 14.988 0.005
6248.79144 15.016 0.005
6251.78203 15.038 0.005
6254.79197 15.056 0.005
6257.82088 15.088 0.005
6262.74409 14.993 0.005
6265.81646 15.026 0.005
6270.83211 14.977 0.005
6274.82378 15.082 0.005
6278.77121 15.016 0.005
6282.79369 15.037 0.005
6286.72695 15.072 0.005
6289.79629 15.044 0.005
6294.81822 15.105 0.005
6299.77478 15.051 0.005
6306.71495 15.035 0.005
6312.69085 15.013 0.005
6317.70052 15.080 0.005
6323.67379 15.036 0.005
6329.63302 15.012 0.006
6333.62388 15.056 0.005
6340.63608 15.031 0.005
6343.57989 15.010 0.005
6347.60620 15.034 0.005
6356.62363 15.099 0.005
6363.54113 14.995 0.005
6371.56389 15.039 0.005
6378.54697 15.036 0.005
6387.53924 15.093 0.005
6396.54501 15.083 0.005
6404.53019 15.106 0.005
6416.50623 15.049 0.005
6509.92477 14.999 0.005
6520.89792 15.030 0.005
6531.90902 15.051 0.005
6547.87520 15.075 0.005
6561.84244 15.059 0.005
6571.84918 15.003 0.005
6577.88978 14.979 0.005
6583.79593 14.990 0.005
6608.83616 14.981 0.005
6612.77241 15.081 0.005
6616.73424 15.027 0.005
6622.78821 14.990 0.005
6628.81588 14.992 0.005
6638.74166 15.087 0.005
6645.73922 14.985 0.005
6649.74616 15.110 0.005
6654.76632 15.058 0.005
6658.77881 15.041 0.005
6662.77476 15.006 0.005
6667.83596 14.988 0.005
6672.77972 15.068 0.005
6680.77404 15.103 0.005
6690.66673 14.992 0.005
6697.71535 15.096 0.005
6705.68069 15.080 0.005
6712.64800 15.010 0.005
6722.60882 15.086 0.005
6736.62011 15.076 0.005
6871.92936 15.081 0.005
6887.92767 14.979 0.005
6896.89795 15.039 0.006
6907.88066 15.004 0.005
6926.80970 15.003 0.005
6932.81832 14.976 0.005
6938.80373 14.996 0.005
6942.80123 15.098 0.005
6950.85204 15.077 0.005
6956.85483 15.100 0.005
6961.84943 15.056 0.005
6967.72086 15.088 0.006
6973.72635 15.105 0.006
6980.76329 14.975 0.005
6987.79429 15.101 0.006
6992.76643 15.047 0.005
6997.77222 14.981 0.005
7002.71606 15.020 0.005
7007.72737 15.101 0.005
7013.68076 15.055 0.005
7016.78647 15.020 0.005
7020.78436 15.031 0.005
7024.76432 15.078 0.005
7028.71749 14.981 0.005
7032.77186 15.105 0.005
7037.74728 15.041 0.005
7042.74487 14.986 0.005
7051.73663 15.028 0.005
7056.67708 14.979 0.005
7062.66883 14.989 0.005
7069.66548 15.090 0.005
7074.67676 15.082 0.006
7080.59248 15.102 0.005
7083.61927 15.104 0.005
7086.62829 15.082 0.005
7091.60826 15.078 0.005
7103.57630 15.079 0.005
7112.58662 15.021 0.006
7115.58322 15.014 0.005
7119.54125 15.055 0.006
7126.53229 15.032 0.005
7131.53683 15.105 0.006
7134.50714 15.090 0.006
7137.53705 15.059 0.005
7143.50171 15.028 0.006
7277.90834 15.100 0.006
7292.84101 15.017 0.006
7294.80474 15.111 0.005
7297.80343 15.101 0.006
7304.88232 14.989 0.005
7312.79972 15.002 0.005
7322.75400 15.093 0.006
7327.85672 15.042 0.006
7339.76511 15.104 0.005
7345.72365 15.095 0.006
7354.80049 15.020 0.005
7361.82335 15.051 0.005
7366.69592 14.987 0.005
7373.84928 15.106 0.006
7377.82120 14.984 0.005
7382.71944 15.050 0.005
7385.73291 15.020 0.005
7390.75475 15.098 0.005
7399.75937 15.028 0.006
7404.74900 15.110 0.005
7408.72211 14.992 0.005
7410.72351 15.083 0.005
7413.68626 15.056 0.006
7416.69317 15.026 0.005
7424.63561 15.100 0.005
7427.66494 15.071 0.005
7431.66248 14.987 0.005
7435.65542 15.103 0.005
7439.66150 15.001 0.005
7443.63283 15.060 0.005
7449.63860 15.095 0.005
7453.61306 14.999 0.005
7462.62776 14.989 0.005
7466.57523 15.100 0.005
7472.58205 15.090 0.005
7476.53779 14.979 0.005
7488.49160 15.047 0.005
7499.51474 15.012 0.005
7507.48696 14.992 0.005
