5261.66360 16.718 0.008
5262.65763 16.707 0.010
5264.62673 16.659 0.010
5265.62616 16.635 0.010
5266.62015 16.607 0.008
5267.63193 16.590 0.009
5268.61429 16.569 0.009
5269.58367 16.569 0.008
5270.58588 16.584 0.008
5271.59319 16.624 0.008
5273.58149 16.731 0.009
5274.61272 16.721 0.010
5276.59210 16.764 0.009
5279.58023 16.758 0.011
5281.57040 16.732 0.009
5282.57500 16.716 0.010
5285.56502 16.649 0.011
5287.55860 16.604 0.012
5290.49500 16.617 0.009
5293.49089 16.743 0.011
5295.51971 16.755 0.010
5296.59491 16.755 0.011
5297.54249 16.765 0.009
5299.52506 16.761 0.010
5301.54808 16.713 0.010
5305.54574 16.657 0.010
5307.48211 16.574 0.009
5308.55213 16.591 0.009
5309.57290 16.576 0.009
5311.53913 16.575 0.010
5313.52169 16.644 0.011
5315.50241 16.733 0.011
5321.48890 16.739 0.011
5322.49901 16.708 0.010
5324.50337 16.690 0.010
5326.51086 16.655 0.009
5327.50087 16.615 0.008
5335.49131 16.732 0.010
5342.49148 16.752 0.015
5430.93356 16.767 0.017
5443.87075 16.573 0.008
5448.90220 16.630 0.008
5451.84529 16.761 0.011
5454.89456 16.766 0.009
5457.78915 16.699 0.008
5461.86699 16.660 0.009
5465.88623 16.574 0.010
5467.86909 16.577 0.008
5468.85808 16.625 0.009
5470.83313 16.722 0.008
5471.88072 16.729 0.008
5473.81559 16.766 0.008
5477.81874 16.714 0.008
5478.84054 16.715 0.008
5481.76441 16.635 0.008
5483.79734 16.593 0.009
5484.80980 16.591 0.008
5486.79152 16.576 0.008
5487.79338 16.588 0.008
5488.86452 16.561 0.008
5490.85643 16.660 0.009
5491.84446 16.706 0.009
5492.78618 16.750 0.009
5493.80847 16.774 0.010
5494.85325 16.766 0.009
5495.81042 16.771 0.009
5496.80825 16.752 0.012
5497.83841 16.746 0.009
5499.74543 16.702 0.008
5502.81557 16.657 0.008
5503.77081 16.608 0.008
5505.74052 16.563 0.008
5506.75801 16.559 0.008
5507.77614 16.563 0.008
5509.68450 16.702 0.008
5510.74040 16.698 0.008
5511.71666 16.760 0.009
5512.75973 16.743 0.008
5513.73002 16.756 0.008
5514.76254 16.776 0.008
5515.67983 16.752 0.009
5516.76538 16.752 0.008
5517.67851 16.709 0.009
5518.77496 16.747 0.012
5519.70136 16.709 0.011
5521.71818 16.672 0.009
5522.74332 16.657 0.008
5523.70801 16.614 0.008
5524.71651 16.577 0.008
5525.74952 16.577 0.008
5526.70163 16.559 0.008
5527.78232 16.561 0.008
5528.72344 16.579 0.008
5529.70372 16.636 0.008
5530.71092 16.672 0.008
5531.79415 16.633 0.008
5532.70230 16.749 0.008
5533.72565 16.765 0.009
5534.75712 16.752 0.008
5535.73400 16.767 0.008
5536.73665 16.760 0.008
5539.74687 16.732 0.008
5540.83106 16.756 0.009
5541.69724 16.689 0.008
5542.75640 16.684 0.008
5543.78721 16.671 0.009
5544.77466 16.656 0.008
5545.76394 16.620 0.008
5546.71365 16.568 0.008
5547.77342 16.576 0.008
5548.74131 16.559 0.008
5549.70121 16.590 0.008
5550.75345 16.586 0.008
5551.71097 16.661 0.010
5553.75695 16.708 0.009
5556.70495 16.758 0.009
5557.68609 16.758 0.008
5558.68698 16.752 0.009
5559.73016 16.746 0.008
5560.66889 16.727 0.008
5561.70266 16.711 0.009
5562.72203 16.697 0.008
5563.65598 16.664 0.008
5565.68789 16.617 0.008
5568.73488 16.580 0.008
5569.72947 16.564 0.008
5570.76895 16.553 0.008
5571.70058 16.602 0.008
5572.81757 16.577 0.008
5575.72154 16.752 0.008
5576.69570 16.754 0.008
5577.69798 16.754 0.009
5578.70534 16.759 0.009
5579.75522 16.757 0.010
5580.69925 16.752 0.008
5581.70140 16.728 0.008
5582.70835 16.729 0.009
5583.71676 16.712 0.008
5584.70109 16.683 0.008
5585.70103 16.659 0.008
5586.66478 16.608 0.008
5587.64699 16.603 0.008
5589.65692 16.560 0.008
5591.69425 16.570 0.008
5592.67651 16.604 0.008
5593.65949 16.683 0.008
5594.67574 16.698 0.008
5595.65439 16.748 0.008
5596.71748 16.736 0.008
5597.63495 16.778 0.008
5598.70128 16.759 0.008
5599.66491 16.757 0.008
5600.69763 16.764 0.008
5601.67725 16.752 0.008
5602.67600 16.717 0.008
5603.68268 16.715 0.009
5604.68309 16.707 0.009
5605.68559 16.674 0.008
5606.69751 16.668 0.008
5607.70845 16.625 0.009
5608.70155 16.611 0.009
5609.72629 16.601 0.009
5611.65682 16.562 0.010
5612.70937 16.563 0.010
5613.67253 16.613 0.009
5614.66488 16.650 0.008
5615.65826 16.697 0.008
5616.67429 16.735 0.008
5619.65619 16.778 0.008
5622.65809 16.746 0.009
5623.61712 16.717 0.008
5624.55834 16.665 0.008
5625.64983 16.690 0.009
5626.61092 16.651 0.009
5627.57571 16.615 0.008
5629.61589 16.579 0.008
5630.62731 16.564 0.008
5632.57552 16.603 0.009
5633.62442 16.586 0.008
5634.58490 16.664 0.009
5635.58917 16.725 0.009
5638.59379 16.769 0.011
5639.56955 16.770 0.010
5640.54299 16.750 0.010
5641.57220 16.742 0.009
5642.51891 16.721 0.008
5643.51666 16.705 0.008
5644.51940 16.674 0.008
5645.51810 16.665 0.009
5646.53115 16.630 0.008
5647.53311 16.621 0.008
5648.53376 16.614 0.008
5649.54852 16.584 0.008
5650.52898 16.568 0.008
5651.53484 16.562 0.007
5652.52980 16.579 0.008
5653.55989 16.589 0.008
5654.56835 16.614 0.008
5655.55962 16.681 0.008
5656.56844 16.713 0.008
5657.52837 16.768 0.009
5659.52770 16.768 0.008
5660.57308 16.778 0.009
5664.50726 16.716 0.011
5665.52249 16.686 0.009
5666.51928 16.663 0.011
5667.50147 16.640 0.009
5668.50739 16.617 0.009
5669.50098 16.597 0.009
5670.55250 16.570 0.009
5671.50287 16.561 0.012
5672.49773 16.558 0.008
5674.50582 16.618 0.008
5675.49910 16.673 0.008
5676.55486 16.659 0.006
5677.49573 16.747 0.008
5678.52958 16.734 0.008
5679.49720 16.769 0.009
5680.54598 16.778 0.011
5681.51003 16.760 0.009
5682.50983 16.766 0.011
5683.51438 16.752 0.009
5684.51936 16.710 0.009
5685.49084 16.708 0.009
5686.49138 16.681 0.008
5687.49355 16.661 0.009
5691.48505 16.574 0.009
5692.53196 16.575 0.011
5694.50162 16.592 0.010
5695.48604 16.644 0.009
5696.49443 16.668 0.011
5699.49389 16.765 0.012
5700.48547 16.766 0.012
5702.48231 16.775 0.010
5706.48202 16.703 0.011
5785.90782 16.571 0.008
5796.90970 16.761 0.010
5803.89351 16.631 0.008
5805.85795 16.583 0.008
5806.90897 16.571 0.008
5809.87014 16.615 0.008
5810.87330 16.664 0.008
5812.86623 16.743 0.008
5814.91523 16.773 0.011
5815.89459 16.758 0.008
5816.86873 16.750 0.009
5817.87041 16.775 0.009
5818.89840 16.768 0.009
5819.85241 16.722 0.008
5822.84007 16.653 0.008
5824.83690 16.606 0.008
5825.82515 16.580 0.008
5826.87367 16.592 0.008
5827.86765 16.549 0.008
5828.89388 16.560 0.008
5829.86721 16.572 0.008
5830.85879 16.609 0.008
5831.85050 16.670 0.008
5832.83994 16.722 0.008
5833.82425 16.757 0.008
5834.82522 16.757 0.008
5835.88516 16.757 0.008
5836.79163 16.770 0.008
5837.87195 16.754 0.008
5839.85266 16.738 0.008
5840.83616 16.718 0.008
5841.83320 16.705 0.008
5842.85084 16.680 0.009
5843.86630 16.682 0.008
5845.88130 16.654 0.011
5846.84183 16.599 0.011
5850.80645 16.607 0.008
5851.81466 16.650 0.008
5853.87018 16.692 0.008
5854.77387 16.765 0.008
5855.84321 16.752 0.008
5856.81481 16.772 0.010
5857.81547 16.753 0.010
5858.84902 16.765 0.010
5859.81756 16.751 0.008
5860.80261 16.741 0.008
5861.81162 16.712 0.008
5863.81477 16.674 0.008
5864.72206 16.625 0.008
5865.79208 16.626 0.008
5866.81583 16.611 0.008
5867.75474 16.578 0.008
5868.85623 16.582 0.007
5869.82179 16.553 0.008
5870.76154 16.598 0.008
5871.74767 16.650 0.008
5872.75701 16.682 0.008
5873.75226 16.708 0.008
5874.78925 16.731 0.009
5875.72171 16.771 0.009
5878.82268 16.776 0.012
5879.73000 16.745 0.010
5880.75829 16.733 0.008
5881.74480 16.722 0.008
5882.77563 16.709 0.008
5883.77957 16.699 0.009
5885.71664 16.626 0.009
5886.74697 16.599 0.009
5887.81935 16.625 0.008
5888.80798 16.591 0.008
5889.85021 16.575 0.008
5890.78374 16.560 0.008
5891.74241 16.596 0.008
5892.76015 16.620 0.008
5893.77830 16.655 0.008
5894.80177 16.668 0.008
5895.81885 16.689 0.008
5896.80193 16.739 0.009
5897.74874 16.766 0.008
5898.73093 16.776 0.008
5899.79007 16.768 0.008
5900.73973 16.750 0.008
5901.78901 16.758 0.009
5902.74032 16.714 0.009
5903.79544 16.722 0.008
5904.77010 16.686 0.008
5905.74413 16.659 0.008
5906.75600 16.640 0.008
5907.73407 16.607 0.008
5908.75945 16.596 0.008
5909.80392 16.606 0.008
5910.71675 16.559 0.008
5911.74860 16.559 0.008
5912.76907 16.559 0.008
5913.74099 16.620 0.008
5914.76367 16.652 0.008
5915.72073 16.721 0.008
5916.77702 16.702 0.008
5917.73825 16.759 0.008
5922.75530 16.745 0.008
5923.73150 16.713 0.008
5924.71280 16.702 0.008
5925.72684 16.683 0.008
5926.73865 16.660 0.008
5927.73763 16.639 0.008
5929.71185 16.599 0.008
5930.85700 16.619 0.008
5931.67886 16.548 0.008
5932.67617 16.586 0.008
5933.72603 16.584 0.008
5934.72212 16.637 0.008
5936.66766 16.735 0.009
5937.69693 16.740 0.008
5938.69770 16.768 0.008
5939.74184 16.763 0.008
5940.77744 16.748 0.008
5941.77810 16.779 0.010
5942.80274 16.764 0.008
5943.75960 16.770 0.008
5944.75248 16.708 0.008
5945.73320 16.717 0.008
5946.67303 16.668 0.008
5946.78902 16.712 0.008
5947.74004 16.678 0.008
5948.72840 16.658 0.008
5949.74457 16.649 0.008
5950.66557 16.580 0.007
5951.69097 16.556 0.008
5952.71555 16.567 0.008
5953.71348 16.551 0.008
5954.71106 16.586 0.007
5955.73369 16.618 0.008
5956.73371 16.644 0.008
5958.75092 16.722 0.008
5959.72291 16.755 0.008
5960.72493 16.769 0.008
5961.65666 16.774 0.008
5962.65756 16.770 0.010
5963.62432 16.727 0.009
5964.63626 16.727 0.009
5965.63516 16.690 0.008
5967.65733 16.666 0.009
5968.65746 16.643 0.008
5969.63345 16.605 0.008
5970.61096 16.587 0.008
5971.70384 16.607 0.008
5972.69017 16.570 0.008
5973.67329 16.551 0.007
5974.62831 16.596 0.008
5976.66247 16.670 0.008
5977.69603 16.668 0.008
5978.67251 16.715 0.008
5979.62260 16.777 0.008
5980.65279 16.752 0.009
5981.66173 16.769 0.008
5982.66771 16.770 0.008
5983.71079 16.759 0.008
5984.64981 16.743 0.008
5985.68172 16.722 0.009
5986.61145 16.690 0.008
5987.68728 16.702 0.008
5988.65338 16.683 0.008
5989.61734 16.628 0.008
5990.61086 16.611 0.009
5991.68587 16.622 0.008
5992.64613 16.587 0.008
5993.60298 16.561 0.008
5994.60245 16.589 0.008
5995.64935 16.579 0.009
5996.61948 16.632 0.010
5997.62162 16.679 0.008
5998.61997 16.727 0.008
5998.68545 16.677 0.008
5999.66395 16.731 0.008
6000.63604 16.749 0.008
6002.59973 16.768 0.008
6003.56597 16.773 0.009
6004.62631 16.742 0.009
6005.60935 16.750 0.008
6006.59329 16.701 0.008
6007.59159 16.708 0.008
6008.64598 16.690 0.008
6009.56715 16.654 0.008
6010.62273 16.654 0.008
6011.58153 16.603 0.008
6012.61723 16.603 0.008
6013.56231 16.572 0.008
6014.58126 16.569 0.008
6015.57761 16.587 0.008
6016.61760 16.589 0.008
6017.58100 16.652 0.008
6018.53614 16.739 0.009
6019.58488 16.748 0.009
6020.60637 16.758 0.008
6021.59416 16.781 0.009
6022.60603 16.769 0.010
6023.57965 16.781 0.009
6024.60249 16.762 0.011
6025.60253 16.751 0.011
6026.54879 16.738 0.009
6028.58555 16.710 0.010
6032.52341 16.602 0.009
6033.51094 16.574 0.009
6034.51650 16.555 0.008
6035.54195 16.581 0.008
6036.51881 16.640 0.008
6037.51845 16.677 0.011
6038.51016 16.715 0.010
6039.51687 16.718 0.009
6040.51913 16.751 0.008
6042.51680 16.770 0.011
6047.49371 16.701 0.009
6048.49249 16.672 0.009
6049.51577 16.674 0.008
6050.49132 16.649 0.009
6052.50702 16.621 0.009
6053.50406 16.579 0.009
6055.51264 16.571 0.009
6056.49962 16.590 0.008
6057.51188 16.598 0.008
6058.50319 16.657 0.008
6059.49684 16.717 0.008
6060.50008 16.736 0.009
6061.49326 16.779 0.010
6062.48472 16.792 0.011
6064.48651 16.763 0.010
6079.46987 16.662 0.011
6123.93370 16.643 0.008
6137.93162 16.752 0.008
6164.91972 16.687 0.009
6166.90284 16.625 0.008
6171.89724 16.601 0.008
6180.87584 16.742 0.010
6181.88999 16.739 0.008
6182.89457 16.727 0.008
6183.89627 16.713 0.008
6185.87255 16.653 0.008
6186.87403 16.626 0.008
6191.89969 16.563 0.008
6193.90770 16.610 0.010
6196.88932 16.749 0.008
6199.83836 16.770 0.011
6202.84580 16.729 0.009
6204.88099 16.714 0.008
6212.84533 16.589 0.008
6216.84316 16.735 0.008
6219.82814 16.775 0.008
6221.84143 16.756 0.008
6222.84238 16.750 0.008
6223.79948 16.715 0.008
6224.86508 16.726 0.008
6225.74707 16.666 0.009
6226.75946 16.639 0.008
6230.74584 16.559 0.009
6231.77068 16.567 0.008
6232.83673 16.558 0.008
6233.84589 16.574 0.008
6234.84708 16.605 0.007
6235.79447 16.685 0.008
6236.81208 16.714 0.008
6238.84581 16.741 0.008
6239.81986 16.771 0.008
6240.86311 16.774 0.009
6241.81676 16.773 0.008
6242.85970 16.767 0.008
6243.82850 16.753 0.008
6244.76884 16.717 0.008
6245.78539 16.695 0.008
6248.80211 16.646 0.008
6251.79273 16.587 0.007
6254.80263 16.585 0.007
6257.83164 16.670 0.010
6262.75484 16.762 0.008
6265.82765 16.742 0.008
6270.85221 16.642 0.009
6274.83451 16.552 0.008
6278.78223 16.709 0.008
6282.80443 16.781 0.008
6286.73773 16.707 0.008
6289.80703 16.671 0.008
6294.82900 16.588 0.008
6299.78555 16.699 0.008
6306.72571 16.727 0.008
6312.71718 16.605 0.007
6317.71202 16.632 0.008
6323.68491 16.774 0.009
6329.64376 16.670 0.008
6333.63536 16.571 0.008
6340.64676 16.750 0.008
6343.59053 16.769 0.008
6347.61686 16.738 0.008
6356.63420 16.567 0.008
6363.55171 16.752 0.008
6368.54995 16.695 0.008
6371.57460 16.649 0.008
6376.54797 16.571 0.008
6378.52234 16.670 0.008
6378.55978 16.639 0.008
6379.53624 16.694 0.008
6380.54712 16.725 0.008
6381.54901 16.734 0.008
6382.54028 16.761 0.008
6383.62740 16.750 0.009
6385.51744 16.746 0.008
6387.54984 16.721 0.008
6396.55540 16.567 0.008
6404.54057 16.764 0.009
6416.51653 16.560 0.008
6509.93499 16.577 0.008
6531.91935 16.555 0.008
6547.88601 16.672 0.008
6560.82586 16.763 0.008
6571.85969 16.594 0.007
6578.87964 16.709 0.008
6592.74303 16.568 0.008
6593.72428 16.599 0.008
6594.78383 16.605 0.010
6594.81682 16.565 0.008
6595.71641 16.652 0.008
6596.78066 16.650 0.008
6599.76580 16.765 0.008
6600.71682 16.753 0.008
6601.83124 16.761 0.008
6602.83708 16.766 0.008
6604.77920 16.743 0.008
6608.84687 16.708 0.007
6616.74500 16.624 0.008
6622.75646 16.767 0.008
6622.79895 16.768 0.008
6623.74866 16.758 0.008
6624.81627 16.761 0.008
6625.81056 16.747 0.008
6626.82573 16.738 0.008
6627.77586 16.722 0.008
6628.76993 16.706 0.008
6628.82737 16.716 0.008
6631.85445 16.689 0.009
6632.73212 16.579 0.007
6633.71910 16.572 0.007
6635.75000 16.574 0.008
6636.72963 16.583 0.007
6637.75004 16.605 0.008
6638.75246 16.659 0.008
6645.75004 16.769 0.008
6649.75699 16.695 0.008
6654.77712 16.600 0.007
6658.80031 16.569 0.007
6662.78699 16.733 0.008
6664.83098 16.757 0.008
6665.61564 16.758 0.008
6666.62091 16.731 0.008
6667.60323 16.706 0.008
6668.63142 16.699 0.008
6669.75726 16.712 0.008
6670.74369 16.724 0.009
6671.77806 16.689 0.010
6673.78095 16.666 0.009
6674.78886 16.652 0.009
6675.79889 16.607 0.008
6676.74515 16.578 0.007
6680.78480 16.595 0.008
6690.67750 16.702 0.008
6691.68486 16.689 0.007
6693.65701 16.624 0.008
6694.70083 16.619 0.007
6695.64594 16.577 0.007
6696.63355 16.551 0.008
6697.69161 16.561 0.007
6698.69193 16.577 0.008
6700.56533 16.747 0.008
6701.68640 16.674 0.008
6702.55667 16.770 0.009
6703.57367 16.789 0.009
6704.71140 16.770 0.010
6705.56321 16.770 0.008
6705.69141 16.763 0.010
6712.65867 16.688 0.008
6722.61948 16.711 0.008
6732.65246 16.731 0.011
6733.65068 16.691 0.009
6734.62660 16.666 0.008
6735.63735 16.648 0.008
6736.59502 16.620 0.010
6737.60554 16.574 0.007
6739.60139 16.570 0.007
6740.52964 16.645 0.008
6741.55631 16.659 0.007
6742.52223 16.751 0.009
6744.54543 16.770 0.008
6746.51543 16.769 0.010
6748.51589 16.741 0.009
6749.51875 16.732 0.008
6759.50675 16.606 0.008
6760.50624 16.606 0.008
6761.51664 16.663 0.008
6762.50330 16.705 0.008
6763.48783 16.734 0.008
6765.49125 16.791 0.009
6766.47959 16.784 0.009
6767.47013 16.764 0.009
6768.47213 16.736 0.008
6769.47324 16.743 0.008
6770.47153 16.726 0.008
6771.46650 16.676 0.008
6772.47204 16.704 0.009
6871.93957 16.596 0.011
6888.90807 16.670 0.008
6896.90819 16.628 0.008
6907.89101 16.699 0.008
6926.82013 16.709 0.008
6932.82880 16.594 0.008
6938.81423 16.661 0.009
6942.81178 16.768 0.009
6956.76959 16.600 0.008
6956.86546 16.572 0.008
6957.77112 16.621 0.008
6958.82161 16.622 0.008
6959.83254 16.649 0.009
6960.79642 16.735 0.010
6961.80767 16.716 0.009
6961.86007 16.712 0.008
6963.74787 16.751 0.009
6964.85710 16.755 0.008
6965.83940 16.766 0.008
6967.73154 16.729 0.011
6967.79421 16.737 0.010
6970.75447 16.666 0.008
6973.73699 16.588 0.008
6980.77401 16.690 0.008
6987.80501 16.746 0.009
6992.77720 16.663 0.008
6997.78297 16.568 0.008
7002.72476 16.731 0.009
7007.73605 16.748 0.008
7013.69156 16.637 0.008
7016.79520 16.606 0.008
7020.79977 16.590 0.008
7024.77513 16.742 0.009
7026.67097 16.761 0.008
7027.65040 16.735 0.009
7028.68641 16.723 0.010
7029.68204 16.721 0.009
7030.74887 16.714 0.008
7031.73624 16.717 0.009
7032.73796 16.697 0.008
7033.73363 16.681 0.008
7034.79160 16.667 0.008
7035.66875 16.620 0.008
7036.71794 16.606 0.008
7037.75805 16.589 0.008
7042.75567 16.631 0.008
7047.71882 16.740 0.008
7051.74745 16.730 0.008
7056.68783 16.611 0.008
7062.67953 16.647 0.008
7069.67619 16.756 0.008
7080.60312 16.594 0.008
7083.62988 16.680 0.009
7086.63894 16.747 0.009
7091.61887 16.732 0.008
7093.59237 16.692 0.008
7097.56683 16.610 0.008
7098.57278 16.585 0.008
7099.61575 16.590 0.008
7100.57752 16.585 0.008
7102.54125 16.646 0.008
7103.55488 16.677 0.008
7103.58979 16.651 0.008
7112.59709 16.731 0.010
7115.59365 16.679 0.009
7119.55169 16.597 0.009
7126.54269 16.744 0.008
7131.54719 16.745 0.010
7134.51751 16.687 0.009
7137.54739 16.640 0.008
7143.51200 16.635 0.012
7278.86352 16.634 0.008
7292.85147 16.645 0.009
7294.81517 16.579 0.008
7297.81386 16.574 0.009
7306.87201 16.752 0.008
7312.81022 16.661 0.008
7322.76524 16.729 0.009
7327.87179 16.773 0.012
7339.77577 16.590 0.008
7345.73438 16.751 0.009
7354.81123 16.661 0.008
7361.83408 16.588 0.008
7366.70670 16.751 0.008
7373.86023 16.713 0.009
7377.83198 16.641 0.008
7382.73018 16.628 0.009
7385.74369 16.717 0.008
7390.76552 16.755 0.008
7399.77013 16.616 0.010
7403.78553 16.582 0.008
7408.73285 16.737 0.008
7410.73424 16.765 0.009
7413.69696 16.725 0.010
7416.70391 16.673 0.008
7424.64630 16.665 0.008
7427.67783 16.743 0.008
7431.67191 16.748 0.008
7435.66611 16.693 0.008
7439.67297 16.618 0.008
7443.64356 16.583 0.008
7449.64920 16.763 0.009
7453.62458 16.736 0.008
7462.63836 16.585 0.008
7466.58573 16.697 0.010
7472.59254 16.743 0.009
7476.54828 16.690 0.008
7488.50199 16.754 0.008
7499.52511 16.646 0.009
7508.47059 16.721 0.008
