5261.55766 14.808 0.005
5261.59934 14.813 0.005
5262.57508 14.995 0.005
5262.59343 15.005 0.005
5264.54162 14.767 0.005
5264.55655 14.746 0.005
5265.53651 14.735 0.005
5265.55794 14.738 0.005
5266.53828 14.903 0.005
5266.55394 14.934 0.005
5267.53706 15.106 0.005
5268.54889 15.125 0.005
5269.52105 14.666 0.005
5271.52978 15.036 0.005
5273.51901 14.608 0.005
5274.55023 14.814 0.005
5275.54859 14.999 0.005
5277.54465 14.737 0.005
5280.53091 15.103 0.005
5281.55299 15.120 0.005
5282.51135 14.675 0.005
5283.52552 14.885 0.005
5284.53111 15.054 0.005
5285.53135 15.220 0.006
5286.50586 14.619 0.005
5288.52397 14.988 0.005
5291.51612 14.741 0.005
5294.52567 15.118 0.005
5296.55517 14.889 0.005
5298.53965 15.203 0.005
5301.49980 14.993 0.005
5306.47901 15.110 0.005
5309.52365 14.890 0.005
5312.49492 14.615 0.005
5314.48934 15.005 0.005
5324.47023 15.214 0.006
5326.47808 14.811 0.005
5328.46929 15.157 0.005
5337.46550 15.186 0.006
5341.46395 15.150 0.006
5343.46634 14.734 0.005
5429.91960 14.736 0.005
5430.87090 14.911 0.005
5439.87941 14.977 0.005
5449.89799 15.208 0.005
5451.90705 14.815 0.005
5454.86299 14.863 0.005
5456.88867 14.931 0.005
5457.87109 15.093 0.005
5462.84006 15.194 0.005
5465.84326 14.980 0.005
5468.79610 14.706 0.005
5471.81890 15.182 0.005
5476.77209 14.619 0.005
5478.76002 14.958 0.005
5480.77736 14.922 0.005
5482.75312 14.902 0.005
5483.72949 15.071 0.005
5485.77169 14.649 0.005
5486.84988 14.875 0.005
5488.72838 15.187 0.005
5489.74953 14.616 0.005
5490.83941 14.803 0.005
5492.75928 15.142 0.005
5493.78162 14.900 0.005
5494.82634 14.732 0.005
5495.78345 14.914 0.005
5496.78130 15.096 0.005
5497.81150 15.182 0.005
5499.71848 14.844 0.005
5502.78861 14.613 0.005
5503.74385 14.781 0.005
5505.71353 15.126 0.005
5506.73100 14.926 0.005
5507.74914 14.721 0.005
5509.65754 15.059 0.005
5510.71344 15.190 0.005
5511.68900 14.624 0.005
5512.73270 14.849 0.005
5513.70295 15.017 0.005
5514.73550 15.190 0.005
5515.65276 14.637 0.005
5516.73830 14.785 0.005
5517.65142 14.966 0.005
5517.85233 14.988 0.005
5518.74785 15.146 0.005
5519.67136 14.996 0.005
5521.69110 14.907 0.005
5522.71620 15.083 0.005
5523.68093 15.197 0.005
5524.68940 14.641 0.005
5525.72244 14.857 0.005
5526.67449 15.006 0.005
5527.75520 15.208 0.005
5528.69624 14.613 0.005
5529.67657 14.772 0.005
5530.68375 14.960 0.005
5531.76695 15.151 0.005
5532.67504 14.961 0.005
5533.69839 14.711 0.005
5534.72993 14.920 0.005
5535.70673 15.089 0.005
5536.70937 15.192 0.005
5539.71966 15.024 0.005
5540.80376 15.210 0.005
5541.66994 14.624 0.005
5542.72835 14.794 0.005
5543.75979 14.986 0.005
5544.74739 15.158 0.005
5545.73666 14.874 0.005
5546.68632 14.712 0.005
5547.74610 14.927 0.005
5548.70605 15.074 0.005
5549.67058 15.196 0.005
5550.72602 14.655 0.005
5551.67655 14.853 0.005
5553.72954 15.202 0.005
5554.66291 14.613 0.005
5556.67751 14.969 0.005
5557.65867 15.141 0.005
5558.65959 14.939 0.005
5559.64976 14.712 0.005
5560.64141 14.905 0.005
5561.67501 15.084 0.005
5562.69456 15.181 0.005
5563.62853 14.641 0.005
5565.65980 15.030 0.005
5566.68709 15.199 0.005
5568.70739 14.791 0.005
5569.70194 14.978 0.005
5570.73976 15.173 0.005
5571.67181 14.898 0.005
5572.78839 14.737 0.005
5575.69397 15.178 0.005
5576.66816 14.648 0.005
5577.66972 14.852 0.005
5578.67651 15.026 0.005
5579.72008 15.216 0.005
5579.72687 15.217 0.005
5580.67056 14.603 0.005
5581.67258 14.789 0.005
5582.68081 14.979 0.005
5583.68759 15.151 0.005
5584.67359 14.874 0.005
5585.67344 14.719 0.005
5586.63721 14.911 0.005
5587.61933 15.083 0.005
5589.62933 14.632 0.005
5591.66669 15.029 0.005
5592.64893 15.204 0.005
5593.63187 14.606 0.005
5594.64808 14.792 0.005
5595.62671 14.966 0.005
5596.68988 15.156 0.005
5597.60732 14.932 0.005
5598.67147 14.731 0.005
5599.63727 14.912 0.005
5600.67002 15.096 0.005
5601.64963 15.186 0.005
5602.64833 14.658 0.005
5603.65709 14.861 0.005
5604.65420 15.033 0.005
5605.65932 15.212 0.005
5606.67068 14.598 0.005
5607.68118 14.799 0.005
5608.66896 14.980 0.005
5609.70070 15.160 0.005
5611.63057 14.717 0.005
5612.68377 14.933 0.005
5613.64529 15.088 0.005
5614.63861 15.185 0.005
5615.63267 14.654 0.005
5616.64144 14.869 0.005
5619.63195 14.605 0.005
5620.57445 14.794 0.005
5622.62657 15.143 0.005
5623.58948 14.911 0.005
5624.53058 14.707 0.005
5625.62223 14.920 0.005
5626.58333 15.069 0.005
5627.54804 15.194 0.005
5629.55374 14.855 0.005
5630.59972 15.033 0.005
5632.54779 14.598 0.005
5633.59683 14.795 0.005
5634.55720 14.978 0.005
5635.56152 15.147 0.005
5638.56614 14.918 0.005
5639.57639 15.079 0.005
5640.51539 15.199 0.005
5641.54304 14.648 0.005
5642.49129 14.839 0.005
5643.48905 15.005 0.005
5644.49079 15.180 0.005
5645.49055 14.627 0.005
5646.50356 14.771 0.005
5647.50550 14.957 0.005
5648.50535 15.124 0.005
5649.52092 14.940 0.005
5650.50133 14.700 0.005
5651.50731 14.911 0.005
5652.50224 15.085 0.005
5653.53234 15.191 0.005
5654.54081 14.659 0.005
5655.53201 14.860 0.005
5656.54091 15.040 0.005
5656.57460 15.044 0.005
5657.50086 15.192 0.005
5659.50015 14.769 0.005
5660.54553 14.981 0.005
5664.47972 14.895 0.005
5665.49495 15.074 0.005
5666.49177 15.197 0.005
5667.47323 14.642 0.005
5668.47950 14.847 0.005
5669.47352 15.021 0.005
5670.52500 15.200 0.005
5671.47533 14.617 0.005
5672.46985 14.781 0.005
5674.47763 15.132 0.005
5675.47122 14.960 0.005
5676.52615 14.735 0.005
5677.46712 14.902 0.005
5678.50215 15.080 0.005
5679.46947 15.193 0.005
5680.51789 14.658 0.005
5681.48090 14.848 0.005
5682.48139 15.027 0.005
5683.48639 15.194 0.005
5684.49059 14.619 0.005
5685.46316 14.779 0.005
5686.46407 14.971 0.005
5687.46480 15.148 0.005
5691.45774 15.081 0.006
5692.50287 15.195 0.005
5694.46439 14.855 0.005
5695.45828 15.022 0.005
5696.46721 15.178 0.005
5697.45710 14.621 0.005
5699.46664 14.969 0.005
5700.45823 15.152 0.005
5702.45512 14.710 0.005
5783.93196 14.647 0.005
5795.92145 15.194 0.005
5803.86679 15.074 0.005
5805.83126 14.613 0.005
5806.88226 14.839 0.005
5809.84356 14.687 0.005
5810.84664 14.757 0.005
5812.83944 15.127 0.005
5814.85626 14.691 0.005
5815.86790 14.888 0.005
5816.84202 15.060 0.005
5817.84263 15.214 0.005
5818.87176 14.630 0.005
5819.82570 14.819 0.005
5820.89312 15.016 0.005
5822.81336 14.704 0.005
5823.88822 14.773 0.005
5824.81017 14.948 0.005
5825.79844 15.100 0.005
5826.84691 15.072 0.005
5827.84089 14.696 0.005
5828.86709 14.902 0.005
5829.83982 15.070 0.005
5830.83207 15.215 0.005
5831.82372 14.620 0.005
5832.81319 14.827 0.005
5833.79751 15.009 0.005
5834.79845 15.177 0.005
5835.85836 14.650 0.005
5836.76156 14.749 0.005
5837.84371 14.958 0.005
5839.82583 15.073 0.005
5840.80879 14.686 0.005
5841.80580 14.886 0.005
5842.82401 15.064 0.005
5843.83946 15.226 0.005
5845.80352 14.830 0.005
5846.81495 15.015 0.005
5850.77875 14.952 0.005
5851.78784 15.121 0.005
5852.77029 15.105 0.005
5853.84133 14.694 0.005
5854.74536 14.883 0.005
5855.81538 15.075 0.005
5856.78788 15.214 0.005
5857.77221 14.633 0.005
5858.82213 14.842 0.005
5859.79007 15.019 0.005
5860.77570 15.179 0.005
5861.78472 14.684 0.005
5862.83804 14.788 0.005
5863.78662 14.954 0.005
5864.69521 15.113 0.005
5865.76478 15.097 0.005
5866.78887 14.690 0.005
5867.72745 14.886 0.005
5868.82926 15.080 0.005
5869.79477 15.218 0.005
5870.73457 14.625 0.005
5871.72065 14.821 0.005
5872.73000 15.004 0.005
5873.72521 15.172 0.005
5874.75879 14.688 0.005
5875.69473 14.745 0.005
5878.73213 15.102 0.005
5879.67973 14.671 0.005
5880.73118 14.884 0.005
5880.78219 14.900 0.005
5881.71780 15.066 0.005
5882.74856 15.226 0.005
5883.75252 14.627 0.005
5885.68342 15.002 0.005
5886.71988 15.179 0.005
5887.79220 14.651 0.005
5888.78085 14.766 0.005
5889.81943 14.975 0.005
5890.75661 15.135 0.005
5891.71525 15.102 0.005
5892.73301 14.693 0.005
5893.75112 14.899 0.005
5894.77457 15.072 0.005
5895.79169 15.220 0.005
5896.77470 14.644 0.005
5897.72152 14.833 0.005
5898.70369 15.007 0.005
5899.76289 15.190 0.005
5900.71250 14.703 0.005
5901.76180 14.772 0.005
5902.71305 14.966 0.005
5903.76820 15.142 0.005
5904.74281 15.074 0.005
5905.71687 14.693 0.005
5906.72877 14.903 0.005
5907.70515 15.069 0.005
5908.73156 15.218 0.005
5909.77663 14.639 0.005
5910.68943 14.834 0.005
5911.72126 15.015 0.005
5912.74176 15.184 0.005
5913.71366 14.681 0.005
5914.73631 14.769 0.005
5915.69332 14.949 0.005
5916.74720 15.144 0.005
5917.71083 15.075 0.005
5922.72785 14.638 0.005
5923.70411 14.833 0.005
5924.68540 15.008 0.005
5925.69942 15.192 0.005
5926.71123 14.683 0.005
5927.71023 14.769 0.005
5929.68438 15.119 0.005
5930.82956 14.911 0.005
5931.64993 14.684 0.005
5932.64737 14.888 0.005
5933.69780 15.070 0.005
5934.69425 15.222 0.005
5935.64559 14.621 0.005
5935.80858 14.661 0.005
5936.63924 14.819 0.005
5937.66948 15.003 0.005
5938.67021 15.182 0.005
5939.71358 14.670 0.005
5940.74909 14.774 0.005
5941.74985 14.964 0.005
5942.77420 15.148 0.005
5943.73169 15.018 0.005
5944.72655 14.708 0.005
5945.70483 14.901 0.005
5946.64456 15.068 0.005
5946.76143 15.084 0.005
5947.71155 15.217 0.005
5948.70083 14.632 0.005
5949.71699 14.844 0.005
5950.63804 15.006 0.005
5951.66336 15.178 0.005
5952.68794 14.660 0.005
5953.68591 14.778 0.005
5954.68346 14.959 0.005
5955.70545 15.139 0.005
5956.70613 15.030 0.005
5958.72328 14.912 0.005
5959.69456 15.063 0.005
5960.69567 15.223 0.005
5961.62905 14.615 0.005
5962.62997 14.826 0.005
5963.59664 15.011 0.005
5964.60864 15.198 0.005
5965.60759 14.716 0.005
5967.62973 14.950 0.005
5968.62981 15.127 0.005
5969.60582 15.099 0.005
5970.58330 14.686 0.005
5971.67619 14.904 0.005
5972.66258 15.075 0.005
5973.64564 15.219 0.005
5974.60067 14.635 0.005
5976.63482 15.020 0.005
5977.66833 15.181 0.005
5978.64422 14.663 0.005
5979.59498 14.763 0.005
5980.61064 14.954 0.005
5981.63413 15.132 0.005
5982.63998 15.060 0.005
5983.68268 14.702 0.005
5984.62167 14.898 0.005
5985.65403 15.077 0.005
5986.58377 15.223 0.005
5987.65887 14.638 0.005
5988.62521 14.835 0.005
5989.58972 15.012 0.005
5990.58320 15.181 0.005
5991.65822 14.643 0.005
5992.61845 14.769 0.005
5993.57533 14.953 0.005
5994.57401 15.126 0.005
5995.62169 15.056 0.005
5996.59181 14.696 0.005
5997.59396 14.905 0.005
5998.59231 15.073 0.005
5998.65275 15.074 0.005
5999.63104 15.215 0.005
6000.60843 14.629 0.005
6002.57215 15.003 0.005
6003.53823 15.185 0.005
6004.57702 14.684 0.005
6005.56451 14.759 0.005
6006.56474 14.951 0.005
6007.56397 15.131 0.005
6008.57178 15.079 0.005
6009.53961 14.687 0.005
6010.59164 14.901 0.005
6011.55391 15.053 0.005
6012.55302 15.223 0.005
6013.53474 14.619 0.005
6014.55372 14.835 0.005
6015.54884 15.003 0.005
6016.58968 15.186 0.005
6017.55256 14.708 0.005
6018.50780 14.752 0.005
6019.55366 14.961 0.005
6020.57847 15.133 0.005
6021.56654 15.070 0.005
6022.57659 14.692 0.005
6023.55210 14.896 0.005
6024.57494 15.066 0.005
6025.57496 15.226 0.005
6026.52124 14.627 0.005
6028.55800 15.017 0.005
6033.48346 15.137 0.005
6034.48908 15.121 0.005
6035.51446 14.688 0.005
6036.49129 14.897 0.005
6037.49099 15.058 0.005
6038.48271 15.231 0.005
6039.48939 14.630 0.005
6040.49167 14.827 0.005
6042.48930 15.179 0.005
6047.46636 15.137 0.005
6048.46507 14.684 0.005
6049.48840 14.893 0.005
6050.46399 15.057 0.005
6052.47967 14.620 0.005
6053.47627 14.828 0.005
6055.48529 15.189 0.005
6056.47231 14.726 0.005
6057.46820 14.757 0.005
6058.45969 14.953 0.005
6059.46951 15.122 0.005
6060.47227 15.109 0.005
6061.46275 14.694 0.005
6062.45746 14.886 0.005
6123.90693 15.043 0.005
6137.90488 15.205 0.005
6149.92850 15.045 0.005
6165.90476 14.805 0.005
6171.87057 15.106 0.005
6173.92013 14.678 0.005
6179.88952 14.995 0.005
6179.89659 14.994 0.005
6180.84912 15.157 0.005
6181.86334 14.845 0.005
6182.86790 14.734 0.005
6183.86957 14.925 0.005
6184.89614 15.105 0.005
6185.84582 15.190 0.005
6186.84284 14.662 0.005
6191.87292 14.805 0.005
6193.86021 15.167 0.005
6194.87687 14.819 0.005
6196.86468 14.937 0.005
6199.81369 14.664 0.005
6202.82114 15.223 0.005
6204.85624 14.808 0.005
6207.86699 14.808 0.005
6208.78329 14.729 0.005
6210.86572 15.113 0.005
6212.81851 14.658 0.005
6214.86965 15.059 0.005
6216.81634 14.596 0.005
6219.80132 15.155 0.005
6221.81460 14.742 0.005
6222.81554 14.942 0.005
6223.77258 15.093 0.005
6224.83716 15.161 0.005
6225.72016 14.654 0.005
6226.73252 14.855 0.005
6229.77712 14.609 0.005
6230.71894 14.807 0.005
6231.74374 14.990 0.005
6232.80969 15.171 0.005
6233.81626 14.825 0.005
6234.82012 14.733 0.005
6235.76750 14.921 0.005
6236.78506 15.096 0.005
6237.86109 15.137 0.005
6238.81878 14.679 0.005
6239.79279 14.868 0.005
6240.83606 15.061 0.005
6241.78971 15.225 0.005
6242.83267 14.616 0.005
6243.80104 14.810 0.005
6244.73390 14.993 0.005
6245.75832 15.168 0.005
6248.77501 14.935 0.005
6251.76562 14.667 0.005
6254.77549 15.220 0.005
6257.80276 15.002 0.005
6262.72762 15.110 0.005
6265.79918 14.880 0.005
6270.81551 14.999 0.005
6274.80687 14.954 0.005
6278.75422 14.877 0.005
6282.77708 14.817 0.005
6286.71034 14.743 0.005
6289.77963 15.133 0.005
6294.79967 14.632 0.005
6299.75749 14.745 0.005
6304.73840 14.890 0.005
6306.70025 15.213 0.005
6312.67254 14.742 0.005
6317.68366 14.875 0.005
6323.65691 15.169 0.005
6329.61610 14.665 0.005
6333.60649 14.614 0.005
6340.61908 15.097 0.005
6343.56288 14.872 0.005
6347.58920 14.800 0.005
6356.60663 14.873 0.005
6363.52338 14.968 0.005
6371.53732 15.215 0.005
6378.53165 14.916 0.005
6387.52180 14.989 0.005
6396.52782 15.035 0.005
6404.51302 14.928 0.005
6416.48911 14.727 0.005
6508.91832 15.015 0.005
6531.89065 15.216 0.005
6547.85800 15.017 0.005
6569.89581 15.075 0.005
6577.86607 14.961 0.005
6608.81972 15.082 0.005
6616.71773 14.958 0.005
6622.77169 15.222 0.005
6628.79740 14.780 0.005
6638.72463 15.013 0.005
6645.72256 14.697 0.005
6649.72909 14.624 0.005
6654.74811 14.780 0.005
6658.76584 14.708 0.005
6662.72665 14.628 0.005
6667.78123 14.784 0.005
6672.76287 14.916 0.005
6680.75713 14.790 0.005
6690.63972 15.029 0.005
6697.70043 14.708 0.005
6705.66368 14.638 0.005
6712.63300 15.076 0.005
6720.67241 14.977 0.005
6736.60297 14.700 0.005
6871.90777 14.922 0.005
6887.91069 14.671 0.005
6896.88093 14.723 0.005
6907.86354 15.156 0.005
6926.79326 14.647 0.005
6932.80162 14.984 0.005
6938.78738 15.173 0.005
6942.78484 15.208 0.005
6950.83561 15.094 0.005
6956.83842 14.611 0.005
6961.83305 14.733 0.005
6967.70442 15.021 0.005
6973.70991 14.913 0.005
6980.74676 15.037 0.005
6987.77774 14.735 0.005
6992.74987 14.870 0.005
6997.75563 14.987 0.005
7002.69132 15.091 0.005
7007.71280 15.203 0.005
7013.66617 14.718 0.005
7016.76961 15.142 0.005
7020.76696 15.210 0.005
7024.74969 15.167 0.005
7028.70280 15.110 0.005
7033.75687 15.215 0.005
7037.72900 15.164 0.005
7042.72797 15.144 0.005
7046.72916 15.220 0.005
7051.71231 14.782 0.005
7056.66012 14.666 0.005
7062.65127 14.987 0.005
7069.64797 14.667 0.005
7074.65913 14.809 0.005
7080.57547 15.090 0.005
7083.60220 14.862 0.005
7086.61027 14.610 0.005
7091.59118 14.729 0.005
7103.55894 14.879 0.005
7112.57112 14.608 0.005
7115.56604 15.164 0.005
7119.52617 15.095 0.005
7126.51516 14.788 0.005
7131.51973 14.919 0.005
7134.49000 14.651 0.005
7137.51991 15.208 0.005
7143.48436 14.717 0.005
7273.90473 14.848 0.005
7274.91594 15.020 0.005
7287.89205 15.020 0.005
7292.81565 15.125 0.005
7294.78683 14.701 0.005
7297.78654 15.216 0.005
7304.86507 14.964 0.005
7312.78293 14.832 0.005
7319.75556 15.082 0.005
7322.73469 15.062 0.005
7327.83860 15.194 0.005
7339.74869 15.014 0.005
7345.70680 15.091 0.005
7354.78402 14.625 0.005
7361.80634 15.078 0.005
7366.67935 15.174 0.005
7373.83269 14.915 0.005
7377.80456 14.850 0.005
7382.70240 14.948 0.005
7385.71620 14.692 0.005
7390.73736 14.841 0.005
7399.74260 14.913 0.005
7404.73217 15.022 0.005
7408.70529 14.952 0.005
7410.70666 14.986 0.005
7413.66942 15.072 0.005
7416.67628 14.838 0.005
7424.61866 14.689 0.005
7427.65415 15.218 0.005
7431.64284 15.178 0.005
7435.63727 15.127 0.005
7439.64378 15.069 0.005
7443.61310 15.000 0.005
7449.62150 15.030 0.005
7453.59596 15.206 0.005
7462.61047 15.023 0.005
7466.55815 15.208 0.005
7472.56491 14.765 0.005
7476.52061 14.682 0.005
7488.47442 15.131 0.005
7499.49762 14.956 0.005
7507.46988 14.825 0.005
