5261.65939 15.897 0.008
5262.65341 16.036 0.008
5264.62250 15.970 0.008
5265.62199 16.065 0.009
5266.61595 15.909 0.008
5267.62772 16.039 0.008
5268.61013 15.991 0.008
5269.57952 15.972 0.008
5270.58174 16.074 0.008
5271.58903 15.897 0.008
5273.57733 15.960 0.008
5274.60858 15.997 0.008
5276.58795 15.898 0.008
5279.57613 15.987 0.008
5281.56630 15.908 0.008
5282.57089 16.042 0.008
5285.56094 16.100 0.010
5287.55451 16.061 0.009
5289.54804 16.018 0.008
5290.49092 16.081 0.009
5293.48683 15.930 0.008
5295.51567 16.066 0.008
5296.59085 15.931 0.008
5297.53844 16.064 0.008
5299.52102 15.997 0.008
5301.54405 15.946 0.008
5305.54171 16.048 0.008
5307.47809 16.073 0.009
5308.54811 15.898 0.008
5309.56891 16.043 0.008
5311.53504 15.960 0.009
5313.51770 15.912 0.009
5315.49842 16.030 0.009
5321.48491 15.972 0.008
5322.49506 16.069 0.009
5324.49940 16.034 0.009
5326.50688 15.965 0.008
5327.49690 16.078 0.008
5335.48735 15.946 0.008
5342.48753 16.070 0.011
5430.92949 16.067 0.009
5443.86594 16.079 0.008
5445.88715 16.067 0.008
5448.89802 16.056 0.008
5451.84111 15.901 0.008
5454.89037 15.976 0.008
5457.78496 15.998 0.007
5461.86279 15.899 0.008
5463.90533 15.968 0.009
5465.87454 16.080 0.009
5467.86484 16.031 0.008
5468.85384 16.023 0.008
5470.82888 16.079 0.008
5471.87648 15.889 0.007
5473.81133 15.992 0.008
5477.81444 16.024 0.007
5478.83625 15.952 0.008
5481.76012 15.901 0.008
5482.88967 16.058 0.009
5483.79305 15.984 0.008
5484.80549 15.997 0.008
5486.78722 15.916 0.008
5487.78847 16.044 0.008
5488.86018 15.916 0.007
5490.85211 16.092 0.008
5491.84011 15.935 0.008
5492.84419 16.063 0.008
5494.73518 16.002 0.008
5495.86441 16.051 0.008
5499.80843 16.016 0.008
5506.77405 15.930 0.007
5509.80144 16.025 0.008
5511.74073 15.953 0.008
5513.76899 15.906 0.008
5515.70384 16.034 0.008
5517.70264 16.072 0.008
5521.74228 15.969 0.008
5523.82123 15.900 0.008
5526.71418 15.943 0.007
5528.77073 15.908 0.007
5529.83908 16.065 0.008
5530.79107 15.952 0.008
5531.75242 15.975 0.007
5533.68457 15.917 0.008
5534.80271 16.071 0.008
5535.83641 15.943 0.009
5539.85593 16.062 0.008
5542.68617 16.053 0.007
5543.84638 15.954 0.008
5544.84170 16.068 0.008
5546.67294 15.991 0.008
5548.79095 15.951 0.007
5550.76280 15.901 0.008
5553.80445 15.981 0.008
5554.82315 16.078 0.008
5556.78544 16.029 0.008
5557.78367 16.022 0.008
5558.79233 15.977 0.008
5560.81951 15.898 0.008
5561.77645 16.034 0.008
5562.82165 16.004 0.008
5563.78215 15.976 0.008
5565.80908 15.903 0.008
5568.81775 15.988 0.008
5569.86064 16.082 0.008
5571.80866 16.054 0.008
5575.77493 15.902 0.008
5576.82226 16.052 0.008
5577.78310 15.954 0.008
5578.77992 15.985 0.008
5579.81304 16.088 0.009
5580.75803 15.896 0.007
5581.76119 16.030 0.008
5583.77624 15.983 0.008
5584.70979 16.085 0.008
5585.79724 15.940 0.008
5587.70587 15.957 0.007
5589.76481 16.085 0.008
5590.78602 15.959 0.007
5592.78788 15.906 0.007
5594.77024 16.067 0.008
5595.73308 15.956 0.007
5596.76332 16.088 0.008
5597.73261 15.914 0.007
5598.74221 16.030 0.008
5599.75695 16.046 0.008
5600.75655 15.966 0.008
5601.75004 16.097 0.008
5602.74032 15.901 0.007
5604.74493 16.050 0.008
5605.74855 15.961 0.007
5608.72537 16.051 0.009
5609.73493 16.027 0.008
5611.72145 16.089 0.009
5612.72026 15.916 0.008
5615.68178 15.974 0.008
5623.62584 16.061 0.008
5625.65863 15.988 0.008
5627.65499 15.916 0.008
5630.63595 15.984 0.008
5632.59931 15.927 0.008
5634.61078 15.975 0.008
5638.60264 16.054 0.009
5640.56783 15.994 0.008
5642.54403 15.919 0.008
5644.54434 15.932 0.007
5646.54006 16.076 0.008
5648.54286 16.053 0.008
5650.57258 16.020 0.008
5653.58997 16.070 0.008
5655.56885 16.022 0.008
5657.56803 15.936 0.008
5659.58803 15.909 0.008
5667.54290 15.950 0.008
5668.53234 16.079 0.008
5671.54594 16.040 0.009
5674.55209 15.913 0.008
5675.54337 16.048 0.008
5677.54189 15.966 0.008
5681.51972 15.999 0.008
5683.52336 16.087 0.008
5686.51649 15.959 0.008
5687.50265 16.000 0.008
5692.48675 15.998 0.009
5695.49487 16.056 0.008
5697.49684 16.001 0.008
5700.49437 16.059 0.009
5787.89686 15.971 0.008
5802.89146 15.917 0.008
5805.86711 15.923 0.008
5807.91366 15.891 0.008
5810.88271 15.946 0.008
5813.85466 16.011 0.007
5817.87919 15.894 0.007
5820.86248 15.959 0.007
5823.85499 16.042 0.008
5825.88890 15.962 0.007
5827.87631 15.904 0.007
5830.86756 15.970 0.007
5832.84885 15.894 0.007
5834.83398 15.970 0.007
5836.81685 16.089 0.007
5838.84583 16.047 0.008
5840.87635 15.984 0.007
5844.80457 15.948 0.008
5850.88038 16.001 0.008
5851.85570 16.057 0.008
5852.83689 15.931 0.008
5855.86729 15.999 0.007
5856.87371 16.059 0.008
5857.87432 15.945 0.008
5860.84518 16.012 0.007
5861.86775 16.022 0.008
5862.82521 15.937 0.006
5864.76279 15.895 0.007
5866.82514 16.047 0.008
5870.81869 16.021 0.008
5871.77788 16.024 0.007
5873.79129 16.066 0.007
5874.82995 15.904 0.008
5878.85808 16.098 0.008
5881.77046 15.990 0.008
5882.82984 15.976 0.007
5885.82940 16.045 0.008
5886.84392 15.955 0.008
5886.84753 15.939 0.008
5887.82757 15.975 0.007
5890.83907 16.053 0.007
5891.82613 15.939 0.007
5893.73759 16.071 0.007
5895.77828 16.049 0.008
5896.82564 15.931 0.008
5897.86189 16.015 0.010
5898.81937 16.077 0.008
5899.79879 15.924 0.007
5900.85657 16.072 0.008
5901.84564 15.897 0.007
5902.79956 15.997 0.008
5903.83407 16.061 0.008
5904.80232 15.943 0.007
5905.80753 16.069 0.008
5906.80061 15.899 0.008
5907.78283 16.014 0.008
5908.79916 16.050 0.008
5910.81030 16.074 0.008
5911.75790 15.897 0.007
5912.83990 16.025 0.008
5913.84551 16.028 0.008
5914.83499 15.947 0.007
5915.79853 16.061 0.007
5916.83265 15.900 0.007
5917.79580 16.023 0.007
5922.84840 16.045 0.007
5924.79543 15.969 0.007
5925.83374 16.107 0.008
5927.79508 16.048 0.008
5929.81687 15.989 0.007
5931.76450 15.927 0.008
5932.78924 16.044 0.008
5933.81624 15.986 0.008
5934.81769 16.018 0.008
5936.80923 15.912 0.007
5937.76237 16.019 0.008
5938.78246 15.968 0.007
5939.78582 16.001 0.008
5940.80109 16.074 0.008
5941.78660 15.928 0.008
5942.81123 16.080 0.008
5943.78475 15.951 0.007
5944.77586 16.002 0.007
5945.75724 16.079 0.007
5946.79741 15.942 0.008
5947.76357 16.071 0.008
5948.75260 15.924 0.007
5949.76821 16.019 0.008
5950.72084 16.063 0.007
5952.79551 16.080 0.007
5954.74273 15.997 0.006
5956.75869 15.935 0.007
5959.74740 16.011 0.008
5962.66637 16.066 0.008
5963.72698 15.915 0.008
5967.75645 16.091 0.008
5969.72548 16.018 0.008
5972.73489 16.081 0.007
5974.66411 16.018 0.007
5976.69306 15.978 0.007
5977.70478 16.094 0.008
5979.70420 16.038 0.008
5981.67037 15.978 0.008
5982.69143 16.076 0.007
5984.69115 16.053 0.007
5986.71389 15.984 0.007
5988.67703 15.921 0.008
5989.66228 16.051 0.008
5990.64791 15.969 0.008
5992.66976 16.082 0.008
5994.66266 16.054 0.008
5995.68232 15.940 0.008
5997.64543 16.079 0.008
5999.67265 16.061 0.008
6001.62367 16.006 0.007
6004.63591 16.088 0.008
6009.59691 16.032 0.008
6017.59047 16.068 0.008
6018.59393 15.940 0.008
6019.62191 16.072 0.008
6022.61688 16.033 0.008
6023.58921 15.949 0.007
6024.61199 16.062 0.008
6033.57699 15.971 0.008
6035.55090 15.899 0.007
6037.54508 16.017 0.008
6038.55107 15.986 0.008
6039.55558 16.093 0.009
6040.54283 15.904 0.007
6042.54108 16.000 0.008
6047.53247 15.977 0.008
6048.51653 15.984 0.008
6049.52484 16.085 0.008
6052.51670 15.941 0.008
6056.50981 16.077 0.008
6059.50592 16.079 0.008
6068.47693 16.015 0.008
6080.46509 15.957 0.008
6149.91508 15.984 0.008
6160.92857 16.038 0.008
6173.90661 15.916 0.008
6183.90555 15.909 0.007
6185.88273 16.029 0.007
6196.81498 15.984 0.007
6199.86674 16.035 0.008
6202.87051 16.094 0.008
6207.85324 16.061 0.008
6208.85353 15.930 0.007
6214.85564 16.046 0.008
6216.88463 16.022 0.008
6218.85820 15.926 0.007
6220.76380 15.926 0.007
6223.82416 15.946 0.007
6226.78419 16.005 0.008
6230.80086 15.925 0.008
6233.85480 15.966 0.007
6236.87082 16.033 0.008
6241.84916 16.042 0.008
6244.85835 16.075 0.008
6248.82582 15.993 0.007
6251.81639 16.041 0.006
6254.76205 16.087 0.006
6257.84277 15.928 0.007
6262.77887 15.910 0.006
6265.84378 15.935 0.006
6275.82381 15.988 0.007
6280.77651 15.955 0.006
6284.83951 15.988 0.006
6288.74748 16.041 0.007
6292.81706 15.916 0.007
6297.76440 15.934 0.008
6303.77167 16.057 0.006
6308.78043 16.055 0.007
6318.68626 16.053 0.007
6321.71574 16.069 0.007
6322.68753 15.966 0.007
6338.63811 16.081 0.007
6355.56468 16.043 0.006
6361.61242 15.930 0.006
6369.59033 15.926 0.006
6375.58726 16.026 0.006
6382.55340 16.008 0.007
6390.54615 16.061 0.007
6399.49203 15.975 0.007
6510.93029 15.996 0.007
6521.91575 16.070 0.007
6534.91206 15.900 0.006
6537.89250 15.944 0.006
6552.85449 15.952 0.006
6568.87062 16.077 0.006
6575.86780 16.063 0.006
6582.81132 16.012 0.006
6586.76500 15.914 0.007
6595.79814 16.066 0.006
6607.80546 16.053 0.006
6614.75616 15.982 0.006
6618.81181 15.914 0.006
6627.78721 16.062 0.006
6637.83971 16.055 0.006
6644.81775 16.024 0.007
6650.79298 15.995 0.006
6654.78686 16.034 0.006
6659.70149 16.037 0.006
6663.76885 15.910 0.006
6663.78703 15.940 0.006
6668.79023 15.918 0.006
6674.73138 16.064 0.008
6680.79457 15.900 0.007
6685.74675 15.894 0.007
6693.67201 15.943 0.006
6698.71878 15.960 0.007
6703.68284 15.979 0.008
6708.68623 15.978 0.006
6712.68648 15.967 0.007
6715.67709 15.911 0.006
6729.66976 16.068 0.007
6741.63661 16.064 0.006
6874.94013 16.060 0.009
6884.91247 16.060 0.007
6909.91543 16.105 0.009
6921.85017 16.038 0.007
6928.81195 15.990 0.007
6936.81749 16.050 0.007
6939.82614 16.073 0.008
6949.84354 16.052 0.007
6955.81883 15.948 0.006
6961.86882 16.093 0.008
6967.80317 15.893 0.008
6973.78225 16.045 0.007
6978.76330 16.042 0.007
6984.75718 15.919 0.007
6990.76355 16.028 0.008
6995.78323 16.004 0.007
7000.81980 16.025 0.007
7004.82881 15.893 0.007
7008.80048 16.094 0.007
7012.75707 15.984 0.008
7015.77775 16.040 0.007
7019.77855 15.929 0.007
7023.78702 16.091 0.008
7026.77849 15.932 0.007
7030.79086 16.060 0.007
7034.74489 15.932 0.007
7038.77002 16.062 0.007
7042.76420 16.027 0.007
7048.74648 16.056 0.007
7053.71487 16.043 0.007
7057.67787 16.019 0.007
7057.71049 16.035 0.007
7058.70024 16.005 0.008
7059.66916 15.962 0.007
7060.67342 16.074 0.007
7061.70167 15.884 0.008
7062.69298 16.022 0.007
7062.70547 16.030 0.007
7063.65130 16.015 0.008
7064.69743 15.960 0.007
7065.69975 16.092 0.008
7066.69550 15.895 0.006
7067.72784 16.046 0.007
7068.68967 15.971 0.007
7069.69314 15.984 0.007
7075.68930 16.093 0.008
7080.64001 16.096 0.008
7082.62869 16.053 0.008
7085.64435 16.079 0.008
7088.62561 15.918 0.007
7091.62771 15.929 0.007
7098.61034 15.888 0.006
7104.59890 16.003 0.006
7111.59664 15.951 0.007
7114.57018 15.995 0.007
7117.57322 16.070 0.007
7120.57054 16.006 0.008
7127.54950 16.077 0.008
7132.55692 16.086 0.008
7135.53986 15.936 0.007
7139.52515 16.055 0.007
7142.50300 16.059 0.007
7282.89351 16.061 0.008
7291.89369 15.912 0.007
7294.85652 16.013 0.008
7299.86498 16.001 0.007
7306.82493 15.947 0.007
7312.81917 16.065 0.008
7324.75622 16.033 0.008
7341.73523 15.992 0.007
7346.76261 15.994 0.007
7355.72038 15.900 0.007
7366.75021 16.023 0.007
7374.85305 16.084 0.007
7377.84026 15.945 0.007
7382.73888 15.952 0.007
7386.71922 16.036 0.007
7389.76209 16.080 0.007
7398.71666 16.004 0.007
7402.77325 15.880 0.006
7405.74673 15.940 0.006
7409.71569 16.059 0.008
7413.70540 16.031 0.008
7425.69928 15.981 0.007
7429.66631 15.956 0.006
7436.64226 16.066 0.007
7441.64891 16.077 0.007
7445.62803 15.997 0.007
7450.63110 16.012 0.008
7457.60209 15.933 0.007
7463.60282 16.072 0.006
7467.56364 15.953 0.008
7471.59467 16.064 0.008
7475.56854 16.043 0.008
7487.51518 15.994 0.008
7495.49235 16.033 0.008
7508.47943 16.076 0.007
