5260.63121 16.034 0.007
5261.54600 16.105 0.007
5264.57642 15.922 0.006
5265.51022 16.122 0.007
5266.57512 16.087 0.007
5267.55646 15.985 0.007
5268.63101 15.921 0.007
5269.54039 15.980 0.006
5271.54916 16.076 0.006
5272.56630 15.970 0.007
5273.53829 15.874 0.006
5274.56945 16.007 0.007
5276.54847 16.029 0.006
5279.53664 16.041 0.007
5281.51203 16.015 0.007
5282.53072 15.939 0.006
5284.55015 16.069 0.007
5287.54499 15.931 0.007
5292.56190 15.907 0.006
5297.51284 15.866 0.006
5299.51028 16.124 0.007
5305.47281 16.016 0.007
5307.49989 15.901 0.007
5310.49056 16.007 0.008
5312.51832 15.901 0.008
5315.48921 16.010 0.007
5323.47498 16.121 0.007
5325.46863 15.948 0.008
5327.46851 16.004 0.007
5335.46316 15.907 0.006
5342.47749 16.056 0.008
5343.48710 16.058 0.008
5430.89082 16.049 0.007
5439.90028 15.910 0.006
5444.88244 15.935 0.006
5449.88717 15.979 0.006
5451.89621 16.060 0.007
5454.88197 16.019 0.006
5456.90768 16.045 0.006
5457.88999 15.935 0.005
5463.86739 15.897 0.006
5467.84137 15.899 0.006
5468.81535 15.978 0.006
5470.78779 16.053 0.006
5471.83808 15.975 0.006
5476.79376 15.946 0.005
5478.78253 16.052 0.006
5480.79623 16.032 0.006
5482.77246 15.900 0.006
5484.87991 16.127 0.006
5486.77899 15.904 0.006
5490.71813 15.947 0.006
5491.73840 15.867 0.006
5492.75258 15.994 0.006
5493.74475 16.123 0.006
5495.72492 15.937 0.006
5497.73175 16.050 0.006
5503.82864 16.109 0.006
5506.86840 15.871 0.005
5509.79315 16.015 0.006
5511.73214 15.950 0.006
5513.74569 16.104 0.006
5515.69556 15.853 0.006
5517.69357 16.127 0.007
5521.73382 16.022 0.006
5523.79585 16.071 0.007
5525.80448 15.871 0.005
5527.69431 16.098 0.006
5528.83002 16.056 0.006
5529.75288 15.925 0.005
5530.78276 15.865 0.006
5532.77464 16.121 0.006
5533.84151 16.041 0.006
5534.70235 15.895 0.006
5535.79331 15.869 0.005
5539.83211 15.938 0.006
5541.80200 16.118 0.006
5543.82312 16.008 0.006
5545.82775 15.897 0.006
5547.73676 16.070 0.006
5549.75028 15.863 0.006
5551.76126 16.145 0.007
5553.77388 15.958 0.006
5554.79926 15.866 0.006
5556.76009 16.132 0.006
5557.77254 16.039 0.006
5558.76780 15.932 0.006
5560.79511 16.073 0.006
5561.75262 16.101 0.006
5563.75811 15.906 0.006
5565.78459 16.083 0.007
5568.78610 15.887 0.006
5570.84090 16.106 0.007
5573.81720 15.882 0.006
5576.71760 16.054 0.006
5577.74968 15.955 0.006
5578.75198 15.853 0.006
5579.80353 15.986 0.007
5581.73281 16.029 0.006
5582.77951 15.950 0.006
5583.74877 15.832 0.006
5584.76326 16.083 0.007
5585.76998 16.142 0.007
5589.70695 16.160 0.007
5590.70190 16.082 0.006
5591.71247 15.987 0.006
5595.67676 16.074 0.006
5596.73246 15.987 0.006
5597.70648 15.857 0.005
5598.73352 15.976 0.006
5600.74662 16.087 0.006
5604.73560 16.140 0.006
5606.71317 15.933 0.006
5608.66222 16.146 0.007
5611.67164 15.889 0.006
5613.63870 16.164 0.007
5615.67290 15.977 0.006
5624.62525 16.028 0.006
5627.61162 16.120 0.006
5630.59319 15.893 0.006
5632.59019 16.144 0.007
5634.55054 15.971 0.006
5639.54734 15.945 0.007
5641.58700 16.017 0.006
5643.55098 16.040 0.006
5645.55437 15.827 0.006
5647.58284 16.150 0.006
5649.51434 15.883 0.006
5654.53246 15.866 0.006
5655.51440 15.973 0.006
5657.55851 16.098 0.006
5665.53763 16.049 0.007
5667.51738 16.036 0.007
5671.51938 16.127 0.008
5675.51575 16.144 0.007
5677.51514 15.984 0.006
5680.50995 16.156 0.007
5681.47407 16.068 0.007
5786.91391 15.886 0.005
5802.86784 16.110 0.006
5804.89083 15.967 0.005
5807.89005 16.118 0.006
5809.92055 15.947 0.006
5813.82512 16.001 0.005
5815.91007 15.912 0.006
5818.86508 16.021 0.006
5820.85417 15.921 0.006
5823.84667 16.009 0.006
5826.80721 16.088 0.006
5831.80158 16.095 0.005
5833.77556 15.930 0.005
5836.80842 16.097 0.006
5839.78272 15.902 0.005
5841.86428 16.106 0.006
5844.88785 15.904 0.007
5850.87209 16.061 0.006
5851.84746 16.083 0.006
5854.84248 15.966 0.005
5856.84931 16.064 0.006
5858.80034 15.891 0.006
5861.77804 16.042 0.006
5862.79114 15.938 0.005
5864.75432 16.063 0.005
5865.80841 16.105 0.006
5868.87240 15.800 0.006
5869.83717 16.051 0.005
5870.71345 16.052 0.006
5872.72364 15.893 0.005
5878.83809 15.935 0.007
5880.72336 16.020 0.006
5882.74126 15.888 0.005
5885.78938 16.049 0.006
5888.75868 16.032 0.006
5893.71408 16.082 0.006
5895.75502 16.007 0.006
5896.76817 15.916 0.005
5899.71054 16.056 0.006
5902.75589 15.974 0.006
5904.73632 16.056 0.006
5905.71027 15.951 0.006
5906.72239 15.885 0.006
5907.75920 16.008 0.006
5908.77536 16.102 0.006
5909.76828 16.038 0.006
5910.76884 15.953 0.005
5911.79531 15.885 0.006
5912.78433 16.016 0.005
5913.78967 16.100 0.006
5915.76974 15.940 0.005
5916.79223 15.886 0.005
5917.77061 16.046 0.006
5924.77201 16.013 0.005
5925.77581 15.916 0.006
5927.77170 16.092 0.006
5929.77803 15.978 0.005
5931.75595 15.964 0.006
5932.76531 16.103 0.006
5933.77367 16.059 0.006
5934.79403 15.957 0.007
5936.71682 16.043 0.006
5937.73848 16.102 0.006
5938.71409 16.016 0.006
5939.70739 15.937 0.005
5940.70147 15.909 0.005
5941.72864 16.054 0.006
5942.72490 16.103 0.006
5943.72547 16.005 0.006
5944.68872 15.909 0.005
5945.69841 15.924 0.005
5946.74024 16.079 0.006
5947.70526 16.073 0.006
5949.71082 15.918 0.006
5950.71175 15.934 0.005
5953.74427 15.977 0.006
5955.68074 15.989 0.005
5958.71315 15.958 0.005
5960.66976 16.029 0.005
5963.67601 15.927 0.006
5964.71741 15.878 0.007
5965.65181 16.074 0.006
5967.62275 15.991 0.006
5968.71119 15.925 0.006
5969.71562 15.905 0.006
5973.62142 15.893 0.005
5976.67814 16.068 0.006
5977.66184 15.984 0.006
5979.68041 15.974 0.006
5981.61102 16.039 0.006
5983.67621 15.889 0.005
5985.63044 16.109 0.006
5987.65243 15.926 0.005
5988.58245 15.903 0.006
5990.53696 16.081 0.006
5991.63675 16.004 0.007
5993.65589 15.897 0.007
5995.61524 16.082 0.006
5996.63423 15.984 0.007
6000.60198 16.053 0.006
6005.59177 16.032 0.006
6010.56666 15.998 0.006
6018.55181 16.095 0.006
6023.53006 16.110 0.006
6024.56819 16.059 0.007
6028.55092 16.120 0.006
6033.52785 16.102 0.006
6036.53334 15.902 0.005
6037.53584 16.077 0.007
6039.53147 15.972 0.006
6042.53145 16.101 0.007
6047.50824 16.099 0.007
6048.50730 16.060 0.006
6055.47770 15.863 0.006
6058.48099 16.001 0.006
6068.46707 15.960 0.006
6141.91750 16.095 0.006
6181.90529 15.927 0.005
6208.83355 16.126 0.006
6211.87131 15.836 0.005
6215.82347 15.841 0.005
6218.88014 16.081 0.006
6219.87674 15.974 0.006
6226.77533 16.098 0.006
6230.84740 15.832 0.006
6244.83212 15.854 0.006
6250.80631 16.073 0.005
6251.75899 16.124 0.005
6254.73836 15.866 0.005
6257.78097 15.997 0.006
6265.77753 16.163 0.006
6271.80405 16.086 0.005
6295.79120 16.072 0.006
6314.68940 16.059 0.006
6338.61302 16.058 0.005
6339.63548 15.946 0.005
6348.62393 15.987 0.006
6368.57251 15.900 0.005
6391.51570 15.993 0.006
6511.91017 16.055 0.006
6521.89222 16.134 0.006
6530.92511 15.986 0.006
6547.90175 15.981 0.005
6561.86939 16.022 0.005
6571.87555 15.999 0.005
6577.85946 15.864 0.005
6583.77307 16.098 0.006
6593.74245 16.131 0.006
6603.82262 16.115 0.006
6611.80709 15.858 0.005
6616.71129 15.976 0.005
6623.73690 16.044 0.005
6629.73642 15.931 0.005
6641.73541 16.125 0.006
6647.74665 16.078 0.006
6658.78980 15.935 0.005
6661.81946 16.130 0.006
6668.77959 15.899 0.005
6675.76505 16.118 0.006
6690.73225 16.098 0.005
6692.70664 15.880 0.005
6693.65467 16.005 0.005
6694.69851 16.116 0.005
6695.64363 16.043 0.005
6695.68323 16.073 0.005
6696.63120 15.940 0.005
6697.68926 15.865 0.005
6698.68959 16.004 0.006
6699.64398 16.113 0.006
6700.56298 15.997 0.005
6701.68405 15.955 0.005
6702.55429 15.931 0.006
6703.57127 16.114 0.006
6704.69922 16.100 0.007
6705.56080 15.992 0.005
6706.63794 15.899 0.005
6707.65064 15.875 0.005
6708.64052 16.101 0.005
6709.63488 16.108 0.006
6709.65007 16.098 0.006
6710.64423 15.985 0.005
6711.63118 15.877 0.005
6712.58178 15.981 0.005
6713.60754 16.112 0.006
6713.62291 16.133 0.006
6714.61459 16.065 0.007
6715.56405 15.927 0.005
6716.61659 15.851 0.005
6717.62521 16.003 0.005
6718.67204 16.112 0.007
6719.65308 16.060 0.006
6721.62335 15.862 0.005
6721.63538 15.852 0.005
6722.64467 16.031 0.005
6881.93317 15.893 0.006
6889.89188 16.045 0.006
6906.88927 15.952 0.006
6922.81170 16.097 0.006
6927.80378 16.081 0.006
6932.79494 16.057 0.006
6938.76340 15.911 0.006
6942.77826 15.990 0.006
6949.81459 15.921 0.005
6955.77069 16.116 0.006
6963.74098 15.869 0.006
6968.78915 15.878 0.006
6975.69591 16.065 0.007
6979.72324 16.102 0.006
6983.73561 16.017 0.006
6989.75541 16.120 0.005
6994.79970 16.114 0.006
6999.76215 16.095 0.006
7003.83904 16.102 0.006
7008.79198 16.113 0.006
7013.79154 16.112 0.006
7017.79695 16.012 0.006
7021.78113 15.857 0.005
7025.73874 15.898 0.006
7030.76287 15.884 0.005
7034.73452 15.952 0.006
7039.74364 15.953 0.005
7044.71981 15.929 0.006
7049.71501 15.890 0.005
7055.69608 15.960 0.006
7060.69148 16.040 0.006
7065.67289 16.074 0.006
7072.64934 16.001 0.006
7078.62854 15.859 0.006
7082.56262 15.919 0.006
7085.63518 16.138 0.006
7089.61008 16.096 0.006
7093.58045 15.938 0.006
7102.56117 15.877 0.006
7111.56944 15.933 0.006
7114.54624 16.115 0.006
7118.54567 16.133 0.006
7124.51970 16.054 0.006
7130.50574 15.933 0.006
7133.49431 16.111 0.006
7136.47722 15.921 0.006
7140.49131 15.889 0.006
7144.48942 15.970 0.007
7283.81694 16.111 0.006
7291.82965 15.857 0.006
7294.78011 16.045 0.006
7298.87690 16.129 0.006
7303.83349 16.127 0.006
7311.78295 15.930 0.005
7319.74575 15.938 0.006
7339.74216 15.865 0.005
7344.76854 15.862 0.005
7353.84976 15.955 0.006
7355.82351 16.031 0.006
7363.74824 15.875 0.005
7367.80635 15.985 0.005
7373.74310 15.880 0.006
7378.80239 15.868 0.005
7383.71212 15.900 0.005
7387.72816 15.887 0.005
7396.76087 15.964 0.005
7401.75123 15.941 0.005
7405.72224 16.020 0.005
7409.67091 16.092 0.007
7413.66207 16.119 0.006
7425.69057 15.942 0.005
7428.66518 16.124 0.006
7435.68077 15.891 0.005
7440.63952 15.854 0.006
7445.61914 15.843 0.006
7461.60250 16.144 0.006
7466.55171 16.120 0.006
7472.54344 16.004 0.006
7476.51395 16.090 0.006
7494.49971 16.101 0.006
