5261.65939 15.123 0.006
5262.65341 15.311 0.006
5264.62250 15.268 0.006
5265.62199 15.191 0.006
5266.61595 15.379 0.007
5267.62772 15.540 0.007
5268.61013 15.062 0.006
5269.57952 15.247 0.006
5270.58174 15.430 0.006
5271.58903 15.518 0.007
5273.57733 15.324 0.006
5274.60858 15.500 0.007
5276.58795 15.206 0.006
5279.57613 15.082 0.006
5281.56630 15.455 0.006
5282.57089 15.440 0.007
5285.56094 15.512 0.008
5287.55451 15.233 0.006
5289.54804 15.554 0.007
5290.49092 15.096 0.006
5293.48683 15.374 0.007
5295.51567 15.370 0.007
5296.59085 15.539 0.007
5297.53844 15.057 0.006
5299.52102 15.429 0.007
5301.54405 15.139 0.006
5305.54171 15.203 0.006
5307.47809 15.548 0.007
5308.54811 15.078 0.006
5309.56891 15.280 0.006
5311.53504 15.423 0.007
5313.51770 15.355 0.007
5315.49842 15.078 0.006
5321.48491 15.479 0.007
5322.49506 15.321 0.007
5324.49940 15.361 0.007
5326.50688 15.057 0.006
5327.49690 15.253 0.006
5335.48735 15.387 0.007
5342.48753 15.353 0.008
5430.92949 15.479 0.007
5443.86594 15.359 0.006
5445.88715 15.054 0.005
5448.89802 15.542 0.006
5451.84111 15.476 0.007
5454.89037 15.375 0.007
5457.78496 15.247 0.005
5461.86279 15.340 0.006
5463.90533 15.076 0.006
5465.87454 15.403 0.007
5467.86484 15.092 0.005
5468.85384 15.284 0.006
5470.82888 15.404 0.006
5471.87648 15.169 0.005
5473.81133 15.521 0.006
5477.81444 15.551 0.006
5478.83625 15.119 0.005
5481.76012 15.322 0.006
5482.88967 15.200 0.006
5483.79305 15.379 0.006
5484.80549 15.544 0.006
5486.78722 15.250 0.006
5487.78847 15.436 0.006
5488.86018 15.468 0.006
5490.85211 15.343 0.006
5491.84011 15.513 0.007
5492.84419 15.088 0.006
5494.73518 15.390 0.006
5495.86441 15.560 0.006
5499.80843 15.385 0.006
5506.77405 15.552 0.006
5509.80144 15.487 0.006
5511.74073 15.175 0.006
5513.76899 15.545 0.007
5515.70384 15.244 0.006
5517.70264 15.530 0.007
5521.74228 15.135 0.006
5523.82123 15.412 0.006
5526.71418 15.283 0.006
5528.77073 15.376 0.006
5529.83908 15.180 0.006
5530.79107 15.366 0.006
5531.75242 15.527 0.006
5533.68457 15.218 0.006
5534.80271 15.432 0.006
5535.83641 15.524 0.007
5539.85593 15.121 0.006
5542.68617 15.532 0.006
5543.84638 15.086 0.006
5544.84170 15.286 0.006
5546.67294 15.540 0.007
5548.79095 15.348 0.006
5550.76280 15.087 0.005
5553.80445 15.554 0.007
5554.82315 15.111 0.005
5556.78544 15.481 0.006
5557.78367 15.314 0.006
5558.79233 15.175 0.006
5560.81951 15.541 0.006
5561.77645 15.058 0.005
5562.82165 15.256 0.006
5563.78215 15.437 0.006
5565.80908 15.135 0.005
5568.81775 15.116 0.006
5569.86064 15.216 0.006
5571.80866 15.559 0.006
5575.77493 15.429 0.006
5576.82226 15.161 0.005
5577.78310 15.352 0.007
5578.77992 15.520 0.007
5579.81304 15.060 0.006
5580.75803 15.232 0.006
5581.76119 15.408 0.006
5583.77624 15.112 0.006
5584.70979 15.290 0.006
5585.79724 15.484 0.006
5587.70587 15.167 0.005
5589.76481 15.540 0.006
5590.78602 15.057 0.005
5592.78788 15.440 0.006
5593.70510 15.536 0.007
5594.77024 15.148 0.006
5595.73308 15.327 0.006
5596.76332 15.496 0.007
5597.73261 15.158 0.005
5598.74221 15.204 0.005
5599.75695 15.390 0.006
5600.75655 15.559 0.006
5601.75004 15.081 0.005
5602.74032 15.282 0.006
5604.74493 15.428 0.006
5605.74855 15.163 0.005
5608.72537 15.061 0.006
5609.73493 15.226 0.006
5611.72145 15.562 0.007
5612.72026 15.101 0.006
5615.68178 15.331 0.006
5623.62584 15.114 0.005
5625.65863 15.491 0.006
5627.65499 15.197 0.006
5630.63595 15.073 0.005
5632.59931 15.429 0.007
5634.61078 15.143 0.006
5638.60264 15.220 0.006
5640.56783 15.559 0.007
5642.54403 15.274 0.006
5644.54434 15.445 0.006
5646.54006 15.353 0.006
5648.54286 15.069 0.005
5650.57258 15.417 0.006
5653.58997 15.310 0.006
5655.56885 15.257 0.006
5657.56803 15.365 0.006
5659.58803 15.070 0.006
5667.54290 15.195 0.006
5668.53234 15.393 0.006
5671.54594 15.289 0.007
5674.55209 15.164 0.006
5675.54337 15.351 0.006
5677.54189 15.068 0.005
5681.51972 15.107 0.006
5683.52336 15.476 0.006
5686.51649 15.375 0.006
5687.50265 15.534 0.007
5692.48675 15.137 0.006
5695.49487 15.140 0.006
5697.49684 15.396 0.006
5700.49437 15.288 0.007
5787.89686 15.378 0.006
5802.89146 15.468 0.006
5805.86711 15.363 0.006
5807.91366 15.058 0.006
5810.88271 15.545 0.006
5813.85466 15.479 0.006
5817.87919 15.553 0.006
5820.86248 15.446 0.006
5823.85499 15.342 0.006
5825.88890 15.068 0.005
5827.87631 15.404 0.006
5830.86756 15.299 0.005
5832.84885 15.360 0.005
5834.83398 15.362 0.005
5836.81685 15.059 0.005
5838.84583 15.427 0.007
5840.87635 15.130 0.005
5844.80457 15.185 0.006
5850.88038 15.433 0.006
5851.85570 15.149 0.005
5852.83689 15.351 0.007
5855.86729 15.227 0.005
5856.87371 15.409 0.006
5857.87432 15.556 0.007
5860.84518 15.476 0.006
5861.86775 15.292 0.005
5862.82521 15.164 0.005
5864.76279 15.520 0.006
5866.82514 15.241 0.005
5870.81869 15.321 0.006
5871.77788 15.484 0.006
5873.79129 15.197 0.005
5874.82995 15.384 0.006
5878.85808 15.456 0.006
5881.77046 15.341 0.006
5882.82984 15.513 0.006
5885.82940 15.409 0.006
5886.84392 15.548 0.006
5886.84753 15.548 0.006
5887.82757 15.107 0.005
5890.83907 15.272 0.005
5891.82613 15.182 0.005
5893.73759 15.528 0.006
5895.77828 15.246 0.006
5896.82564 15.435 0.006
5897.86189 15.482 0.008
5898.81937 15.131 0.005
5899.79879 15.324 0.005
5900.85657 15.509 0.006
5901.84564 15.117 0.005
5902.79956 15.205 0.005
5903.83407 15.398 0.006
5904.80232 15.555 0.006
5905.80753 15.085 0.005
5906.80061 15.273 0.006
5907.78283 15.450 0.006
5908.79916 15.433 0.006
5910.81030 15.350 0.006
5911.75790 15.509 0.006
5912.83990 15.058 0.005
5913.84551 15.234 0.005
5914.83499 15.425 0.005
5915.79853 15.553 0.006
5916.83265 15.121 0.005
5917.79580 15.308 0.005
5922.84840 15.551 0.006
5924.79543 15.254 0.005
5925.83374 15.443 0.006
5927.79508 15.143 0.005
5929.81687 15.501 0.006
5931.76450 15.194 0.005
5932.78924 15.403 0.006
5933.81624 15.575 0.007
5934.81769 15.102 0.006
5936.80923 15.464 0.006
5937.76237 15.421 0.006
5938.78246 15.172 0.005
5939.78582 15.358 0.006
5940.80109 15.526 0.006
5941.78660 15.057 0.005
5942.81123 15.240 0.006
5943.78475 15.416 0.006
5944.77586 15.560 0.006
5945.75724 15.120 0.005
5946.79741 15.319 0.006
5947.76357 15.490 0.006
5948.75260 15.277 0.005
5949.76821 15.185 0.006
5950.72084 15.371 0.005
5952.79551 15.074 0.005
5954.74273 15.433 0.005
5956.75869 15.140 0.005
5959.74740 15.122 0.005
5962.66637 15.556 0.006
5963.72698 15.084 0.006
5965.67735 15.445 0.006
5967.75645 15.173 0.006
5969.72548 15.514 0.006
5972.73489 15.416 0.006
5974.66411 15.101 0.005
5976.69306 15.474 0.006
5977.70478 15.286 0.005
5979.70420 15.364 0.006
5981.67037 15.056 0.005
5982.69143 15.252 0.005
5984.69115 15.526 0.006
5986.71389 15.333 0.005
5988.67703 15.163 0.006
5989.66228 15.197 0.005
5990.64791 15.398 0.006
5992.66976 15.077 0.005
5994.66266 15.452 0.006
5995.68232 15.422 0.006
5997.64543 15.343 0.006
5999.67265 15.053 0.005
6001.62367 15.411 0.006
6004.63591 15.297 0.006
6009.59691 15.532 0.007
6017.59047 15.200 0.005
6018.59393 15.203 0.006
6019.62191 15.389 0.006
6022.61688 15.270 0.006
6023.58921 15.448 0.006
6024.61199 15.452 0.006
6033.57699 15.294 0.006
6035.55090 15.371 0.006
6037.54508 15.369 0.006
6038.55107 15.535 0.007
6039.55558 15.060 0.006
6040.54283 15.237 0.005
6042.54108 15.551 0.007
6047.53247 15.183 0.006
6048.51653 15.377 0.006
6049.52484 15.544 0.006
6052.51670 15.447 0.006
6056.50981 15.505 0.006
6059.50592 15.396 0.006
6068.47693 15.054 0.005
6080.46509 15.264 0.006
6149.91508 15.386 0.006
6160.92857 15.411 0.006
6173.90661 15.131 0.006
6183.90555 15.420 0.005
6185.88273 15.340 0.005
6196.81498 15.350 0.005
6199.86674 15.247 0.006
6202.87051 15.135 0.005
6207.85324 15.377 0.006
6208.85353 15.551 0.006
6214.85564 15.353 0.006
6216.88463 15.050 0.005
6218.85820 15.413 0.005
6220.76380 15.086 0.005
6223.82416 15.315 0.005
6226.78419 15.532 0.006
6230.80086 15.535 0.007
6233.85480 15.498 0.006
6236.87082 15.396 0.006
6241.84916 15.407 0.006
6244.85835 15.529 0.006
6248.82582 15.547 0.006
6251.81639 15.472 0.005
6254.76205 15.362 0.005
6257.84277 15.261 0.005
6262.77887 15.494 0.005
6265.84378 15.401 0.005
6269.81917 15.463 0.005
6275.82381 15.235 0.005
6280.77651 15.475 0.005
6284.83951 15.552 0.005
6288.74748 15.529 0.005
6292.81706 15.091 0.005
6297.76440 15.291 0.005
6308.78043 15.316 0.005
6318.68626 15.129 0.005
6321.71574 15.135 0.005
6322.68753 15.194 0.005
6338.63811 15.465 0.005
6355.56468 15.257 0.005
6361.61242 15.073 0.005
6369.59033 15.170 0.005
6375.58726 15.534 0.005
6382.55340 15.548 0.005
6390.54615 15.101 0.005
6399.49203 15.359 0.005
6510.93029 15.203 0.005
6521.91575 15.224 0.005
6534.91206 15.515 0.005
6537.89250 15.503 0.005
6552.85449 15.564 0.005
6568.87062 15.209 0.005
6575.86780 15.164 0.005
6582.81132 15.101 0.005
6586.76500 15.166 0.005
6595.79814 15.491 0.005
6607.80546 15.054 0.005
6614.75616 15.327 0.005
6618.81181 15.064 0.005
6627.78721 15.389 0.005
6637.83971 15.240 0.005
6644.81775 15.198 0.005
6650.79298 15.489 0.005
6654.78686 15.095 0.005
6659.70149 15.281 0.005
6663.76885 15.359 0.005
6663.78703 15.359 0.005
6668.79023 15.538 0.005
6674.73138 15.376 0.005
6680.79457 15.150 0.005
6685.74675 15.402 0.005
6693.67201 15.518 0.005
6698.71878 15.113 0.005
6703.68284 15.378 0.006
6708.68623 15.504 0.005
6712.68648 15.114 0.005
6715.67709 15.556 0.005
6729.66976 15.483 0.005
6741.63661 15.121 0.005
6874.94013 15.561 0.007
6884.91247 15.423 0.005
6909.91543 15.363 0.007
6921.85017 15.539 0.005
6928.81195 15.488 0.006
6936.81749 15.440 0.005
6939.82614 15.514 0.006
6949.84354 15.379 0.005
6955.81883 15.146 0.005
6961.86882 15.560 0.006
6967.80317 15.357 0.006
6973.78225 15.106 0.005
6978.76330 15.367 0.005
6984.75718 15.132 0.005
6990.76355 15.559 0.007
6995.78323 15.168 0.005
7000.81980 15.430 0.005
7004.82881 15.498 0.006
7008.80048 15.552 0.006
7012.75707 15.500 0.006
7015.77775 15.512 0.005
7019.77855 15.559 0.006
7023.78702 15.346 0.006
7026.77849 15.524 0.006
7030.79086 15.530 0.005
7034.74489 15.221 0.005
7038.77002 15.086 0.005
7042.76420 15.147 0.005
7048.74648 15.569 0.006
7053.71487 15.166 0.005
7057.67787 15.240 0.005
7057.71049 15.237 0.005
7058.70024 15.420 0.006
7059.66916 15.554 0.006
7060.67342 15.117 0.005
7061.70167 15.321 0.006
7062.69298 15.477 0.006
7062.70547 15.492 0.005
7063.65130 15.287 0.005
7064.69743 15.188 0.005
7065.69975 15.391 0.005
7066.69550 15.544 0.005
7067.72784 15.070 0.005
7068.68967 15.268 0.005
7069.69314 15.453 0.005
7075.68930 15.218 0.005
7080.64001 15.460 0.006
7082.62869 15.164 0.005
7085.64435 15.057 0.005
7088.62561 15.546 0.006
7091.62771 15.484 0.006
7098.61034 15.443 0.005
7104.59890 15.207 0.005
7111.59664 15.167 0.005
7114.57018 15.071 0.005
7117.57322 15.562 0.006
7120.57054 15.478 0.006
7127.54950 15.436 0.006
7132.55692 15.135 0.006
7135.53986 15.553 0.005
7139.52515 15.440 0.006
7142.50300 15.511 0.005
7282.89351 15.387 0.006
7291.89369 15.086 0.005
7294.85652 15.558 0.006
7299.86498 15.169 0.005
7306.82493 15.115 0.005
7312.81917 15.548 0.006
7324.75622 15.080 0.005
7341.73523 15.537 0.006
7346.76261 15.146 0.005
7355.72038 15.452 0.005
7366.75021 15.484 0.005
7374.85305 15.395 0.005
7377.84026 15.519 0.006
7382.73888 15.093 0.005
7386.71922 15.165 0.005
7389.76209 15.059 0.005
7398.71666 15.377 0.005
7402.77325 15.448 0.005
7405.74673 15.339 0.005
7409.71569 15.409 0.006
7413.70540 15.462 0.006
7425.69928 15.203 0.005
7429.66631 15.062 0.005
7436.64226 15.123 0.005
7441.64891 15.289 0.005
7445.62803 15.358 0.005
7450.63110 15.551 0.006
7457.60209 15.546 0.005
7463.60282 15.333 0.005
7467.56364 15.396 0.006
7471.59467 15.472 0.006
7475.56854 15.524 0.006
7487.51518 15.063 0.005
7495.49235 15.201 0.006
7508.47943 15.561 0.005
