5261.55350 15.156 0.005
5261.57772 15.160 0.005
5262.57093 15.253 0.005
5262.58925 15.258 0.006
5264.53745 15.221 0.005
5264.55239 15.224 0.005
5265.53234 15.216 0.006
5265.55379 15.213 0.006
5266.53412 15.182 0.006
5266.54977 15.182 0.006
5267.53291 15.237 0.006
5268.54474 15.162 0.006
5269.51690 15.259 0.005
5271.52564 15.255 0.005
5273.51486 15.236 0.006
5274.54609 15.220 0.006
5275.54447 15.186 0.005
5277.54052 15.153 0.006
5280.52681 15.263 0.006
5281.54888 15.168 0.005
5282.50724 15.230 0.005
5283.52141 15.206 0.006
5284.52701 15.186 0.005
5285.52725 15.239 0.006
5286.50179 15.144 0.005
5288.51989 15.145 0.006
5291.51205 15.233 0.005
5294.52162 15.235 0.006
5296.55112 15.262 0.006
5298.53560 15.265 0.005
5301.49577 15.199 0.006
5306.47498 15.145 0.005
5309.51967 15.233 0.006
5312.49092 15.237 0.006
5314.48536 15.263 0.006
5324.46625 15.152 0.006
5326.46999 15.158 0.005
5328.46531 15.192 0.005
5337.46157 15.209 0.006
5341.46000 15.257 0.006
5343.46243 15.264 0.006
5429.91554 15.266 0.005
5430.86681 15.177 0.006
5439.87528 15.166 0.005
5449.89384 15.259 0.005
5454.85879 15.241 0.005
5456.88449 15.255 0.005
5457.86690 15.147 0.005
5462.83584 15.189 0.005
5465.83901 15.263 0.006
5468.79185 15.171 0.005
5469.84392 15.230 0.005
5471.81463 15.193 0.005
5476.75880 15.256 0.005
5478.75575 15.248 0.005
5480.77307 15.210 0.005
5482.74880 15.173 0.005
5484.88644 15.161 0.006
5485.76739 15.258 0.005
5486.84556 15.171 0.005
5488.72405 15.185 0.005
5489.74520 15.215 0.005
5490.83507 15.231 0.005
5492.74395 15.240 0.005
5493.73610 15.152 0.005
5495.71625 15.149 0.005
5497.72305 15.190 0.005
5503.81991 15.253 0.005
5506.85963 15.199 0.005
5509.78370 15.165 0.005
5511.72331 15.153 0.005
5513.73686 15.156 0.005
5515.68675 15.179 0.005
5517.68473 15.213 0.006
5521.72493 15.258 0.005
5523.78697 15.257 0.006
5525.79561 15.198 0.005
5527.68539 15.182 0.005
5528.82111 15.256 0.005
5529.74397 15.153 0.005
5530.77384 15.268 0.005
5532.76570 15.248 0.005
5533.83259 15.203 0.005
5534.69341 15.235 0.005
5535.78437 15.220 0.005
5539.82320 15.269 0.005
5541.79303 15.266 0.006
5543.81417 15.206 0.005
5545.81881 15.161 0.005
5547.72782 15.157 0.005
5549.74127 15.164 0.005
5551.75232 15.189 0.005
5553.76493 15.231 0.005
5554.79031 15.175 0.005
5556.75118 15.164 0.005
5557.76361 15.268 0.005
5558.75888 15.167 0.005
5560.78619 15.198 0.005
5561.74366 15.236 0.006
5563.74915 15.185 0.005
5565.77565 15.165 0.005
5568.77650 15.268 0.005
5570.83198 15.210 0.006
5573.80756 15.260 0.005
5576.70785 15.157 0.005
5577.74082 15.270 0.005
5578.74309 15.188 0.005
5579.79421 15.222 0.006
5581.72327 15.194 0.005
5582.77006 15.245 0.005
5583.73990 15.160 0.005
5584.75439 15.266 0.005
5585.76115 15.173 0.005
5589.69812 15.221 0.005
5590.69305 15.204 0.005
5591.70365 15.239 0.005
5593.68667 15.274 0.005
5595.66798 15.279 0.005
5596.72368 15.181 0.005
5597.69768 15.245 0.005
5598.72473 15.214 0.005
5599.71964 15.193 0.005
5600.73788 15.245 0.005
5604.72685 15.260 0.005
5606.70397 15.246 0.005
5608.65250 15.209 0.005
5611.66296 15.276 0.006
5613.63005 15.280 0.005
5615.66427 15.264 0.005
5624.61668 15.244 0.005
5627.60309 15.217 0.005
5630.58469 15.151 0.005
5632.58167 15.171 0.006
5634.54207 15.175 0.005
5639.53891 15.165 0.006
5641.57863 15.159 0.005
5643.54259 15.168 0.005
5645.54371 15.205 0.006
5647.57451 15.237 0.005
5649.50603 15.250 0.006
5654.52421 15.206 0.005
5655.50609 15.206 0.005
5657.55028 15.150 0.005
5665.52945 15.235 0.006
5667.50922 15.253 0.006
5671.51044 15.263 0.006
5675.50678 15.166 0.005
5677.50705 15.149 0.005
5680.50190 15.252 0.005
5681.46608 15.194 0.006
5786.90593 15.224 0.005
5802.85975 15.268 0.006
5804.88271 15.234 0.005
5807.88188 15.242 0.005
5809.91236 15.260 0.005
5812.92090 15.199 0.006
5813.81687 15.242 0.005
5815.90179 15.184 0.005
5818.85680 15.262 0.005
5820.84589 15.273 0.005
5823.83835 15.204 0.005
5825.90713 15.237 0.005
5826.79887 15.173 0.005
5828.85408 15.152 0.005
5830.90323 15.187 0.005
5831.79321 15.245 0.005
5832.90052 15.215 0.005
5833.76714 15.220 0.005
5834.89067 15.227 0.005
5836.79994 15.237 0.005
5838.87603 15.259 0.006
5839.77421 15.158 0.005
5841.85577 15.203 0.005
5850.86346 15.206 0.005
5851.83723 15.206 0.005
5854.83382 15.245 0.005
5856.83999 15.260 0.006
5858.79125 15.258 0.006
5861.76886 15.218 0.005
5862.78241 15.164 0.005
5864.74438 15.147 0.005
5865.79921 15.259 0.005
5866.87232 15.174 0.006
5869.82841 15.208 0.005
5870.70468 15.213 0.005
5871.87074 15.169 0.005
5873.75938 15.150 0.005
5878.82926 15.208 0.006
5880.71452 15.194 0.005
5882.73246 15.158 0.005
5885.78051 15.270 0.005
5888.74981 15.214 0.005
5890.80678 15.255 0.005
5891.85448 15.154 0.005
5893.70515 15.153 0.005
5895.74608 15.186 0.005
5896.75924 15.230 0.005
5899.70159 15.239 0.005
5901.81302 15.268 0.005
5902.74693 15.168 0.005
5903.80180 15.267 0.005
5904.72739 15.185 0.005
5905.70133 15.249 0.005
5906.71342 15.206 0.005
5907.74067 15.197 0.005
5908.76641 15.241 0.005
5909.75932 15.164 0.005
5910.75988 15.264 0.005
5911.78638 15.169 0.005
5912.77538 15.264 0.005
5913.78073 15.185 0.005
5915.76078 15.208 0.005
5916.78327 15.189 0.005
5917.76169 15.248 0.005
5922.79413 15.188 0.005
5924.75765 15.221 0.005
5925.76686 15.191 0.005
5927.76277 15.168 0.005
5929.76912 15.171 0.005
5931.74703 15.184 0.005
5932.75586 15.243 0.005
5933.76473 15.224 0.005
5934.78513 15.189 0.005
5936.70719 15.173 0.005
5937.72957 15.263 0.005
5938.70466 15.158 0.005
5939.69806 15.273 0.005
5940.69259 15.176 0.005
5941.71972 15.249 0.005
5942.71554 15.207 0.005
5943.71661 15.208 0.005
5944.67985 15.237 0.005
5945.68886 15.172 0.005
5946.73080 15.261 0.005
5947.69641 15.162 0.005
5949.70197 15.179 0.005
5950.70289 15.252 0.005
5953.73543 15.244 0.005
5955.67193 15.255 0.005
5958.70431 15.173 0.005
5960.66097 15.193 0.005
5963.66723 15.181 0.005
5964.70860 15.257 0.006
5965.64303 15.161 0.005
5967.61399 15.168 0.005
5968.70246 15.261 0.005
5969.70687 15.202 0.005
5973.61269 15.249 0.005
5976.66947 15.166 0.005
5977.65311 15.262 0.005
5981.60240 15.193 0.005
5983.66760 15.147 0.005
5985.62181 15.155 0.005
5987.64384 15.192 0.005
5988.57384 15.247 0.005
5990.52837 15.219 0.005
5991.62820 15.237 0.006
5993.64737 15.268 0.005
5995.60673 15.272 0.005
5996.62576 15.185 0.005
6000.59350 15.233 0.005
6005.58335 15.178 0.005
6010.55830 15.163 0.005
6018.54355 15.224 0.005
6023.52078 15.166 0.005
6024.55997 15.248 0.005
6028.54248 15.175 0.005
6033.51972 15.258 0.005
6036.52523 15.224 0.005
6037.52776 15.173 0.005
6039.52335 15.150 0.005
6042.52338 15.246 0.006
6047.50022 15.253 0.005
6048.49926 15.150 0.005
6055.46974 15.183 0.005
6058.46889 15.266 0.005
6068.45915 15.158 0.005
6139.94117 15.238 0.005
6141.90959 15.200 0.005
6159.92400 15.195 0.005
6180.91564 15.271 0.006
6181.89704 15.148 0.005
6195.88947 15.199 0.005
6198.87276 15.252 0.005
6200.83256 15.277 0.006
6203.81927 15.191 0.005
6208.82505 15.150 0.005
6211.86273 15.255 0.005
6215.81485 15.177 0.005
6218.87151 15.262 0.005
6219.86808 15.167 0.005
6220.86478 15.251 0.005
6221.86476 15.194 0.005
6223.86194 15.221 0.005
6226.76664 15.154 0.005
6230.83866 15.193 0.005
6231.87155 15.219 0.005
6232.84345 15.217 0.005
6235.84388 15.157 0.005
6240.86994 15.219 0.006
6244.81306 15.153 0.005
6248.75953 15.180 0.005
6250.79338 15.222 0.005
6251.75010 15.200 0.005
6254.72945 15.261 0.005
6257.77207 15.174 0.005
6260.82150 15.186 0.005
6265.76823 15.268 0.005
6271.78303 15.162 0.005
6276.76886 15.244 0.005
6284.85236 15.186 0.005
6286.74384 15.202 0.005
6290.74960 15.259 0.005
6295.78225 15.203 0.005
6300.72188 15.152 0.005
6307.73279 15.162 0.005
6314.68049 15.219 0.005
6319.61710 15.267 0.005
6338.60432 15.166 0.005
6339.62676 15.261 0.005
6348.61531 15.256 0.005
6353.63874 15.234 0.005
6357.60327 15.260 0.005
6361.54813 15.211 0.005
6368.56392 15.251 0.005
6375.54408 15.259 0.005
6385.50304 15.160 0.005
6391.50311 15.258 0.005
6400.48991 15.250 0.005
6407.47401 15.217 0.005
6511.90220 15.198 0.005
6521.88406 15.214 0.005
6530.91696 15.200 0.005
6547.89345 15.200 0.005
6561.86093 15.157 0.005
6571.86696 15.266 0.005
6576.89411 15.240 0.006
6577.85084 15.172 0.005
6583.76446 15.173 0.005
6593.73370 15.253 0.005
6603.81382 15.215 0.005
6611.79819 15.256 0.005
6616.70240 15.255 0.005
6623.72794 15.235 0.005
6629.72679 15.258 0.005
6641.72605 15.227 0.005
6647.73763 15.256 0.005
6658.75930 15.205 0.005
6661.80417 15.269 0.005
6668.77064 15.224 0.005
6677.72919 15.218 0.005
6690.72303 15.266 0.005
6695.67442 15.217 0.005
6699.63520 15.260 0.005
6704.69036 15.216 0.005
6709.64137 15.148 0.005
6713.61426 15.205 0.005
6721.61475 15.253 0.005
6881.92503 15.246 0.005
6889.88381 15.152 0.005
6906.88099 15.253 0.005
6922.80334 15.234 0.005
6927.79536 15.177 0.005
6932.78646 15.159 0.005
6938.75486 15.197 0.005
6942.76967 15.259 0.005
6949.80590 15.232 0.005
6955.76197 15.256 0.005
6963.73220 15.163 0.005
6968.78032 15.176 0.005
6975.68704 15.236 0.006
6979.71437 15.165 0.005
6983.72668 15.183 0.005
6989.74647 15.271 0.005
6994.78978 15.239 0.005
6999.75318 15.167 0.005
7003.83006 15.234 0.005
7008.78298 15.170 0.005
7013.75462 15.181 0.005
7017.75715 15.162 0.005
7021.75273 15.223 0.005
7025.72976 15.264 0.006
7030.75394 15.211 0.005
7034.72556 15.268 0.005
7039.73474 15.205 0.005
7044.71092 15.157 0.005
7049.70618 15.190 0.005
7055.68722 15.177 0.005
7060.68269 15.164 0.005
7065.66413 15.254 0.005
7071.70609 15.147 0.005
7072.64062 15.256 0.005
7078.61991 15.173 0.005
7082.55401 15.148 0.005
7085.62659 15.212 0.005
7089.60142 15.154 0.005
7093.57198 15.185 0.005
7102.55275 15.172 0.006
7111.56111 15.182 0.005
7114.53794 15.197 0.005
7118.53738 15.155 0.005
7124.51153 15.226 0.005
7130.49764 15.247 0.006
7133.48613 15.232 0.005
7136.46913 15.164 0.005
7140.48327 15.200 0.005
7144.48136 15.258 0.006
7270.91212 15.258 0.005
7283.80866 15.210 0.005
7291.82125 15.203 0.006
7294.77169 15.181 0.005
7298.82903 15.182 0.005
7303.82494 15.172 0.005
7311.77434 15.233 0.005
7319.73626 15.230 0.006
7327.82332 15.186 0.005
7339.73330 15.189 0.005
7344.75968 15.255 0.005
7353.84087 15.262 0.005
7355.81461 15.222 0.005
7363.73930 15.172 0.005
7367.79739 15.244 0.005
7373.73414 15.231 0.005
7378.79342 15.260 0.005
7383.70316 15.209 0.005
7387.71920 15.253 0.005
7396.75191 15.257 0.005
7401.74231 15.199 0.005
7405.71333 15.249 0.005
7409.66206 15.276 0.006
7413.65323 15.169 0.006
7425.66658 15.251 0.005
7428.65644 15.178 0.005
7435.67206 15.159 0.005
7440.63039 15.162 0.005
7445.60494 15.253 0.005
7448.60878 15.211 0.005
7452.62178 15.258 0.005
7461.59398 15.263 0.005
7466.54328 15.204 0.006
7472.53509 15.267 0.005
7476.50560 15.214 0.005
7494.49155 15.227 0.006
