5260.64296 14.639 0.005
5261.64632 14.689 0.005
5262.64009 14.748 0.005
5264.60750 14.734 0.005
5265.60876 14.640 0.005
5266.60133 14.643 0.005
5267.61457 14.697 0.005
5268.59721 14.749 0.005
5269.56649 14.769 0.005
5270.55309 14.719 0.005
5271.57589 14.640 0.005
5273.56434 14.709 0.005
5274.59547 14.759 0.005
5275.57871 14.772 0.005
5276.57476 14.697 0.005
5279.56288 14.713 0.005
5281.53830 14.765 0.005
5282.55775 14.676 0.005
5284.56137 14.676 0.005
5286.54406 14.774 0.005
5288.55772 14.664 0.005
5291.55185 14.743 0.005
5293.54320 14.737 0.005
5295.49934 14.639 0.005
5297.52506 14.747 0.005
5298.57010 14.773 0.005
5301.53090 14.653 0.005
5306.52737 14.643 0.005
5308.53511 14.722 0.005
5309.55579 14.773 0.005
5310.55563 14.757 0.005
5311.52202 14.685 0.005
5313.50467 14.673 0.005
5314.51946 14.732 0.006
5322.46695 14.736 0.005
5325.48124 14.701 0.005
5327.48355 14.778 0.005
5335.47424 14.641 0.005
5341.49572 14.640 0.005
5343.49832 14.731 0.006
5430.91646 14.758 0.005
5439.92600 14.636 0.005
5444.89610 14.676 0.005
5448.91500 14.775 0.005
5451.82841 14.639 0.005
5454.90739 14.789 0.005
5457.77129 14.648 0.005
5459.88324 14.751 0.005
5462.88155 14.644 0.005
5467.85212 14.690 0.005
5468.84104 14.650 0.005
5470.81598 14.710 0.005
5471.86371 14.764 0.005
5473.79855 14.682 0.005
5477.80055 14.759 0.005
5478.80801 14.757 0.005
5481.74738 14.690 0.005
5483.78061 14.780 0.005
5484.79273 14.748 0.005
5485.81951 14.660 0.005
5487.74125 14.694 0.005
5488.74340 14.749 0.005
5489.83566 14.768 0.005
5490.74452 14.739 0.005
5491.85791 14.642 0.005
5492.77997 14.656 0.005
5493.80227 14.708 0.005
5494.84703 14.758 0.005
5495.80418 14.773 0.005
5496.80202 14.712 0.005
5497.83216 14.639 0.005
5499.73919 14.719 0.005
5502.80934 14.691 0.005
5503.76457 14.646 0.005
5505.73426 14.726 0.005
5506.75177 14.770 0.005
5507.76988 14.777 0.005
5509.67826 14.642 0.005
5510.73416 14.687 0.005
5511.71039 14.740 0.005
5512.75345 14.779 0.005
5513.72377 14.751 0.005
5514.75630 14.667 0.005
5515.67356 14.650 0.005
5516.75912 14.691 0.005
5517.67224 14.743 0.005
5518.76867 14.781 0.005
5519.69506 14.741 0.005
5521.71192 14.645 0.005
5522.73706 14.690 0.005
5523.70175 14.759 0.005
5524.71020 14.776 0.005
5525.74325 14.722 0.005
5526.69532 14.643 0.005
5527.77604 14.662 0.005
5528.71714 14.716 0.005
5529.69741 14.767 0.005
5530.70463 14.773 0.005
5531.78783 14.693 0.005
5532.69597 14.641 0.005
5533.71932 14.674 0.005
5534.75081 14.726 0.005
5535.72769 14.772 0.005
5536.73032 14.762 0.005
5539.74059 14.669 0.005
5540.82475 14.734 0.005
5541.69091 14.773 0.005
5542.75006 14.741 0.005
5543.78086 14.666 0.005
5544.76832 14.636 0.005
5545.75762 14.685 0.005
5546.70729 14.750 0.005
5547.76709 14.789 0.005
5548.72833 14.735 0.005
5549.69485 14.659 0.005
5550.74711 14.657 0.005
5551.70459 14.710 0.005
5553.75060 14.769 0.005
5556.69860 14.652 0.005
5557.67973 14.696 0.005
5558.68064 14.762 0.005
5559.72383 14.775 0.005
5560.66252 14.703 0.005
5561.69631 14.646 0.005
5562.71565 14.660 0.005
5563.64961 14.714 0.005
5565.68153 14.756 0.005
5566.70821 14.680 0.005
5568.72851 14.692 0.005
5569.72307 14.746 0.005
5570.76260 14.777 0.005
5571.69418 14.762 0.005
5572.81082 14.651 0.005
5575.71516 14.730 0.005
5576.68932 14.780 0.005
5577.69160 14.741 0.005
5578.69787 14.657 0.005
5579.74884 14.661 0.005
5580.69288 14.697 0.005
5581.69499 14.747 0.005
5582.70197 14.778 0.005
5583.70924 14.712 0.005
5584.69474 14.651 0.005
5585.69463 14.656 0.005
5586.65841 14.711 0.005
5587.64057 14.763 0.005
5589.65054 14.695 0.005
5591.68787 14.670 0.005
5592.67012 14.717 0.005
5594.66933 14.764 0.005
5595.64797 14.696 0.005
5596.71109 14.664 0.005
5597.62856 14.677 0.005
5598.69487 14.753 0.005
5599.65850 14.797 0.005
5600.69121 14.768 0.005
5601.67085 14.683 0.005
5602.66959 14.658 0.005
5603.67627 14.705 0.005
5604.67667 14.765 0.005
5605.67920 14.804 0.005
5606.69113 14.748 0.005
5607.70205 14.671 0.005
5608.69265 14.666 0.005
5609.71988 14.717 0.005
5611.65046 14.793 0.005
5612.70298 14.720 0.005
5613.66614 14.656 0.005
5614.65846 14.665 0.005
5615.65187 14.728 0.005
5616.66788 14.771 0.005
5619.64980 14.653 0.005
5622.64786 14.789 0.005
5623.61071 14.780 0.005
5624.55189 14.699 0.005
5625.64343 14.654 0.005
5626.60454 14.673 0.005
5627.56930 14.729 0.005
5629.60952 14.769 0.005
5630.62095 14.689 0.005
5632.56909 14.696 0.005
5633.61803 14.757 0.005
5634.57851 14.794 0.005
5635.58280 14.759 0.005
5638.58739 14.700 0.005
5639.59766 14.767 0.005
5640.53662 14.786 0.005
5641.56428 14.750 0.005
5642.51253 14.653 0.005
5643.51029 14.655 0.005
5644.51305 14.700 0.005
5646.52477 14.769 0.005
5647.52672 14.711 0.005
5648.52739 14.645 0.005
5649.54215 14.662 0.005
5650.52260 14.713 0.005
5651.52849 14.761 0.005
5652.52344 14.762 0.005
5653.55348 14.710 0.005
5654.56203 14.650 0.005
5655.55320 14.685 0.005
5656.56210 14.741 0.005
5657.52203 14.783 0.005
5659.52136 14.681 0.005
5660.56673 14.659 0.005
5664.50091 14.752 0.005
5665.51614 14.668 0.005
5666.51297 14.649 0.005
5667.49514 14.694 0.005
5668.50109 14.760 0.005
5669.49464 14.779 0.005
5670.54616 14.739 0.005
5671.49655 14.658 0.005
5672.49144 14.662 0.005
5674.49948 14.764 0.005
5675.49276 14.794 0.005
5676.54801 14.720 0.005
5677.48902 14.651 0.005
5678.52328 14.668 0.005
5679.49087 14.721 0.005
5680.53966 14.784 0.005
5681.50372 14.775 0.005
5682.50315 14.702 0.005
5683.50806 14.653 0.005
5684.51308 14.679 0.005
5685.48454 14.730 0.005
5686.48508 14.775 0.005
5687.48724 14.772 0.005
5691.47874 14.735 0.005
5694.49535 14.673 0.005
5695.47976 14.657 0.005
5696.48818 14.704 0.005
5697.47811 14.753 0.005
5699.48765 14.738 0.005
5700.47920 14.656 0.005
5702.47607 14.704 0.005
5706.47578 14.649 0.005
5709.46285 14.771 0.005
5784.93602 14.770 0.005
5796.90356 14.780 0.005
5803.88735 14.726 0.005
5805.85183 14.644 0.005
5806.90282 14.696 0.005
5809.86402 14.711 0.005
5810.86716 14.657 0.005
5812.86008 14.714 0.005
5814.90907 14.779 0.005
5815.88843 14.702 0.005
5816.86260 14.649 0.005
5817.86425 14.677 0.005
5818.89226 14.734 0.005
5819.84626 14.777 0.005
5820.91367 14.767 0.005
5822.83392 14.651 0.005
5823.90874 14.680 0.005
5824.83073 14.739 0.005
5825.81899 14.790 0.005
5826.86749 14.751 0.005
5827.86147 14.670 0.005
5828.88768 14.640 0.005
5829.86106 14.689 0.005
5830.85262 14.750 0.005
5831.84431 14.788 0.005
5832.83374 14.748 0.005
5833.81810 14.671 0.005
5834.81906 14.658 0.005
5835.87896 14.710 0.005
5836.78546 14.761 0.005
5837.86482 14.781 0.005
5839.84649 14.658 0.005
5840.82998 14.664 0.005
5841.82701 14.715 0.005
5842.84462 14.775 0.005
5843.86011 14.784 0.005
5845.87509 14.640 0.005
5846.83561 14.679 0.005
5850.80023 14.679 0.005
5851.80845 14.649 0.005
5853.86396 14.745 0.005
5854.76727 14.784 0.005
5855.83699 14.758 0.005
5856.80859 14.677 0.005
5857.79343 14.653 0.005
5858.84280 14.705 0.005
5859.81131 14.753 0.005
5860.79638 14.781 0.005
5861.80536 14.753 0.005
5863.80855 14.648 0.005
5864.71584 14.692 0.005
5865.78546 14.760 0.005
5866.80958 14.788 0.005
5867.74850 14.731 0.005
5868.85000 14.649 0.005
5869.81551 14.652 0.005
5870.75529 14.704 0.005
5871.74142 14.761 0.005
5872.75075 14.772 0.005
5873.74600 14.708 0.005
5874.77956 14.647 0.005
5875.71547 14.672 0.005
5878.81642 14.760 0.005
5879.70054 14.699 0.005
5880.75201 14.644 0.005
5881.73854 14.676 0.005
5882.76935 14.739 0.005
5883.77329 14.785 0.005
5885.70461 14.673 0.005
5886.74067 14.651 0.005
5887.81306 14.697 0.005
5888.80171 14.753 0.005
5889.84389 14.793 0.005
5890.77744 14.749 0.005
5891.73610 14.671 0.005
5892.75387 14.659 0.005
5893.77199 14.706 0.005
5894.79548 14.763 0.005
5895.81255 14.794 0.005
5896.79561 14.733 0.005
5897.74241 14.659 0.005
5898.72463 14.665 0.005
5899.78378 14.723 0.005
5900.73342 14.774 0.005
5901.78269 14.778 0.005
5902.73398 14.718 0.005
5903.78914 14.655 0.005
5904.76378 14.675 0.005
5905.73781 14.720 0.005
5906.74969 14.778 0.005
5907.72776 14.773 0.005
5908.75310 14.692 0.005
5909.79760 14.648 0.005
5910.71042 14.680 0.005
5911.74228 14.734 0.005
5912.76275 14.782 0.005
5913.73468 14.764 0.005
5914.75732 14.673 0.005
5915.71436 14.646 0.005
5916.77070 14.690 0.005
5917.73188 14.744 0.005
5922.74892 14.697 0.005
5923.72513 14.757 0.005
5924.70647 14.794 0.005
5925.72051 14.735 0.005
5926.73227 14.660 0.005
5927.73130 14.663 0.005
5929.70548 14.770 0.005
5930.85066 14.791 0.005
5931.67250 14.720 0.005
5932.66981 14.650 0.005
5933.71967 14.675 0.005
5934.71573 14.723 0.005
5935.66674 14.769 0.005
5936.66129 14.773 0.005
5937.69057 14.702 0.005
5938.69135 14.649 0.005
5939.73544 14.674 0.005
5940.77105 14.732 0.005
5941.77174 14.784 0.005
5942.79637 14.763 0.005
5943.75322 14.668 0.005
5944.74610 14.649 0.005
5945.72682 14.691 0.005
5946.66666 14.751 0.005
5946.78263 14.742 0.005
5947.73320 14.792 0.005
5948.72205 14.758 0.005
5949.73822 14.671 0.005
5950.65919 14.650 0.005
5951.68457 14.700 0.005
5952.70916 14.760 0.005
5953.70709 14.785 0.005
5954.70464 14.736 0.005
5955.72731 14.660 0.005
5956.72730 14.664 0.005
5958.74454 14.765 0.005
5959.71648 14.780 0.005
5960.71854 14.700 0.005
5961.65028 14.644 0.005
5962.65118 14.656 0.005
5963.61791 14.712 0.005
5964.62987 14.771 0.005
5965.62877 14.775 0.005
5967.65096 14.655 0.005
5969.62707 14.718 0.005
5970.60456 14.775 0.005
5971.69744 14.763 0.005
5972.68381 14.673 0.005
5973.66689 14.645 0.005
5974.62191 14.675 0.005
5976.65607 14.786 0.005
5977.68964 14.741 0.005
5978.66605 14.672 0.005
5979.61622 14.646 0.005
5980.64638 14.697 0.005
5981.65535 14.753 0.005
5982.66131 14.795 0.005
5983.70440 14.735 0.005
5984.64340 14.659 0.005
5985.67528 14.663 0.005
5986.60506 14.697 0.005
5987.68086 14.768 0.005
5988.64698 14.789 0.005
5989.61093 14.732 0.005
5990.60445 14.636 0.005
5991.67947 14.661 0.005
5992.63976 14.716 0.005
5993.59659 14.771 0.005
5994.59607 14.779 0.005
5995.64297 14.711 0.005
5996.61308 14.635 0.005
5997.61524 14.664 0.005
5998.61358 14.724 0.005
5998.67699 14.726 0.005
5999.65429 14.772 0.005
6000.62969 14.765 0.005
6002.59335 14.641 0.005
6003.55954 14.675 0.005
6004.61991 14.736 0.005
6005.60294 14.772 0.005
6006.58690 14.752 0.005
6007.58522 14.663 0.005
6008.61971 14.644 0.005
6009.56079 14.689 0.005
6010.61636 14.745 0.005
6011.57515 14.787 0.005
6012.61084 14.730 0.005
6013.55596 14.656 0.005
6014.57488 14.646 0.005
6015.57026 14.700 0.005
6016.61124 14.751 0.005
6017.57461 14.768 0.005
6018.52948 14.726 0.005
6019.57851 14.652 0.005
6020.60003 14.662 0.005
6021.58777 14.719 0.005
6022.59968 14.765 0.005
6023.57332 14.775 0.005
6024.59615 14.706 0.005
6025.59617 14.638 0.005
6026.54243 14.655 0.005
6028.57919 14.765 0.005
6029.59677 14.760 0.005
6032.51706 14.685 0.005
6033.50463 14.734 0.005
6034.51020 14.775 0.005
6035.53563 14.762 0.005
6036.51247 14.676 0.005
6037.51209 14.656 0.005
6038.50382 14.687 0.005
6039.51052 14.739 0.005
6040.51282 14.773 0.005
6042.51044 14.655 0.005
6047.48742 14.723 0.005
6048.48618 14.661 0.005
6049.50945 14.664 0.005
6050.48503 14.713 0.005
6052.50075 14.776 0.005
6053.49776 14.707 0.005
6055.50635 14.677 0.005
6056.49333 14.722 0.005
6057.50351 14.779 0.005
6058.49689 14.779 0.005
6059.49054 14.708 0.005
6060.49381 14.642 0.005
6061.48698 14.687 0.005
6062.47843 14.739 0.005
6064.48024 14.773 0.005
6070.48161 14.751 0.005
6079.46362 14.712 0.005
6123.92752 14.655 0.005
6137.92547 14.731 0.005
6171.89110 14.674 0.005
6174.91747 14.744 0.005
6179.91711 14.786 0.005
6191.89349 14.759 0.005
6199.83219 14.641 0.005
6204.87478 14.644 0.005
6210.88632 14.639 0.005
6212.83915 14.696 0.005
6219.82192 14.759 0.005
6221.83524 14.691 0.005
6222.83616 14.646 0.005
6223.79326 14.668 0.005
6224.85882 14.724 0.005
6231.76446 14.779 0.005
6232.83047 14.750 0.005
6234.84084 14.634 0.005
6238.83956 14.730 0.005
6240.85686 14.648 0.005
6241.81050 14.691 0.005
6242.85343 14.758 0.005
6243.82223 14.775 0.005
6245.77910 14.636 0.005
6254.79636 14.770 0.005
6257.82530 14.640 0.005
6270.83652 14.711 0.005
6274.82819 14.640 0.005
6282.79812 14.717 0.005
6289.80069 14.772 0.005
6294.82262 14.741 0.005
6299.77918 14.690 0.005
6306.71933 14.760 0.005
6323.67853 14.753 0.005
6329.63735 14.765 0.005
6333.62844 14.654 0.005
6340.64036 14.711 0.005
6353.62721 14.776 0.005
6354.59161 14.743 0.005
6355.58068 14.659 0.005
6356.62781 14.643 0.005
6357.64315 14.689 0.005
6360.59220 14.719 0.005
6363.58006 14.696 0.005
6378.55115 14.669 0.005
6396.54905 14.635 0.005
6404.53421 14.718 0.005
6416.51022 14.732 0.005
6509.92880 14.774 0.005
6520.90200 14.746 0.005
6531.91317 14.723 0.005
6547.87983 14.636 0.005
6561.84670 14.763 0.005
6571.85347 14.689 0.005
6577.89410 14.687 0.005
6578.87312 14.746 0.005
6583.80024 14.700 0.005
6608.84055 14.777 0.005
6612.77682 14.700 0.005
6616.73868 14.652 0.005
6622.79264 14.653 0.005
6628.82031 14.641 0.005
6638.74610 14.748 0.005
6645.74365 14.651 0.005
6649.75060 14.792 0.005
6654.77073 14.782 0.005
6658.79386 14.670 0.005
6662.77915 14.684 0.005
6667.84245 14.728 0.005
6672.78411 14.785 0.005
6680.77839 14.645 0.005
6690.67106 14.767 0.005
6697.71966 14.650 0.005
6705.68499 14.712 0.005
6712.65223 14.780 0.005
6722.61304 14.676 0.005
6736.62425 14.793 0.005
6871.93340 14.644 0.005
6887.93174 14.755 0.005
6896.90205 14.682 0.005
6907.88482 14.656 0.005
6926.81395 14.738 0.005
6932.82261 14.742 0.005
6938.80800 14.752 0.005
6942.80555 14.658 0.005
6950.85636 14.774 0.005
6956.85920 14.772 0.005
6961.85381 14.746 0.005
6967.72526 14.758 0.005
6973.73073 14.771 0.005
6980.76770 14.746 0.005
6987.79870 14.641 0.005
6992.77084 14.707 0.005
6997.77665 14.769 0.005
7000.71052 14.662 0.005
7001.66558 14.708 0.005
7002.69934 14.761 0.005
7003.80595 14.754 0.005
7004.74983 14.682 0.005
7005.69798 14.639 0.005
7006.72760 14.667 0.005
7007.77563 14.720 0.005
7008.72662 14.771 0.005
7009.74027 14.753 0.005
7010.68158 14.671 0.005
7013.68520 14.736 0.005
7016.78881 14.639 0.005
7020.79339 14.780 0.005
7024.76875 14.706 0.005
7028.72190 14.633 0.005
7032.77624 14.757 0.005
7037.75165 14.770 0.005
7042.74924 14.735 0.005
7047.71241 14.681 0.005
7051.74101 14.635 0.005
7056.68140 14.700 0.005
7062.67313 14.685 0.005
7080.59672 14.638 0.005
7083.62348 14.751 0.005
7085.59517 14.704 0.005
7086.59076 14.631 0.005
7086.63248 14.633 0.005
7087.58565 14.654 0.005
7088.59706 14.704 0.005
7089.57761 14.753 0.005
7090.58179 14.765 0.005
7091.56966 14.692 0.005
7091.61244 14.689 0.005
7092.63366 14.630 0.005
7093.58774 14.662 0.005
7097.56217 14.673 0.005
7103.58342 14.657 0.005
7112.59070 14.754 0.005
7115.58728 14.635 0.005
7119.54531 14.770 0.005
7126.53635 14.673 0.005
7131.54085 14.754 0.005
7134.51115 14.679 0.005
7137.54105 14.726 0.005
7143.50569 14.722 0.005
7277.91252 14.640 0.005
7292.84527 14.775 0.005
7294.80897 14.669 0.005
7297.80771 14.730 0.005
7304.88661 14.777 0.005
7312.80401 14.634 0.005
7322.75835 14.757 0.005
7339.76949 14.772 0.005
7345.72806 14.761 0.005
7354.80492 14.675 0.005
7361.82776 14.749 0.005
7366.70033 14.692 0.005
7373.85371 14.760 0.005
7377.82560 14.656 0.005
7382.72385 14.628 0.005
7385.73731 14.778 0.005
7390.75916 14.735 0.005
7399.76376 14.634 0.005
7403.77913 14.770 0.005
7408.72646 14.773 0.005
7410.72786 14.674 0.005
7413.69057 14.736 0.005
7416.69750 14.654 0.005
7424.63989 14.695 0.005
7427.67348 14.714 0.005
7431.66726 14.754 0.005
7435.65969 14.656 0.005
7439.66653 14.682 0.005
7443.63708 14.771 0.005
7449.64279 14.769 0.005
7453.61817 14.691 0.005
7462.63192 14.699 0.005
7466.57937 14.761 0.005
7472.58617 14.768 0.005
7476.54188 14.666 0.005
7488.49564 14.691 0.005
7499.51876 14.669 0.005
7508.46430 14.751 0.005
