5260.64296 18.145 0.029
5261.64632 18.292 0.030
5262.64009 18.143 0.027
5264.60750 18.200 0.029
5265.60876 18.272 0.040
5266.60133 18.179 0.031
5267.61457 18.297 0.036
5268.59721 18.103 0.029
5269.56649 18.261 0.031
5270.55309 18.194 0.024
5271.57589 18.266 0.027
5273.56434 18.332 0.030
5274.59547 18.164 0.033
5275.57871 18.292 0.029
5276.57476 18.164 0.024
5279.56288 18.305 0.040
5281.53830 18.318 0.032
5282.55775 18.180 0.032
5284.56137 18.207 0.031
5286.54406 18.235 0.033
5288.55772 18.225 0.035
5291.55185 18.191 0.032
5293.54320 18.186 0.034
5295.49934 18.231 0.035
5297.52506 18.210 0.029
5298.57010 18.286 0.036
5301.53090 18.152 0.030
5306.52737 18.321 0.032
5308.53511 18.232 0.038
5309.55579 18.220 0.036
5310.55563 18.220 0.042
5311.52202 18.193 0.044
5313.50467 18.222 0.046
5314.51946 18.213 0.055
5322.46695 18.259 0.043
5325.48124 18.219 0.041
5327.48355 18.309 0.034
5335.47424 18.274 0.036
5341.49572 18.208 0.047
5343.49832 18.202 0.055
5430.91646 18.109 0.030
5439.92600 18.304 0.060
5444.89610 18.153 0.027
5448.91500 18.232 0.031
5451.82841 18.254 0.032
5454.90739 18.205 0.035
5457.77129 18.291 0.024
5459.88324 18.207 0.024
5462.88155 18.303 0.033
5467.85212 18.207 0.028
5468.84104 18.301 0.031
5470.81598 18.254 0.029
5471.86371 18.187 0.027
5473.79855 18.228 0.026
5477.80055 18.158 0.020
5478.80801 18.285 0.024
5481.74738 18.167 0.028
5483.78061 18.128 0.036
5484.79273 18.220 0.026
5485.81951 18.263 0.025
5487.74125 18.210 0.026
5488.74340 18.219 0.028
5489.83566 18.278 0.026
5490.74452 18.224 0.033
5491.85791 18.251 0.042
5492.77997 18.235 0.032
5493.80227 18.287 0.034
5494.84703 18.158 0.034
5495.80418 18.268 0.027
5496.80202 18.130 0.035
5497.83216 18.253 0.029
5499.73919 18.262 0.026
5502.80934 18.227 0.023
5503.76457 18.288 0.027
5505.73426 18.259 0.030
5506.75177 18.173 0.020
5507.76988 18.217 0.024
5509.67826 18.309 0.027
5510.73416 18.134 0.027
5511.71039 18.348 0.030
5512.75345 18.163 0.021
5513.72377 18.214 0.024
5514.75630 18.253 0.025
5515.67356 18.292 0.032
5516.75912 18.264 0.025
5517.67224 18.326 0.033
5518.76867 18.197 0.040
5519.69506 18.333 0.043
5521.71192 18.144 0.029
5522.73706 18.254 0.035
5523.70175 18.195 0.028
5524.71020 18.252 0.025
5525.74325 18.143 0.021
5526.69532 18.257 0.024
5527.77604 18.197 0.021
5528.71714 18.302 0.029
5529.69741 18.127 0.025
5530.70463 18.287 0.028
5531.78783 18.228 0.021
5532.69597 18.306 0.023
5533.71932 18.141 0.029
5534.75081 18.224 0.025
5535.72769 18.188 0.027
5536.73032 18.206 0.024
5539.74059 18.223 0.024
5540.82475 18.210 0.024
5541.69091 18.250 0.034
5542.75006 18.172 0.021
5543.78086 18.306 0.034
5544.76832 18.140 0.023
5545.75762 18.284 0.027
5546.70729 18.216 0.028
5547.76709 18.256 0.032
5548.72833 18.207 0.026
5549.69485 18.277 0.031
5550.74711 18.160 0.028
5551.70459 18.277 0.038
5553.75060 18.261 0.032
5556.69860 18.174 0.039
5557.67973 18.290 0.025
5558.68064 18.124 0.030
5559.72383 18.197 0.026
5560.66252 18.210 0.024
5561.69631 18.191 0.035
5562.71565 18.282 0.025
5563.64961 18.290 0.033
5565.68153 18.202 0.021
5566.70821 18.250 0.025
5568.72851 18.296 0.031
5569.72307 18.122 0.026
5570.76260 18.212 0.029
5571.69418 18.157 0.027
5572.81082 18.199 0.026
5575.71516 18.182 0.026
5576.68932 18.277 0.024
5577.69160 18.115 0.023
5578.69787 18.272 0.031
5579.74884 18.160 0.037
5580.69288 18.244 0.026
5581.69499 18.188 0.031
5582.70197 18.181 0.031
5583.70924 18.234 0.026
5584.69474 18.205 0.027
5585.69463 18.199 0.027
5586.65841 18.296 0.033
5587.64057 18.276 0.029
5588.74450 18.196 0.028
5589.65054 18.170 0.027
5591.68787 18.297 0.024
5592.67012 18.214 0.024
5593.65310 18.234 0.029
5594.66933 18.222 0.028
5595.64797 18.241 0.026
5596.71109 18.145 0.021
5597.62856 18.236 0.025
5598.69487 18.087 0.021
5599.65850 18.323 0.030
5600.69121 18.184 0.021
5601.67085 18.324 0.025
5602.66959 18.150 0.021
5603.67627 18.285 0.033
5604.67667 18.115 0.028
5605.67920 18.280 0.025
5606.69113 18.173 0.028
5607.70205 18.251 0.033
5608.69265 18.245 0.038
5609.71988 18.172 0.037
5611.65046 18.226 0.038
5612.70298 18.268 0.049
5613.66614 18.205 0.030
5614.65846 18.215 0.027
5615.65187 18.176 0.025
5616.66788 18.312 0.028
5619.64980 18.234 0.025
5622.64786 18.267 0.034
5623.61071 18.200 0.027
5624.55189 18.191 0.025
5625.64343 18.127 0.028
5626.60454 18.274 0.031
5627.56930 18.209 0.024
5629.60952 18.119 0.024
5630.62095 18.333 0.036
5632.56909 18.255 0.034
5633.61803 18.185 0.027
5634.57851 18.299 0.033
5635.58280 18.165 0.030
5638.58739 18.277 0.042
5639.59766 18.174 0.037
5640.53662 18.304 0.039
5641.56428 18.242 0.034
5642.51253 18.320 0.025
5643.51029 18.156 0.024
5644.51305 18.309 0.026
5645.51174 18.207 0.033
5646.52477 18.296 0.030
5647.52672 18.182 0.026
5648.52739 18.245 0.028
5649.54215 18.196 0.028
5650.52260 18.227 0.025
5651.52849 18.171 0.018
5652.52344 18.221 0.025
5653.55348 18.226 0.029
5654.56203 18.179 0.027
5655.55320 18.250 0.034
5656.56210 18.107 0.024
5657.52203 18.250 0.032
5659.52136 18.234 0.033
5660.56673 18.225 0.029
5664.50091 18.146 0.039
5665.51614 18.232 0.038
5667.49514 18.305 0.038
5668.50109 18.143 0.036
5669.49464 18.312 0.033
5670.54616 18.167 0.036
5671.49655 18.324 0.053
5672.49144 18.122 0.029
5674.49948 18.185 0.024
5675.49276 18.277 0.034
5676.54801 18.270 0.015
5677.48902 18.247 0.027
5678.52328 18.217 0.030
5679.49087 18.282 0.036
5680.53966 18.285 0.042
5681.50372 18.145 0.033
5682.50315 18.198 0.038
5683.50806 18.149 0.031
5684.51308 18.314 0.035
5685.48454 18.250 0.037
5686.48508 18.266 0.027
5687.48724 18.239 0.037
5691.47874 18.212 0.037
5694.49535 18.227 0.041
5695.47976 18.175 0.036
5696.48818 18.246 0.046
5697.47811 18.146 0.034
5699.48765 18.136 0.048
5700.47920 18.167 0.047
5702.47607 18.223 0.038
5706.47578 18.242 0.040
5709.46285 18.245 0.033
5784.93602 18.178 0.046
5796.90356 18.260 0.032
5803.88735 18.255 0.027
5805.85183 18.116 0.026
5806.90282 18.274 0.027
5809.86402 18.189 0.019
5810.86716 18.290 0.030
5812.86008 18.297 0.024
5814.90907 18.227 0.030
5815.88843 18.210 0.026
5816.86260 18.188 0.032
5817.86425 18.228 0.027
5818.89226 18.145 0.028
5819.84626 18.266 0.029
5820.91367 18.096 0.036
5822.83392 18.218 0.026
5823.90874 18.248 0.046
5824.83073 18.192 0.027
5825.81899 18.259 0.024
5826.86749 18.149 0.025
5827.86147 18.305 0.024
5828.88768 18.169 0.021
5829.86106 18.311 0.021
5830.85262 18.163 0.021
5831.84431 18.342 0.021
5832.83374 18.127 0.020
5833.81810 18.273 0.025
5834.81906 18.163 0.019
5835.87896 18.207 0.025
5836.78546 18.197 0.023
5837.86482 18.162 0.024
5839.84649 18.236 0.024
5840.82998 18.156 0.021
5841.82701 18.248 0.029
5842.84462 18.139 0.034
5843.86011 18.158 0.025
5845.87509 18.115 0.041
5846.83561 18.230 0.052
5850.80023 18.256 0.026
5851.80845 18.153 0.026
5853.86396 18.192 0.031
5854.76727 18.210 0.025
5855.83699 18.190 0.020
5856.80859 18.299 0.034
5857.79343 18.125 0.035
5858.84280 18.220 0.033
5859.81131 18.143 0.021
5860.79638 18.295 0.027
5861.80536 18.162 0.025
5863.80855 18.243 0.025
5864.71584 18.248 0.021
5865.78546 18.172 0.023
5866.80958 18.260 0.025
5867.74850 18.168 0.024
5868.85000 18.195 0.019
5869.81551 18.194 0.020
5870.75529 18.285 0.026
5871.74142 18.177 0.025
5872.75075 18.230 0.025
5873.74600 18.193 0.024
5874.77956 18.204 0.030
5875.71547 18.150 0.028
5878.81642 18.239 0.043
5879.70054 18.085 0.033
5880.75201 18.247 0.028
5881.73854 18.260 0.027
5882.76935 18.182 0.024
5883.77329 18.296 0.034
5885.70461 18.274 0.038
5886.74067 18.106 0.031
5887.81306 18.177 0.021
5888.80171 18.199 0.025
5889.84389 18.219 0.025
5890.77744 18.223 0.026
5891.73610 18.305 0.027
5892.75387 18.149 0.024
5893.77199 18.180 0.021
5894.79548 18.217 0.024
5895.81255 18.183 0.026
5896.79561 18.277 0.025
5897.74241 18.175 0.023
5898.72463 18.192 0.025
5899.78378 18.152 0.023
5900.73342 18.224 0.023
5901.78269 18.186 0.026
5902.73398 18.271 0.033
5903.78914 18.199 0.027
5904.76378 18.261 0.027
5905.73781 18.148 0.028
5906.74969 18.285 0.029
5907.72776 18.173 0.026
5908.75310 18.273 0.030
5909.79760 18.195 0.026
5910.71042 18.266 0.027
5911.74228 18.142 0.023
5912.76275 18.244 0.024
5913.73468 18.140 0.020
5914.75732 18.262 0.024
5915.71436 18.203 0.019
5916.77070 18.239 0.020
5917.73188 18.194 0.020
5922.74892 18.222 0.023
5923.72513 18.230 0.018
5924.70647 18.173 0.021
5925.72051 18.196 0.027
5926.73227 18.170 0.021
5927.73130 18.230 0.024
5929.70548 18.247 0.024
5930.85066 18.324 0.026
5931.67250 18.214 0.028
5932.66981 18.152 0.025
5933.71967 18.292 0.031
5934.71573 18.162 0.025
5935.66674 18.234 0.038
5936.66129 18.168 0.029
5937.69057 18.273 0.025
5938.69135 18.139 0.023
5939.73544 18.253 0.029
5940.77105 18.245 0.026
5941.77174 18.203 0.031
5942.79637 18.320 0.027
5943.75322 18.214 0.026
5944.74610 18.255 0.023
5945.72682 18.160 0.019
5946.66666 18.135 0.021
5946.78263 18.323 0.034
5947.73320 18.192 0.027
5948.72205 18.272 0.025
5949.73822 18.215 0.028
5950.65919 18.216 0.021
5951.68457 18.192 0.027
5952.70916 18.260 0.021
5953.70709 18.147 0.025
5954.70464 18.295 0.020
5955.72731 18.216 0.024
5956.72730 18.276 0.025
5958.74454 18.203 0.026
5959.71648 18.144 0.023
5960.71854 18.277 0.025
5961.65028 18.209 0.021
5962.65118 18.281 0.041
5963.61791 18.132 0.037
5964.62987 18.226 0.034
5965.62877 18.142 0.026
5967.65096 18.170 0.043
5968.65105 18.350 0.034
5969.62707 18.227 0.023
5970.60456 18.291 0.021
5971.69744 18.281 0.025
5972.68381 18.175 0.021
5973.66689 18.214 0.019
5974.62191 18.276 0.024
5976.65607 18.256 0.025
5977.68964 18.274 0.026
5978.66605 18.198 0.021
5979.61622 18.193 0.026
5980.64638 18.192 0.028
5981.65535 18.236 0.027
5982.66131 18.173 0.026
5983.70440 18.268 0.020
5984.64340 18.139 0.019
5985.67528 18.301 0.028
5986.60506 18.201 0.023
5987.68086 18.293 0.028
5988.64698 18.198 0.025
5989.61093 18.244 0.027
5990.60445 18.090 0.028
5991.67947 18.222 0.033
5992.63976 18.178 0.032
5993.59659 18.288 0.032
5994.59607 18.169 0.030
5995.64297 18.272 0.040
5996.61308 18.207 0.038
5997.61524 18.334 0.034
5998.61358 18.177 0.026
5998.67699 18.206 0.030
5999.65429 18.159 0.023
6000.62969 18.178 0.024
6002.59335 18.189 0.026
6003.55954 18.308 0.033
6004.61991 18.259 0.029
6005.60294 18.139 0.023
6006.58690 18.212 0.023
6007.58522 18.204 0.023
6008.61971 18.258 0.028
6009.56079 18.175 0.029
6010.61636 18.253 0.036
6011.57515 18.203 0.026
6012.61084 18.363 0.035
6013.55596 18.181 0.024
6014.57488 18.264 0.027
6015.57026 18.202 0.024
6016.61124 18.291 0.025
6017.57461 18.259 0.028
6018.52948 18.211 0.031
6019.57851 18.132 0.029
6020.60003 18.335 0.031
6021.58777 18.185 0.032
6022.59968 18.303 0.040
6023.57332 18.227 0.028
6024.59615 18.220 0.037
6025.59617 18.136 0.039
6026.54243 18.311 0.038
6028.57919 18.227 0.037
6029.59677 18.237 0.042
6032.51706 18.325 0.037
6033.50463 18.162 0.035
6034.51020 18.224 0.029
6035.53563 18.216 0.027
6036.51247 18.200 0.028
6037.51209 18.219 0.042
6038.50382 18.217 0.044
6039.51052 18.223 0.035
6040.51282 18.199 0.025
6042.51044 18.196 0.041
6047.48742 18.256 0.033
6048.48618 18.216 0.038
6049.50945 18.279 0.029
6050.48503 18.147 0.034
6052.50075 18.172 0.034
6053.49776 18.323 0.038
6055.50635 18.288 0.037
6056.49333 18.185 0.033
6057.50351 18.201 0.026
6058.49689 18.206 0.029
6059.49054 18.328 0.034
6060.49381 18.111 0.030
6061.48698 18.276 0.044
6062.47843 18.268 0.035
6064.48024 18.234 0.034
6070.48161 18.199 0.039
6079.46362 18.066 0.040
6123.92752 18.308 0.025
6137.92547 18.198 0.026
6164.91279 18.196 0.026
6165.92590 18.272 0.030
6171.89110 18.259 0.025
6174.91747 18.213 0.044
6179.91711 18.129 0.053
6180.86967 18.163 0.037
6181.88386 18.153 0.025
6182.88841 18.283 0.023
6183.89010 18.174 0.019
6185.86638 18.168 0.023
6186.86788 18.231 0.024
6191.89349 18.209 0.019
6193.90150 18.224 0.026
6196.88318 18.229 0.024
6199.83219 18.228 0.038
6202.83963 18.231 0.035
6204.87478 18.226 0.023
6207.88762 18.296 0.037
6210.88632 18.144 0.033
6212.83915 18.258 0.028
6216.83695 18.156 0.020
6219.82192 18.308 0.035
6221.83524 18.252 0.033
6222.83616 18.150 0.027
6223.79326 18.285 0.025
6224.85882 18.226 0.021
6225.74083 18.227 0.033
6226.75322 18.193 0.028
6229.79578 18.231 0.031
6230.73964 18.166 0.035
6231.76446 18.274 0.030
6232.83047 18.266 0.025
6233.83965 18.115 0.020
6234.84084 18.277 0.024
6235.78822 18.211 0.024
6236.80583 18.244 0.023
6238.83956 18.257 0.023
6239.81362 18.153 0.024
6240.85686 18.253 0.032
6241.81050 18.155 0.025
6242.85343 18.201 0.021
6243.82223 18.131 0.023
6244.76257 18.238 0.025
6245.77910 18.227 0.023
6248.79582 18.249 0.023
6251.78643 18.208 0.017
6254.79636 18.170 0.017
6257.82530 18.211 0.028
6262.74850 18.195 0.021
6265.82134 18.270 0.021
6270.83652 18.309 0.031
6270.84245 18.235 0.026
6274.82819 18.345 0.023
6278.77564 18.161 0.019
6282.79812 18.311 0.023
6286.73137 18.247 0.023
6289.80069 18.138 0.024
6294.82262 18.164 0.023
6299.77918 18.229 0.025
6306.71933 18.245 0.023
6312.71038 18.158 0.017
6317.70562 18.240 0.024
6323.67853 18.292 0.027
6329.63735 18.264 0.037
6333.62844 18.321 0.027
6340.64036 18.245 0.019
6343.58413 18.315 0.024
6347.61045 18.207 0.025
6353.62721 18.165 0.023
6354.59161 18.267 0.021
6355.58068 18.192 0.018
6356.62781 18.310 0.023
6356.66531 18.274 0.020
6357.64315 18.179 0.021
6358.54062 18.276 0.025
6360.59220 18.236 0.020
6361.60251 18.127 0.018
6362.57596 18.315 0.021
6363.54531 18.242 0.026
6363.58006 18.150 0.020
6371.56810 18.226 0.023
6378.55115 18.176 0.025
6387.54338 18.341 0.026
6396.54905 18.194 0.023
6404.53421 18.275 0.031
6416.51022 18.314 0.028
6509.92880 18.197 0.018
6520.90200 18.272 0.023
6531.91317 18.179 0.020
6547.87983 18.244 0.023
6561.84670 18.216 0.023
6571.85347 18.181 0.018
6577.89410 18.228 0.050
6578.87312 18.303 0.025
6583.80024 18.114 0.024
6608.84055 18.199 0.016
6612.77682 18.201 0.021
6616.73868 18.117 0.020
6622.79264 18.276 0.023
6628.82031 18.285 0.020
6638.74610 18.292 0.019
6645.74365 18.205 0.024
6649.75060 18.291 0.020
6654.77073 18.182 0.016
6658.79386 18.168 0.015
6662.77915 18.204 0.023
6667.84245 18.099 0.027
6672.78411 18.272 0.036
6680.77839 18.216 0.023
6690.67106 18.310 0.021
6697.71966 18.296 0.021
6705.68499 18.228 0.032
6712.65223 18.123 0.020
6722.61304 18.179 0.021
6736.62425 18.220 0.034
6871.93340 18.257 0.032
6887.93174 18.298 0.041
6896.90205 18.178 0.025
6907.88482 18.178 0.024
6926.81395 18.282 0.021
6932.82261 18.176 0.021
6938.80800 18.216 0.032
6942.80555 18.235 0.023
6950.85636 18.203 0.019
6956.85920 18.278 0.025
6961.85381 18.163 0.024
6967.72526 18.220 0.039
6973.73073 18.176 0.023
6980.76770 18.256 0.021
6987.79870 18.328 0.027
6992.77084 18.131 0.020
6997.77665 18.261 0.029
7000.71052 18.160 0.021
7001.66558 18.254 0.029
7002.69934 18.230 0.024
7003.80595 18.179 0.020
7004.74983 18.213 0.024
7005.69798 18.319 0.026
7006.72760 18.156 0.025
7007.77563 18.203 0.023
7008.72662 18.177 0.019
7009.74027 18.246 0.019
7010.68158 18.174 0.020
7013.68520 18.205 0.023
7016.78881 18.269 0.023
7020.79339 18.239 0.024
7024.76875 18.225 0.026
7028.72190 18.283 0.028
7032.77624 18.102 0.020
7037.75165 18.269 0.021
7042.74924 18.206 0.018
7047.71241 18.263 0.025
7051.74101 18.140 0.019
7056.68140 18.209 0.027
7062.67313 18.195 0.026
7069.66976 18.188 0.024
7080.59672 18.267 0.025
7083.62348 18.200 0.025
7085.59517 18.126 0.023
7086.59076 18.390 0.036
7086.63248 18.236 0.028
7087.58565 18.173 0.028
7088.59706 18.273 0.023
7089.57761 18.171 0.023
7090.58179 18.295 0.029
7091.56966 18.169 0.020
7091.61244 18.248 0.023
7092.63366 18.185 0.025
7093.58774 18.170 0.020
7097.56217 18.247 0.034
7103.58342 18.264 0.019
7112.59070 18.124 0.031
7115.58728 18.191 0.031
7119.54531 18.254 0.030
7126.53635 18.245 0.023
7131.54085 18.140 0.026
7134.51115 18.228 0.030
7137.54105 18.150 0.025
7143.50569 18.165 0.040
7277.91252 18.352 0.053
7292.84527 18.269 0.032
7294.80897 18.202 0.030
7297.80771 18.245 0.029
7304.88661 18.260 0.029
7312.80401 18.242 0.025
7322.75835 18.229 0.032
7327.86556 18.227 0.035
7339.76949 18.265 0.019
7345.72806 18.240 0.026
7354.80492 18.261 0.027
7361.82776 18.268 0.026
7366.70033 18.271 0.024
7373.85371 18.221 0.027
7377.82560 18.253 0.024
7382.72385 18.136 0.026
7385.73731 18.265 0.025
7390.75916 18.211 0.020
7399.76376 18.154 0.029
7403.77913 18.185 0.019
7408.72646 18.358 0.029
7410.72786 18.329 0.033
7413.69057 18.155 0.032
7416.69750 18.289 0.024
7424.63989 18.264 0.023
7427.67348 18.237 0.023
7431.66726 18.260 0.021
7435.65969 18.271 0.023
7439.66653 18.340 0.034
7443.63708 18.289 0.025
7449.64279 18.243 0.026
7453.61817 18.185 0.017
7462.63192 18.331 0.021
7466.57937 18.323 0.034
7472.58617 18.306 0.030
7476.54188 18.287 0.024
7488.49564 18.268 0.025
7499.51876 18.269 0.031
7508.46430 18.129 0.028
