5261.66571 16.173 0.008
5262.65974 16.266 0.009
5264.62882 16.295 0.009
5265.62831 16.228 0.009
5266.62224 16.203 0.008
5267.63401 16.196 0.009
5268.61637 16.107 0.008
5269.58574 16.059 0.008
5270.58797 16.094 0.008
5271.59526 16.176 0.008
5273.58355 16.294 0.008
5274.61479 16.278 0.009
5276.59417 16.214 0.008
5279.58229 16.090 0.009
5281.57245 16.132 0.008
5282.57702 16.229 0.009
5285.56706 16.270 0.010
5287.56385 16.151 0.009
5290.49704 16.069 0.008
5293.49293 16.281 0.009
5295.52174 16.287 0.009
5296.59693 16.249 0.009
5297.54451 16.229 0.008
5299.52709 16.108 0.008
5305.54774 16.304 0.009
5307.48412 16.199 0.009
5308.55415 16.150 0.009
5309.57490 16.181 0.009
5311.54113 16.096 0.009
5313.52368 16.206 0.010
5315.50439 16.276 0.011
5321.49089 16.052 0.009
5322.50098 16.078 0.008
5324.50535 16.251 0.010
5326.51284 16.287 0.009
5327.50286 16.267 0.008
5335.49327 16.269 0.009
5342.49344 16.071 0.011
5432.92194 16.072 0.010
5443.87282 16.111 0.008
5448.90427 16.243 0.008
5451.84738 16.109 0.009
5454.89664 16.135 0.008
5457.79126 16.250 0.008
5461.86909 16.137 0.008
5465.88835 16.178 0.009
5467.87122 16.280 0.008
5468.86020 16.271 0.008
5470.83525 16.179 0.008
5471.88285 16.174 0.008
5473.81773 16.057 0.008
5477.82088 16.277 0.008
5478.84268 16.281 0.008
5481.76655 16.153 0.008
5483.79948 16.070 0.008
5484.81195 16.073 0.008
5486.79367 16.230 0.008
5487.79553 16.280 0.008
5488.86669 16.259 0.008
5490.85860 16.255 0.009
5491.84662 16.209 0.008
5492.78836 16.136 0.008
5493.81062 16.111 0.008
5494.85541 16.078 0.008
5495.81261 16.074 0.008
5496.81042 16.162 0.009
5497.84057 16.223 0.008
5499.74761 16.266 0.008
5502.81775 16.157 0.008
5503.77300 16.110 0.008
5505.74271 16.080 0.008
5506.76020 16.155 0.008
5507.77833 16.233 0.008
5509.68669 16.272 0.008
5510.74260 16.254 0.008
5511.71886 16.207 0.008
5512.76191 16.183 0.008
5513.73221 16.123 0.008
5514.76473 16.096 0.008
5515.68202 16.074 0.008
5516.76758 16.094 0.008
5517.68070 16.244 0.009
5518.77715 16.241 0.010
5519.70357 16.268 0.010
5521.72039 16.233 0.008
5522.74552 16.195 0.008
5523.71021 16.146 0.008
5524.71872 16.098 0.008
5525.75172 16.059 0.007
5526.70383 16.070 0.007
5527.78452 16.099 0.008
5528.72564 16.240 0.008
5529.70592 16.285 0.008
5530.71312 16.284 0.008
5531.79636 16.263 0.008
5532.70452 16.200 0.008
5533.72786 16.176 0.008
5534.75934 16.144 0.008
5535.73621 16.095 0.008
5536.73886 16.064 0.008
5539.74909 16.243 0.008
5540.83328 16.263 0.008
5541.69944 16.273 0.008
5542.75862 16.260 0.008
5543.79285 16.225 0.008
5544.77686 16.177 0.008
5545.76615 16.135 0.008
5546.71587 16.077 0.008
5547.77564 16.062 0.008
5548.74353 16.116 0.008
5549.70342 16.250 0.008
5550.75567 16.266 0.008
5551.71317 16.291 0.008
5553.75916 16.235 0.008
5556.70715 16.086 0.008
5557.68830 16.065 0.008
5558.68920 16.105 0.008
5559.73238 16.159 0.008
5560.67110 16.271 0.008
5561.70487 16.285 0.008
5562.72423 16.279 0.008
5563.65820 16.236 0.008
5565.69009 16.152 0.008
5566.71678 16.128 0.008
5568.73708 16.058 0.008
5569.73165 16.117 0.008
5570.77114 16.158 0.008
5571.70276 16.271 0.008
5572.81976 16.270 0.008
5575.72372 16.182 0.008
5576.69789 16.140 0.008
5577.70016 16.100 0.008
5578.70752 16.072 0.008
5579.75742 16.075 0.008
5580.70144 16.168 0.008
5581.70358 16.251 0.008
5582.71052 16.292 0.008
5583.71895 16.283 0.008
5584.70325 16.258 0.008
5585.70319 16.206 0.008
5586.66695 16.164 0.008
5587.64916 16.116 0.007
5588.75309 16.118 0.008
5589.65908 16.076 0.007
5591.69643 16.194 0.008
5592.67867 16.283 0.008
5593.66163 16.289 0.008
5594.67791 16.276 0.008
5595.65655 16.215 0.008
5596.71963 16.196 0.008
5597.63711 16.124 0.008
5598.70343 16.118 0.008
5599.66708 16.067 0.008
5600.69977 16.073 0.007
5601.67939 16.163 0.008
5602.67814 16.243 0.008
5603.68484 16.283 0.008
5604.68523 16.279 0.008
5605.68774 16.243 0.008
5606.70005 16.208 0.008
5607.71060 16.184 0.008
5608.70368 16.147 0.009
5609.72842 16.099 0.008
5611.65895 16.119 0.008
5612.71149 16.185 0.008
5613.67466 16.275 0.009
5614.66699 16.292 0.008
5615.66038 16.269 0.008
5616.67640 16.225 0.008
5619.65830 16.108 0.007
5622.66019 16.149 0.008
5623.61922 16.269 0.008
5624.56046 16.279 0.008
5625.65193 16.266 0.008
5626.61301 16.252 0.008
5627.57780 16.177 0.008
5629.61798 16.106 0.008
5630.62940 16.072 0.008
5632.57761 16.174 0.008
5633.62651 16.221 0.008
5634.58698 16.274 0.009
5635.59125 16.273 0.008
5638.59587 16.187 0.009
5639.57163 16.119 0.008
5640.54504 16.066 0.008
5641.57428 16.063 0.008
5642.52097 16.164 0.008
5643.51871 16.249 0.008
5644.52147 16.271 0.008
5645.52018 16.270 0.008
5646.53322 16.254 0.008
5647.53516 16.209 0.008
5648.53581 16.176 0.008
5649.55057 16.148 0.008
5650.53103 16.082 0.008
5651.53689 16.059 0.006
5652.53184 16.097 0.008
5653.56193 16.166 0.008
5654.57039 16.234 0.008
5655.56166 16.277 0.008
5656.57047 16.282 0.008
5657.53040 16.244 0.008
5659.52972 16.160 0.008
5660.57512 16.139 0.008
5664.50928 16.242 0.009
5665.52450 16.278 0.009
5666.52131 16.279 0.009
5667.50347 16.264 0.009
5668.50940 16.209 0.009
5669.50298 16.180 0.008
5670.55451 16.158 0.008
5671.50488 16.102 0.010
5672.49973 16.067 0.008
5674.50782 16.190 0.008
5675.50109 16.262 0.008
5676.55687 16.251 0.007
5677.49772 16.263 0.008
5678.53156 16.253 0.008
5679.49919 16.202 0.008
5680.54798 16.192 0.009
5681.51262 16.129 0.008
5682.51181 16.097 0.008
5683.51637 16.075 0.008
5684.52136 16.095 0.008
5685.49283 16.230 0.008
5686.49335 16.276 0.008
5687.49552 16.283 0.009
5691.48702 16.127 0.008
5694.50360 16.081 0.008
5695.48803 16.180 0.008
5696.49641 16.239 0.009
5697.48637 16.285 0.009
5699.49586 16.247 0.011
5700.48744 16.206 0.009
5702.48428 16.125 0.008
5709.47105 16.252 0.008
5785.90983 16.253 0.008
5796.91174 16.256 0.008
5803.89557 16.064 0.008
5805.86000 16.203 0.008
5806.91104 16.233 0.008
5809.87222 16.231 0.007
5810.87537 16.209 0.008
5812.86830 16.106 0.008
5814.91730 16.065 0.009
5815.89669 16.116 0.008
5816.87081 16.215 0.008
5817.87248 16.265 0.008
5818.90049 16.282 0.008
5819.85450 16.249 0.008
5822.84216 16.129 0.008
5824.83899 16.050 0.008
5825.82725 16.110 0.007
5826.87578 16.155 0.008
5827.86975 16.243 0.008
5828.89599 16.266 0.008
5829.86932 16.269 0.008
5830.86091 16.244 0.008
5831.85260 16.209 0.007
5832.84207 16.157 0.007
5833.82634 16.099 0.007
5834.82735 16.066 0.007
5835.88729 16.069 0.007
5836.79376 16.175 0.008
5837.87407 16.194 0.008
5839.85480 16.277 0.008
5840.83832 16.262 0.008
5841.83533 16.224 0.008
5842.85299 16.190 0.008
5843.86845 16.153 0.008
5846.84398 16.086 0.009
5850.80861 16.272 0.008
5851.81681 16.245 0.008
5853.87234 16.186 0.008
5854.77603 16.102 0.007
5855.84536 16.079 0.007
5856.81697 16.081 0.008
5857.81764 16.131 0.008
5858.85119 16.209 0.008
5859.81973 16.257 0.008
5860.80478 16.268 0.008
5861.81379 16.251 0.008
5863.81696 16.189 0.008
5864.72425 16.089 0.007
5865.79427 16.083 0.007
5866.81801 16.058 0.008
5867.75691 16.118 0.008
5868.85876 16.101 0.007
5869.82397 16.238 0.008
5870.76372 16.269 0.008
5871.74987 16.256 0.008
5872.75918 16.220 0.008
5873.75444 16.190 0.008
5874.79142 16.169 0.008
5875.72390 16.097 0.008
5878.82487 16.101 0.008
5879.73219 16.264 0.008
5880.76049 16.265 0.008
5881.74700 16.269 0.008
5882.77783 16.252 0.008
5883.78178 16.227 0.008
5885.71885 16.112 0.008
5886.74915 16.077 0.008
5887.82156 16.067 0.007
5888.81018 16.065 0.008
5889.85242 16.108 0.008
5890.78594 16.235 0.008
5891.74461 16.265 0.008
5892.76238 16.269 0.008
5893.78050 16.239 0.008
5894.80398 16.228 0.008
5895.82106 16.180 0.008
5896.80416 16.134 0.008
5897.75093 16.068 0.007
5898.73314 16.078 0.007
5899.79229 16.107 0.007
5900.74195 16.228 0.008
5901.79123 16.254 0.008
5902.74252 16.289 0.008
5903.79765 16.284 0.008
5904.77232 16.219 0.008
5905.74633 16.173 0.008
5906.75820 16.130 0.008
5907.73629 16.073 0.008
5908.76166 16.060 0.007
5909.80614 16.059 0.008
5910.71896 16.196 0.008
5911.75083 16.248 0.008
5912.77127 16.263 0.008
5913.74320 16.267 0.008
5914.76588 16.247 0.007
5915.72293 16.200 0.007
5916.77922 16.175 0.007
5917.74044 16.108 0.007
5922.75750 16.261 0.007
5923.73369 16.264 0.007
5924.71502 16.255 0.008
5925.72905 16.225 0.008
5926.74085 16.187 0.008
5927.73982 16.138 0.007
5929.71404 16.047 0.008
5930.85921 16.062 0.007
5931.68106 16.203 0.008
5932.67932 16.269 0.008
5933.72822 16.262 0.008
5934.72430 16.263 0.008
5936.66984 16.166 0.008
5937.69914 16.173 0.008
5938.70046 16.105 0.007
5939.74403 16.070 0.008
5940.77961 16.064 0.007
5941.78028 16.086 0.008
5942.80492 16.149 0.008
5943.76179 16.256 0.008
5944.75467 16.276 0.007
5945.73538 16.267 0.007
5946.67522 16.217 0.008
5946.79120 16.249 0.008
5947.74222 16.203 0.008
5948.73059 16.140 0.007
5949.74676 16.112 0.008
5950.66774 16.064 0.007
5951.69315 16.087 0.007
5952.71773 16.155 0.008
5953.71565 16.232 0.008
5954.71323 16.267 0.007
5955.73585 16.286 0.008
5956.73585 16.261 0.008
5958.75307 16.195 0.008
5959.72507 16.130 0.007
5960.72707 16.090 0.007
5961.65883 16.063 0.007
5962.65973 16.157 0.008
5963.62649 16.254 0.008
5964.63843 16.286 0.008
5965.63731 16.264 0.008
5967.65948 16.239 0.008
5968.65961 16.174 0.008
5969.63560 16.129 0.008
5970.61310 16.073 0.007
5971.70597 16.075 0.007
5972.69231 16.080 0.007
5973.67542 16.163 0.007
5974.63045 16.280 0.008
5976.66460 16.274 0.008
5977.69817 16.251 0.008
5978.67463 16.204 0.008
5979.62472 16.147 0.008
5980.65492 16.118 0.008
5981.66385 16.079 0.008
5982.66983 16.073 0.008
5983.71291 16.083 0.007
5984.65192 16.218 0.007
5985.68384 16.255 0.008
5986.61356 16.273 0.008
5987.68939 16.288 0.008
5988.65548 16.236 0.008
5989.61944 16.168 0.008
5990.61586 16.142 0.008
5991.68798 16.112 0.008
5992.64821 16.069 0.008
5993.60507 16.117 0.008
5994.60454 16.206 0.008
5995.65143 16.238 0.008
5996.62155 16.291 0.009
5997.62371 16.259 0.008
5998.62205 16.242 0.008
5998.68336 16.266 0.008
5999.66605 16.220 0.008
6000.63812 16.163 0.007
6002.60178 16.075 0.007
6003.56805 16.105 0.008
6004.62838 16.131 0.008
6005.61142 16.239 0.008
6006.59536 16.265 0.008
6007.59366 16.279 0.008
6008.64805 16.253 0.008
6009.56921 16.203 0.008
6010.62480 16.187 0.008
6011.58360 16.124 0.008
6012.61929 16.089 0.007
6013.56436 16.062 0.007
6014.58331 16.124 0.007
6015.57967 16.221 0.007
6016.62008 16.243 0.008
6017.58305 16.276 0.008
6018.53818 16.248 0.008
6019.58690 16.248 0.008
6020.60841 16.199 0.008
6021.59619 16.174 0.008
6022.60809 16.133 0.008
6023.58168 16.069 0.008
6024.60453 16.068 0.008
6025.60455 16.153 0.009
6026.55083 16.243 0.008
6028.58756 16.272 0.008
6032.52541 16.105 0.008
6033.51298 16.070 0.008
6034.51851 16.069 0.008
6035.54395 16.114 0.008
6036.52083 16.227 0.008
6037.52045 16.275 0.009
6038.51217 16.289 0.009
6039.51887 16.278 0.008
6040.52114 16.225 0.008
6042.51879 16.134 0.009
6047.49571 16.257 0.008
6048.49447 16.291 0.008
6050.49331 16.238 0.008
6052.50900 16.154 0.008
6053.50605 16.089 0.008
6055.51462 16.067 0.008
6056.50158 16.135 0.008
6057.51386 16.206 0.008
6058.50517 16.266 0.008
6059.49881 16.269 0.008
6060.50207 16.269 0.008
6061.49523 16.222 0.008
6062.48669 16.173 0.008
6064.48848 16.080 0.008
6070.48985 16.279 0.009
6079.47184 16.267 0.009
6123.93569 16.067 0.008
6137.93361 16.265 0.008
6164.92179 16.078 0.008
6166.90489 16.119 0.007
6171.89929 16.224 0.008
6180.87793 16.261 0.008
6181.89207 16.238 0.007
6182.89665 16.215 0.007
6183.89836 16.174 0.007
6185.87464 16.063 0.007
6186.87612 16.054 0.007
6191.90180 16.253 0.008
6196.89143 16.055 0.007
6199.84048 16.251 0.009
6202.84795 16.256 0.008
6204.88313 16.180 0.007
6212.84748 16.266 0.008
6216.84530 16.093 0.007
6219.83031 16.179 0.008
6221.84359 16.272 0.008
6222.84454 16.275 0.008
6223.80165 16.231 0.008
6224.86725 16.216 0.007
6225.74923 16.142 0.008
6226.76164 16.091 0.008
6229.80417 16.149 0.008
6230.74803 16.261 0.009
6231.77285 16.285 0.008
6232.83892 16.267 0.008
6233.84806 16.261 0.008
6234.84925 16.231 0.007
6235.79665 16.164 0.007
6236.81426 16.140 0.007
6238.84800 16.072 0.007
6239.82205 16.084 0.007
6240.86531 16.125 0.008
6241.81895 16.239 0.008
6242.86191 16.265 0.008
6243.83069 16.262 0.007
6244.77103 16.227 0.007
6245.78759 16.209 0.007
6248.80430 16.060 0.007
6251.79494 16.218 0.006
6254.80484 16.247 0.007
6257.83385 16.154 0.008
6262.75704 16.256 0.007
6265.82987 16.266 0.007
6270.85441 16.063 0.008
6274.83671 16.270 0.007
6278.78442 16.162 0.007
6282.80662 16.125 0.007
6286.73994 16.238 0.007
6289.80923 16.129 0.007
6294.83121 16.227 0.007
6299.78773 16.164 0.007
6306.72789 16.277 0.007
6312.71934 16.063 0.006
6317.71422 16.246 0.007
6323.68708 16.095 0.007
6329.64591 16.196 0.008
6333.63750 16.090 0.007
6340.64889 16.182 0.006
6343.59265 16.068 0.006
6347.61898 16.257 0.008
6356.63631 16.234 0.007
6363.55379 16.057 0.007
6371.57671 16.177 0.007
6378.55760 16.265 0.007
6387.55193 16.235 0.007
6396.55743 16.093 0.006
6404.54260 16.123 0.007
6416.51851 16.053 0.007
6509.93701 16.274 0.007
6520.91023 16.278 0.007
6531.92141 16.287 0.008
6547.88809 16.066 0.006
6561.85555 16.285 0.008
6571.86182 16.252 0.007
6578.88179 16.096 0.007
6583.80860 16.292 0.008
6608.84909 16.163 0.006
6612.78534 16.193 0.007
6616.74722 16.223 0.007
6622.80118 16.130 0.007
6628.82958 16.199 0.006
6638.75468 16.193 0.006
6645.75225 16.277 0.007
6649.75921 16.182 0.006
6654.77934 16.155 0.006
6658.80466 16.273 0.006
6662.80870 16.106 0.006
6667.84476 16.279 0.008
6673.77601 16.073 0.008
6680.78699 16.226 0.007
6690.67966 16.217 0.006
6697.72614 16.240 0.007
6705.69356 16.084 0.008
6712.66078 16.198 0.007
6722.62158 16.182 0.007
6736.63273 16.081 0.008
6738.56123 16.251 0.007
6742.56834 16.213 0.007
6742.57044 16.219 0.007
6744.57419 16.149 0.007
6744.57625 16.147 0.007
6745.54153 16.084 0.007
6745.54362 16.088 0.008
6746.54463 16.061 0.007
6746.54671 16.072 0.008
6747.52500 16.126 0.008
6749.52378 16.281 0.007
6751.49005 16.245 0.007
6752.55769 16.234 0.007
6753.50222 16.193 0.007
6754.48902 16.132 0.007
6756.49161 16.045 0.006
6757.48437 16.105 0.007
6759.47202 16.274 0.009
6761.48132 16.259 0.008
6763.47259 16.174 0.008
6765.47334 16.117 0.008
6770.47623 16.272 0.006
6871.94158 16.275 0.011
6888.91011 16.068 0.007
6896.91025 16.154 0.007
6907.89308 16.122 0.007
6926.82225 16.181 0.007
6932.83094 16.237 0.008
6938.81638 16.129 0.008
6942.81394 16.201 0.008
6950.86476 16.076 0.007
6956.86763 16.277 0.008
6961.86226 16.070 0.007
6967.73374 16.206 0.009
6973.73918 16.195 0.007
6980.77621 16.127 0.007
6987.80722 16.270 0.008
6992.77940 16.081 0.007
6997.78519 16.281 0.008
7002.72698 16.066 0.007
7007.73826 16.282 0.008
7013.69377 16.061 0.007
7016.79740 16.180 0.007
7020.80197 16.235 0.008
7024.77734 16.069 0.008
7028.72838 16.264 0.008
7032.78274 16.188 0.007
7037.76026 16.198 0.007
7042.75786 16.190 0.007
7047.72100 16.165 0.007
7051.74963 16.255 0.007
7056.69000 16.069 0.008
7062.68169 16.212 0.008
7080.60525 16.286 0.008
7083.63198 16.217 0.008
7086.64103 16.081 0.008
7091.62094 16.296 0.008
7103.59185 16.244 0.007
7112.59915 16.287 0.008
7115.59569 16.183 0.008
7119.55373 16.097 0.008
7126.54473 16.157 0.007
7131.54921 16.217 0.008
7134.51953 16.243 0.008
7137.54938 16.154 0.007
7143.51399 16.283 0.009
7278.86561 16.160 0.007
7292.85625 16.089 0.008
7294.81728 16.280 0.008
7297.81599 16.240 0.008
7306.87415 16.277 0.007
7312.81239 16.056 0.007
7322.76740 16.069 0.008
7327.87396 16.258 0.009
7339.77797 16.241 0.007
7345.73657 16.190 0.008
7354.81343 16.066 0.007
7361.83630 16.233 0.007
7366.70890 16.183 0.007
7373.86243 16.175 0.008
7377.83418 16.119 0.007
7382.73240 16.205 0.008
7385.74589 16.075 0.007
7390.76772 16.282 0.007
7399.77233 16.238 0.008
7403.78771 16.243 0.007
7408.73503 16.097 0.007
7410.73641 16.278 0.008
7413.69914 16.224 0.008
7416.70607 16.105 0.007
7424.64844 16.202 0.007
7427.68211 16.071 0.007
7431.67405 16.256 0.007
7435.66824 16.192 0.007
7439.67511 16.088 0.007
7443.64569 16.275 0.007
7449.65132 16.073 0.007
7453.62667 16.266 0.007
7462.64043 16.250 0.007
7466.58781 16.193 0.008
7472.59459 16.241 0.008
7476.55033 16.210 0.007
7488.50401 16.122 0.007
7499.52712 16.109 0.007
7508.47258 16.161 0.007
