5260.62491 16.038 0.006
5261.53973 16.024 0.006
5262.60647 16.082 0.006
5264.57016 16.029 0.006
5265.50395 16.042 0.007
5266.56887 16.098 0.007
5267.55022 16.052 0.007
5268.62477 16.039 0.007
5269.53415 16.066 0.007
5271.54295 16.027 0.006
5272.56012 16.069 0.007
5273.53208 16.078 0.007
5274.56324 16.050 0.006
5276.54229 16.080 0.006
5279.53045 16.068 0.007
5281.50586 16.049 0.007
5282.52458 16.027 0.006
5283.54067 16.068 0.008
5284.54401 16.070 0.007
5285.54561 16.034 0.007
5287.53885 16.103 0.007
5289.51512 16.034 0.007
5292.55580 16.039 0.007
5294.53859 16.088 0.007
5297.50678 16.073 0.007
5299.50424 16.035 0.007
5310.48457 16.052 0.007
5327.46258 16.040 0.007
5338.46375 16.074 0.008
5342.47160 16.059 0.008
5343.48117 16.086 0.008
5429.93287 16.046 0.007
5430.88467 16.070 0.007
5439.89410 16.055 0.006
5444.87622 16.082 0.006
5449.88091 16.076 0.006
5451.88996 16.079 0.007
5454.87567 16.069 0.006
5456.90135 16.064 0.006
5457.88371 16.037 0.006
5461.89599 16.060 0.006
5463.86103 16.078 0.006
5467.83499 16.060 0.006
5468.80899 16.058 0.006
5470.78142 16.087 0.006
5471.83168 16.043 0.006
5476.78736 16.090 0.006
5478.77611 16.051 0.006
5480.78979 16.099 0.006
5482.76602 16.054 0.006
5483.76399 16.101 0.007
5484.87347 16.070 0.006
5486.77249 16.074 0.006
5487.85147 16.084 0.006
5488.84537 16.053 0.006
5490.71162 16.085 0.006
5491.73193 16.093 0.006
5492.76544 16.044 0.006
5493.78777 16.090 0.006
5494.83250 16.090 0.006
5495.78964 16.052 0.006
5496.78744 16.069 0.007
5497.81763 16.096 0.006
5499.72462 16.053 0.006
5502.79478 16.051 0.006
5503.75002 16.057 0.006
5505.71969 16.078 0.006
5506.73715 16.050 0.006
5507.75528 16.089 0.006
5509.66370 16.066 0.006
5510.71961 16.052 0.006
5511.69578 16.099 0.006
5512.73885 16.075 0.006
5513.70912 16.045 0.006
5514.74166 16.085 0.006
5515.65893 16.100 0.007
5516.74449 16.048 0.006
5517.65759 16.049 0.006
5517.85853 16.089 0.006
5518.75399 16.095 0.007
5519.67752 16.091 0.008
5521.69727 16.064 0.007
5522.72241 16.098 0.007
5523.68710 16.052 0.006
5524.69555 16.058 0.006
5525.72862 16.087 0.006
5526.68067 16.077 0.006
5527.76141 16.056 0.006
5528.70243 16.074 0.006
5529.68276 16.100 0.006
5530.68997 16.054 0.006
5531.77315 16.074 0.006
5532.68126 16.089 0.006
5533.70460 16.082 0.006
5534.73617 16.053 0.006
5535.71295 16.094 0.006
5536.71561 16.092 0.006
5539.72586 16.091 0.006
5540.80998 16.042 0.006
5541.67618 16.040 0.006
5542.73457 16.094 0.006
5543.76609 16.064 0.007
5544.75361 16.043 0.006
5545.74288 16.072 0.006
5546.69255 16.107 0.006
5547.75233 16.054 0.006
5548.71230 16.050 0.006
5549.67684 16.088 0.006
5550.73226 16.093 0.006
5551.68278 16.050 0.006
5553.73582 16.094 0.006
5554.66915 16.060 0.006
5556.68377 16.092 0.006
5557.66492 16.095 0.006
5558.66583 16.042 0.006
5559.65601 16.071 0.007
5560.64769 16.096 0.006
5561.68126 16.060 0.006
5562.70082 16.049 0.006
5563.63480 16.079 0.006
5565.66608 16.045 0.006
5566.69337 16.071 0.006
5568.71367 16.057 0.006
5569.70822 16.048 0.006
5570.74695 16.105 0.006
5571.67880 16.087 0.006
5572.79522 16.047 0.006
5575.70028 16.050 0.006
5576.67448 16.046 0.006
5577.67605 16.093 0.006
5578.68281 16.074 0.006
5579.73317 16.053 0.007
5580.67685 16.068 0.006
5581.67931 16.116 0.006
5582.68711 16.046 0.006
5583.69389 16.063 0.006
5584.67991 16.094 0.006
5585.67977 16.076 0.006
5586.64352 16.044 0.006
5587.62564 16.074 0.006
5588.72960 16.099 0.006
5589.63566 16.058 0.006
5591.67301 16.095 0.006
5592.65525 16.075 0.006
5593.63821 16.062 0.006
5594.65440 16.091 0.006
5595.63304 16.097 0.006
5596.69624 16.058 0.006
5597.61367 16.052 0.006
5598.67781 16.112 0.006
5599.64362 16.072 0.006
5600.67636 16.043 0.006
5601.65597 16.089 0.006
5602.65469 16.098 0.006
5603.66345 16.056 0.006
5604.66059 16.065 0.006
5605.66569 16.095 0.006
5606.67704 16.075 0.006
5607.68847 16.045 0.007
5608.67534 16.101 0.007
5609.70705 16.088 0.007
5611.63762 16.062 0.007
5612.69014 16.102 0.007
5613.65164 16.062 0.007
5614.64527 16.053 0.006
5615.63907 16.095 0.006
5616.64781 16.086 0.006
5619.63830 16.107 0.006
5620.62366 16.077 0.007
5622.63295 16.093 0.006
5623.59586 16.089 0.006
5624.53695 16.068 0.006
5625.62860 16.069 0.006
5626.58970 16.094 0.006
5627.55442 16.082 0.006
5629.59466 16.086 0.006
5630.60609 16.093 0.006
5632.55419 16.062 0.006
5633.60320 16.103 0.006
5634.56361 16.078 0.006
5635.56792 16.058 0.006
5638.57253 16.067 0.007
5639.58277 16.072 0.007
5640.52177 16.097 0.007
5641.54943 16.083 0.006
5642.49769 16.045 0.006
5643.49546 16.082 0.006
5644.49821 16.095 0.006
5645.49692 16.069 0.007
5646.50995 16.064 0.006
5647.51189 16.096 0.006
5648.51178 16.078 0.006
5649.52733 16.043 0.006
5650.50776 16.071 0.006
5651.51370 16.102 0.006
5652.50863 16.051 0.006
5653.53872 16.069 0.006
5654.54726 16.105 0.006
5655.53842 16.073 0.006
5656.54731 16.045 0.006
5657.50726 16.088 0.006
5659.50654 16.063 0.006
5660.55195 16.067 0.006
5664.48614 16.087 0.007
5665.50138 16.088 0.007
5666.49818 16.046 0.007
5667.48037 16.068 0.007
5668.48590 16.094 0.007
5669.47991 16.075 0.006
5670.53141 16.064 0.007
5671.48176 16.106 0.008
5672.47624 16.096 0.007
5674.48474 16.061 0.006
5675.47761 16.094 0.007
5676.53252 16.046 0.005
5677.47433 16.048 0.006
5678.50854 16.090 0.006
5679.47620 16.095 0.006
5680.52427 16.035 0.006
5681.48730 16.072 0.007
5682.48839 16.107 0.007
5683.49291 16.056 0.007
5684.49699 16.058 0.006
5685.46954 16.084 0.007
5686.47043 16.099 0.006
5687.47117 16.044 0.007
5691.46412 16.045 0.007
5692.51198 16.121 0.008
5694.47720 16.041 0.007
5695.46467 16.069 0.006
5696.47357 16.112 0.008
5697.46347 16.061 0.007
5699.47301 16.093 0.008
5700.46460 16.090 0.007
5702.46149 16.077 0.007
5706.46037 16.095 0.007
5783.93814 16.075 0.006
5795.92766 16.090 0.006
5803.87297 16.052 0.006
5805.83745 16.096 0.006
5806.88844 16.060 0.006
5809.84970 16.087 0.005
5810.85281 16.047 0.006
5812.84560 16.092 0.006
5814.86242 16.039 0.006
5815.87406 16.098 0.006
5816.84818 16.094 0.007
5817.84879 16.055 0.006
5818.87790 16.063 0.006
5819.83185 16.107 0.006
5820.89930 16.050 0.006
5822.81951 16.086 0.006
5823.89439 16.072 0.006
5824.81635 16.048 0.006
5825.80461 16.074 0.006
5826.85307 16.104 0.006
5827.84706 16.052 0.005
5828.87328 16.061 0.005
5829.84667 16.096 0.005
5830.83822 16.086 0.006
5831.82988 16.045 0.005
5832.81933 16.065 0.005
5833.80366 16.100 0.006
5834.80459 16.063 0.005
5835.86450 16.061 0.006
5836.76848 16.075 0.005
5837.84985 16.075 0.006
5839.83198 16.070 0.006
5840.81496 16.098 0.006
5841.81196 16.055 0.006
5842.83014 16.065 0.007
5843.84562 16.103 0.006
5845.85988 16.053 0.007
5846.82110 16.077 0.007
5850.78492 16.088 0.006
5851.79400 16.089 0.006
5852.77772 16.040 0.007
5853.84746 16.095 0.007
5854.75277 16.097 0.006
5855.82249 16.049 0.005
5856.79406 16.053 0.007
5857.77839 16.088 0.006
5858.82827 16.063 0.007
5859.79680 16.043 0.006
5860.78185 16.071 0.006
5861.79085 16.092 0.006
5863.79278 16.048 0.006
5864.70136 16.090 0.005
5865.77092 16.083 0.006
5866.79505 16.040 0.006
5867.73395 16.074 0.006
5868.83543 16.072 0.005
5869.80093 16.050 0.005
5870.74072 16.058 0.006
5871.72681 16.101 0.006
5872.73616 16.089 0.006
5873.73138 16.041 0.006
5874.76495 16.076 0.006
5875.70089 16.095 0.006
5878.73832 16.109 0.007
5879.68591 16.099 0.007
5880.73736 16.052 0.006
5880.78837 16.046 0.006
5881.72396 16.078 0.006
5882.75472 16.100 0.006
5883.75869 16.056 0.006
5885.68996 16.101 0.007
5886.72604 16.086 0.007
5887.79840 16.058 0.005
5888.78706 16.090 0.006
5889.82926 16.089 0.006
5890.76280 16.052 0.006
5891.72144 16.053 0.006
5892.73920 16.103 0.006
5893.75732 16.075 0.006
5894.78074 16.045 0.006
5895.79786 16.094 0.006
5896.78090 16.089 0.006
5897.72773 16.057 0.006
5898.70991 16.053 0.006
5899.76908 16.097 0.006
5900.71871 16.073 0.006
5901.76801 16.057 0.006
5902.71925 16.088 0.007
5903.77443 16.076 0.006
5904.74903 16.043 0.006
5905.72309 16.069 0.006
5906.73498 16.104 0.006
5907.71134 16.075 0.006
5908.73829 16.050 0.006
5909.78288 16.108 0.006
5910.69564 16.099 0.006
5911.72749 16.048 0.006
5912.74797 16.075 0.006
5913.71990 16.108 0.006
5914.74255 16.060 0.005
5915.69956 16.047 0.005
5916.75344 16.102 0.005
5917.71708 16.094 0.006
5922.73411 16.050 0.005
5923.71034 16.092 0.005
5924.69164 16.085 0.006
5926.71748 16.068 0.006
5927.71648 16.101 0.006
5929.69065 16.047 0.006
5930.83580 16.092 0.005
5931.65622 16.093 0.006
5932.65364 16.057 0.006
5933.70483 16.074 0.006
5934.70088 16.097 0.006
5935.65189 16.089 0.007
5936.64597 16.042 0.006
5937.67574 16.097 0.006
5938.67648 16.098 0.006
5939.72028 16.045 0.006
5940.75620 16.095 0.006
5941.75615 16.097 0.006
5942.78050 16.041 0.006
5943.73800 16.071 0.006
5944.73123 16.105 0.005
5945.71154 16.088 0.005
5946.65138 16.044 0.005
5946.76774 16.048 0.006
5947.71832 16.088 0.006
5948.70714 16.097 0.006
5949.72333 16.044 0.006
5950.64432 16.046 0.006
5951.66966 16.086 0.006
5952.69429 16.083 0.005
5953.69222 16.047 0.006
5954.68977 16.092 0.005
5955.71237 16.095 0.006
5956.71244 16.049 0.005
5958.72961 16.105 0.006
5959.70160 16.079 0.006
5960.70365 16.057 0.006
5961.63538 16.066 0.005
5962.63629 16.123 0.007
5963.60300 16.087 0.007
5964.61499 16.039 0.006
5965.61392 16.095 0.006
5967.63604 16.048 0.006
5968.63613 16.080 0.006
5969.61216 16.109 0.006
5970.58966 16.063 0.005
5971.68255 16.079 0.005
5972.66895 16.108 0.005
5973.65198 16.078 0.005
5974.60704 16.041 0.006
5976.64120 16.104 0.006
5977.67474 16.050 0.006
5978.65061 16.053 0.005
5979.60137 16.084 0.006
5980.61702 16.088 0.006
5981.64049 16.051 0.006
5982.64636 16.102 0.006
5983.68905 16.088 0.005
5984.62807 16.053 0.005
5985.66041 16.076 0.006
5986.59017 16.089 0.006
5987.66564 16.076 0.006
5988.63212 16.055 0.006
5989.59608 16.077 0.006
5990.58957 16.105 0.007
5991.66461 16.043 0.006
5992.62484 16.062 0.006
5993.58174 16.101 0.006
5994.58041 16.083 0.006
5995.62811 16.051 0.006
5996.59819 16.099 0.007
5997.60036 16.081 0.006
5998.59871 16.051 0.006
5998.65912 16.050 0.006
5999.63742 16.068 0.006
6000.61481 16.099 0.006
6002.57853 16.042 0.006
6003.54463 16.074 0.006
6004.58342 16.101 0.006
6005.57089 16.065 0.006
6006.57205 16.064 0.006
6007.57038 16.099 0.006
6008.57822 16.075 0.005
6009.54601 16.054 0.006
6010.59804 16.079 0.006
6011.56033 16.092 0.006
6012.55942 16.070 0.006
6013.54114 16.059 0.006
6014.56012 16.095 0.006
6015.55549 16.085 0.006
6016.59611 16.060 0.005
6017.55928 16.085 0.006
6018.51465 16.100 0.006
6019.56127 16.057 0.006
6020.58489 16.067 0.006
6021.57297 16.115 0.006
6022.58397 16.066 0.006
6023.55852 16.049 0.006
6024.58135 16.092 0.007
6025.58138 16.081 0.007
6026.52766 16.067 0.006
6028.56440 16.111 0.007
6032.50230 16.099 0.007
6033.48986 16.066 0.007
6034.49547 16.065 0.006
6035.52086 16.098 0.006
6036.49769 16.083 0.006
6037.49738 16.053 0.007
6038.48912 16.066 0.007
6039.49578 16.095 0.007
6040.49807 16.046 0.006
6042.49571 16.103 0.007
6047.47276 16.053 0.007
6048.47149 16.066 0.006
6049.49478 16.103 0.006
6050.47038 16.088 0.007
6052.48603 16.090 0.006
6053.48267 16.092 0.006
6055.49170 16.068 0.006
6056.47869 16.101 0.006
6057.47457 16.076 0.006
6058.47506 16.051 0.006
6059.47588 16.091 0.006
6060.47866 16.085 0.006
6061.46977 16.055 0.007
6062.46382 16.059 0.007
6123.91316 16.095 0.006
6137.91108 16.085 0.006
6149.93468 16.036 0.007
6165.91095 16.109 0.006
6171.87675 16.067 0.006
6174.90260 16.070 0.007
6179.90273 16.101 0.006
6180.85528 16.078 0.006
6181.86950 16.044 0.005
6182.87405 16.089 0.005
6183.87574 16.096 0.005
6184.90229 16.049 0.005
6185.85200 16.064 0.005
6186.85350 16.106 0.006
6191.87906 16.041 0.005
6193.86635 16.106 0.005
6194.88332 16.057 0.005
6196.87085 16.091 0.005
6199.81983 16.054 0.006
6202.82730 16.041 0.006
6204.86239 16.077 0.005
6207.87316 16.101 0.006
6208.78735 16.085 0.006
6210.87186 16.096 0.006
6212.82463 16.059 0.006
6214.87582 16.101 0.007
6216.82249 16.057 0.005
6219.80747 16.040 0.006
6221.82076 16.104 0.006
6222.82166 16.057 0.006
6223.77872 16.051 0.006
6224.84332 16.089 0.005
6225.72632 16.102 0.006
6226.73869 16.047 0.006
6229.78328 16.063 0.006
6230.72508 16.050 0.007
6231.74991 16.102 0.006
6232.81587 16.085 0.006
6233.82241 16.052 0.005
6234.82625 16.089 0.005
6235.77365 16.110 0.005
6236.79123 16.070 0.005
6237.86724 16.061 0.006
6238.82496 16.101 0.006
6239.79897 16.089 0.005
6240.84224 16.037 0.006
6241.79590 16.088 0.006
6242.83884 16.092 0.005
6243.80720 16.050 0.005
6244.74065 16.054 0.005
6245.76450 16.084 0.005
6248.78120 16.086 0.005
6251.77181 16.061 0.005
6254.78168 16.050 0.005
6257.80951 16.055 0.006
6262.73382 16.075 0.006
6265.80539 16.070 0.005
6270.82177 16.097 0.005
6274.81338 16.070 0.005
6278.76046 16.057 0.006
6286.71656 16.059 0.006
6289.78588 16.053 0.006
6294.80593 16.104 0.006
6299.76433 16.053 0.006
6306.70654 16.049 0.005
6312.67886 16.082 0.005
6317.68999 16.045 0.006
6323.66324 16.063 0.005
6329.62245 16.093 0.007
6333.61283 16.096 0.006
6340.62546 16.096 0.005
6343.56926 16.115 0.006
6347.59555 16.090 0.006
6348.59256 16.054 0.006
6350.63475 16.105 0.007
6351.60295 16.073 0.006
6352.61090 16.060 0.005
6353.62275 16.097 0.006
6354.58716 16.093 0.005
6355.57536 16.055 0.005
6356.61301 16.102 0.006
6356.66086 16.075 0.005
6357.63869 16.111 0.006
6358.53617 16.071 0.006
6363.53043 16.066 0.006
6371.55484 16.118 0.006
6378.53818 16.105 0.006
6387.52832 16.050 0.005
6396.53423 16.085 0.006
6404.51943 16.045 0.006
6414.46942 16.073 0.007
6416.47971 16.117 0.006
6416.49548 16.098 0.006
6508.93500 16.110 0.007
6520.88760 16.032 0.005
6531.89870 16.065 0.005
6547.86417 16.095 0.006
6561.83222 16.080 0.006
6571.83896 16.079 0.005
6577.87950 16.102 0.005
6583.78566 16.044 0.006
6608.82589 16.080 0.005
6612.76209 16.090 0.005
6616.72393 16.101 0.006
6622.77790 16.087 0.005
6628.80484 16.055 0.005
6638.73088 16.051 0.005
6645.72881 16.052 0.005
6649.73573 16.044 0.005
6654.75585 16.105 0.005
6658.76826 16.079 0.005
6662.73434 16.083 0.005
6667.79450 16.082 0.006
6672.76921 16.077 0.006
6680.76346 16.050 0.005
6690.64610 16.067 0.005
6697.70678 16.063 0.005
6705.67002 16.045 0.006
6712.63938 16.052 0.005
6720.67883 16.104 0.006
6871.91898 16.083 0.006
6887.91689 16.044 0.006
6896.88765 16.090 0.006
6907.86975 16.077 0.006
6926.79944 16.042 0.006
6932.80810 16.050 0.006
6938.79352 16.097 0.006
6942.79099 16.078 0.006
6950.84178 16.047 0.006
6956.84460 16.056 0.006
6961.83919 16.072 0.006
6967.71060 16.050 0.007
6973.71607 16.099 0.006
6980.75299 16.093 0.006
6987.78395 16.089 0.006
6992.75610 16.049 0.006
6997.76188 16.093 0.006
7002.70567 16.044 0.006
7007.71698 16.096 0.006
7013.67037 16.047 0.006
7016.77589 16.039 0.006
7020.77584 16.055 0.006
7024.75595 16.083 0.006
7028.70911 16.087 0.006
7033.76318 16.033 0.006
7037.73673 16.041 0.006
7042.73430 16.097 0.006
7046.73551 16.077 0.006
7051.72605 16.040 0.006
7056.66647 16.112 0.006
7062.65818 16.052 0.006
7069.65434 16.056 0.006
7074.66551 16.088 0.006
7080.58184 16.060 0.006
7086.61671 16.037 0.006
7091.59756 16.098 0.006
7103.56536 16.048 0.005
7112.57794 16.089 0.006
7115.57248 16.093 0.007
7119.53259 16.085 0.007
7126.52157 16.105 0.006
7131.52613 16.041 0.006
7134.49641 16.075 0.007
7137.52631 16.093 0.006
7143.49077 16.066 0.007
7277.89812 16.102 0.006
7287.89821 16.092 0.007
7292.83079 16.046 0.007
7294.79344 16.082 0.006
7297.79270 16.063 0.007
7304.87121 16.072 0.006
7312.78949 16.094 0.006
7319.76811 16.090 0.007
7322.74086 16.087 0.007
7327.84478 16.046 0.006
7339.75486 16.072 0.006
7345.71336 16.040 0.006
7354.79020 16.083 0.006
7361.81303 16.072 0.006
7366.68559 16.037 0.006
7373.83889 16.052 0.006
7377.81080 16.062 0.006
7382.70903 16.086 0.006
7385.72245 16.092 0.006
7390.74364 16.040 0.005
7399.74888 16.091 0.006
7404.73848 16.051 0.006
7408.71160 16.062 0.006
7410.71298 16.084 0.007
7413.67574 16.106 0.006
7416.68260 16.095 0.006
7424.62501 16.090 0.006
7427.65634 16.098 0.006
7431.65044 16.078 0.005
7435.64437 16.049 0.006
7439.65057 16.039 0.006
7443.62217 16.048 0.006
7449.62790 16.060 0.006
7453.60236 16.036 0.005
7462.61686 16.099 0.006
7466.56452 16.086 0.006
7472.57132 16.095 0.007
7476.52701 16.102 0.006
7488.48085 16.043 0.006
7499.50403 16.054 0.006
7507.47626 16.089 0.006
