5261.70103 16.792 0.010
5262.69606 16.608 0.009
5264.66681 16.732 0.011
5265.66310 16.716 0.009
5266.65677 16.791 0.010
5268.52538 16.724 0.010
5269.62086 16.684 0.009
5270.62241 16.716 0.009
5271.62964 16.777 0.009
5273.61787 16.824 0.010
5275.61726 16.769 0.009
5279.59953 16.606 0.010
5281.60672 16.713 0.010
5284.60005 16.643 0.011
5287.58135 16.716 0.010
5290.53431 16.801 0.010
5292.58728 16.779 0.009
5293.58307 16.753 0.010
5295.57750 16.798 0.011
5296.61448 16.631 0.010
5297.58226 16.788 0.009
5299.56137 16.724 0.009
5301.58526 16.651 0.011
5305.51350 16.754 0.011
5306.54867 16.662 0.010
5308.57125 16.632 0.010
5310.57688 16.666 0.011
5311.57530 16.704 0.018
5313.47375 16.598 0.012
5315.54108 16.627 0.013
5322.48833 16.762 0.011
5323.52431 16.688 0.010
5324.52242 16.778 0.013
5325.52215 16.624 0.010
5326.52986 16.805 0.010
5328.51752 16.741 0.010
5337.51906 16.620 0.010
5342.51049 16.643 0.012
5436.89738 16.679 0.008
5443.90949 16.727 0.010
5451.88272 16.637 0.010
5455.87826 16.746 0.008
5455.91023 16.726 0.012
5457.82513 16.807 0.008
5462.83030 16.773 0.011
5468.87712 16.682 0.009
5470.86933 16.603 0.008
5473.85175 16.719 0.009
5477.85661 16.626 0.008
5478.87690 16.778 0.008
5480.88337 16.700 0.010
5482.80481 16.630 0.008
5483.81723 16.769 0.011
5485.84068 16.703 0.008
5486.84055 16.789 0.009
5487.84436 16.616 0.008
5489.78792 16.718 0.008
5490.83018 16.738 0.009
5491.81208 16.773 0.010
5493.77660 16.792 0.010
5495.85795 16.786 0.009
5497.78518 16.674 0.009
5506.78776 16.628 0.008
5509.74067 16.631 0.008
5511.76463 16.605 0.008
5513.76266 16.736 0.008
5515.72776 16.802 0.009
5517.74385 16.790 0.009
5521.85599 16.714 0.009
5523.84521 16.632 0.010
5526.79592 16.716 0.008
5528.74126 16.609 0.008
5529.81543 16.797 0.010
5530.83214 16.592 0.008
5531.72076 16.711 0.008
5532.85108 16.691 0.008
5533.85887 16.745 0.011
5535.74747 16.610 0.008
5542.82179 16.609 0.008
5544.82006 16.725 0.008
5546.78450 16.799 0.010
5548.84725 16.810 0.009
5550.84762 16.760 0.009
5554.85491 16.613 0.010
5556.86385 16.675 0.012
5557.82471 16.709 0.008
5558.83527 16.772 0.009
5559.85188 16.635 0.009
5560.86430 16.797 0.011
5561.83874 16.615 0.008
5562.86284 16.773 0.012
5563.82311 16.774 0.009
5565.85144 16.798 0.010
5566.84537 16.610 0.009
5569.80058 16.687 0.010
5570.85883 16.745 0.011
5571.73597 16.617 0.008
5572.85427 16.796 0.009
5573.86309 16.582 0.009
5575.86378 16.762 0.010
5576.86496 16.699 0.009
5577.86261 16.787 0.011
5578.82144 16.602 0.009
5579.85486 16.789 0.011
5580.80188 16.741 0.010
5581.80827 16.717 0.010
5582.83332 16.774 0.010
5583.80173 16.617 0.010
5585.72138 16.757 0.009
5587.72982 16.803 0.009
5589.78881 16.802 0.009
5590.77984 16.615 0.008
5591.79546 16.784 0.009
5592.77721 16.759 0.008
5593.74448 16.662 0.008
5594.79407 16.789 0.009
5595.77483 16.603 0.008
5597.72545 16.754 0.008
5598.78296 16.718 0.009
5599.78076 16.779 0.009
5604.78582 16.751 0.009
5606.76857 16.797 0.009
5607.76093 16.592 0.009
5612.73348 16.626 0.011
5614.72105 16.691 0.009
5615.73347 16.738 0.008
5623.65611 16.818 0.009
5624.65593 16.613 0.008
5626.67092 16.753 0.010
5629.66550 16.600 0.008
5631.62405 16.737 0.010
5632.64426 16.712 0.010
5634.63443 16.623 0.009
5638.62616 16.777 0.012
5640.59155 16.796 0.011
5642.56802 16.738 0.008
5644.59372 16.673 0.008
5646.56391 16.599 0.008
5648.58197 16.702 0.008
5650.59708 16.755 0.008
5652.62039 16.797 0.009
5653.61552 16.595 0.008
5654.62219 16.784 0.010
5656.60798 16.692 0.009
5657.60877 16.795 0.009
5660.61755 16.649 0.009
5666.55596 16.736 0.010
5669.53881 16.790 0.011
5671.58665 16.799 0.011
5674.59242 16.756 0.010
5675.58565 16.637 0.008
5677.58385 16.625 0.009
5678.56647 16.767 0.008
5683.54727 16.772 0.009
5685.55069 16.689 0.008
5687.54331 16.602 0.010
5691.52250 16.756 0.011
5693.54396 16.792 0.010
5694.53103 16.614 0.011
5695.53370 16.791 0.012
5696.52831 16.773 0.014
5697.51050 16.659 0.010
5699.52206 16.598 0.011
5700.50348 16.788 0.013
5707.50109 16.735 0.011
5709.49037 16.659 0.010
5795.91565 16.785 0.009
5802.91456 16.813 0.010
5805.90789 16.759 0.008
5812.91549 16.762 0.010
5816.88578 16.748 0.009
5819.90129 16.797 0.010
5822.88131 16.725 0.008
5824.89328 16.794 0.009
5826.83878 16.781 0.008
5829.83200 16.776 0.008
5831.86772 16.800 0.008
5833.84124 16.768 0.008
5835.85324 16.696 0.009
5836.85579 16.788 0.008
5839.86954 16.650 0.008
5842.88842 16.670 0.011
5854.85922 16.642 0.008
5857.86794 16.758 0.010
5860.87514 16.777 0.010
5863.87245 16.635 0.008
5864.78668 16.682 0.008
5866.85017 16.645 0.008
5869.85391 16.775 0.008
5870.79631 16.760 0.008
5871.86514 16.706 0.008
5873.86874 16.608 0.008
5875.78928 16.751 0.008
5879.80452 16.793 0.011
5882.84954 16.732 0.008
5883.83363 16.678 0.009
5885.85373 16.596 0.008
5889.75072 16.809 0.009
5891.77813 16.799 0.008
5892.84656 16.616 0.008
5893.81588 16.744 0.008
5895.85322 16.696 0.009
5897.83894 16.601 0.008
5898.83910 16.782 0.008
5899.83577 16.683 0.008
5900.75304 16.667 0.008
5901.72350 16.804 0.009
5902.83652 16.630 0.008
5903.85375 16.800 0.009
5904.83942 16.621 0.008
5905.84455 16.761 0.010
5906.83769 16.753 0.009
5907.84150 16.682 0.008
5908.83613 16.796 0.009
5909.84420 16.616 0.008
5910.84743 16.798 0.009
5911.77780 16.757 0.009
5912.81442 16.722 0.008
5913.80269 16.777 0.008
5914.80974 16.633 0.008
5915.81853 16.794 0.008
5916.82240 16.612 0.008
5917.81572 16.749 0.008
5921.82434 16.613 0.009
5922.83697 16.800 0.008
5923.81772 16.694 0.008
5924.83212 16.731 0.008
5925.85357 16.769 0.009
5926.84090 16.645 0.009
5927.83182 16.805 0.009
5929.80650 16.754 0.008
5930.87038 16.721 0.011
5932.82670 16.789 0.008
5933.85291 16.629 0.010
5934.85680 16.796 0.011
5937.80207 16.779 0.010
5938.81921 16.639 0.008
5939.82243 16.794 0.010
5940.83877 16.603 0.008
5941.82333 16.768 0.009
5942.85768 16.715 0.008
5943.82275 16.681 0.008
5944.81332 16.799 0.008
5945.81326 16.592 0.008
5947.80040 16.734 0.008
5948.79035 16.692 0.008
5949.80488 16.780 0.009
5950.67903 16.632 0.008
5951.70568 16.761 0.008
5952.76717 16.681 0.008
5953.72683 16.708 0.008
5954.77856 16.760 0.008
5955.79547 16.658 0.008
5956.79462 16.801 0.008
5958.78230 16.777 0.008
5959.76732 16.753 0.008
5960.73878 16.661 0.008
5961.74117 16.792 0.008
5962.74239 16.605 0.008
5963.63818 16.717 0.008
5964.73072 16.741 0.014
5965.59863 16.605 0.008
5967.67283 16.605 0.009
5968.69284 16.805 0.009
5969.74643 16.619 0.008
5970.71317 16.725 0.008
5971.76115 16.744 0.008
5972.75544 16.669 0.008
5973.72319 16.791 0.008
5974.74405 16.610 0.008
5976.74339 16.706 0.008
5977.72439 16.717 0.008
5978.73491 16.776 0.008
5979.58685 16.676 0.008
5981.71011 16.665 0.008
5982.73621 16.742 0.008
5983.74135 16.756 0.008
5984.71064 16.645 0.008
5985.59625 16.769 0.008
5986.72904 16.583 0.008
5987.72158 16.761 0.009
5990.68031 16.790 0.009
5991.71197 16.629 0.011
5992.71037 16.811 0.011
5993.68636 16.685 0.010
5994.70042 16.729 0.011
5995.70452 16.762 0.012
5996.68110 16.618 0.010
5997.69007 16.808 0.011
5998.69487 16.610 0.008
6000.68197 16.738 0.008
6001.66432 16.649 0.008
6002.68450 16.783 0.008
6003.59891 16.654 0.009
6004.67678 16.788 0.009
6005.65881 16.727 0.008
6006.61070 16.667 0.008
6007.65072 16.773 0.008
6009.66903 16.799 0.009
6010.63977 16.683 0.010
6011.63900 16.725 0.008
6012.65998 16.784 0.008
6013.62117 16.637 0.008
6014.59867 16.808 0.008
6015.60227 16.641 0.008
6016.65475 16.779 0.008
6017.61418 16.755 0.008
6018.63494 16.679 0.009
6019.64607 16.771 0.009
6020.64131 16.615 0.009
6021.64398 16.809 0.010
6022.64065 16.671 0.010
6023.62860 16.742 0.009
6024.63575 16.767 0.011
6025.62005 16.655 0.012
6026.62734 16.807 0.011
6028.53788 16.693 0.010
6031.49206 16.793 0.011
6033.60090 16.796 0.012
6036.56784 16.785 0.009
6038.57419 16.791 0.011
6039.59580 16.673 0.010
6040.56592 16.721 0.008
6042.56412 16.647 0.010
6047.55551 16.686 0.010
6048.55871 16.787 0.009
6049.54789 16.593 0.008
6052.54114 16.698 0.010
6055.53496 16.798 0.011
6058.52096 16.779 0.009
6062.50187 16.744 0.010
6067.50790 16.814 0.011
6070.50505 16.754 0.011
6072.51257 16.812 0.012
6080.48810 16.714 0.012
6085.47314 16.628 0.009
6158.90207 16.615 0.008
6172.91768 16.715 0.009
6196.85579 16.757 0.008
6200.87316 16.784 0.011
6203.87925 16.771 0.009
6208.89060 16.742 0.012
6213.85028 16.715 0.010
6216.87773 16.627 0.008
6220.80862 16.770 0.008
6223.81719 16.600 0.008
6225.83842 16.754 0.009
6225.85372 16.714 0.008
6225.86946 16.700 0.008
6230.77813 16.728 0.010
6234.86536 16.796 0.008
6239.83700 16.786 0.008
6243.86295 16.764 0.010
6245.82573 16.651 0.008
6249.78202 16.776 0.008
6252.78567 16.606 0.008
6255.78839 16.704 0.008
6258.76939 16.814 0.010
6264.82445 16.603 0.008
6268.82723 16.752 0.008
6273.84055 16.741 0.009
6277.81799 16.799 0.008
6281.83591 16.665 0.008
6286.77013 16.662 0.008
6290.77595 16.709 0.008
6294.84723 16.805 0.008
6298.80982 16.686 0.008
6304.80802 16.757 0.009
6310.71115 16.620 0.008
6317.73009 16.599 0.008
6340.66516 16.825 0.008
6344.60340 16.622 0.008
6348.64512 16.768 0.009
6362.55619 16.816 0.008
6371.59510 16.768 0.008
6376.58890 16.806 0.012
6386.55313 16.819 0.009
6395.51598 16.721 0.008
6403.49461 16.798 0.008
6516.91858 16.714 0.010
6522.88271 16.752 0.008
6537.91567 16.595 0.008
6552.87780 16.689 0.008
6572.82796 16.799 0.008
6582.85182 16.761 0.008
6586.81019 16.723 0.009
6593.85021 16.722 0.009
6609.77825 16.716 0.008
6614.78791 16.598 0.008
6618.84198 16.762 0.008
6627.84260 16.781 0.008
6633.82141 16.639 0.008
6640.82138 16.734 0.008
6646.82229 16.743 0.008
6649.79781 16.810 0.008
6650.86604 16.623 0.011
6654.81061 16.781 0.008
6659.74231 16.783 0.008
6662.82500 16.605 0.008
6669.82924 16.618 0.009
6674.81244 16.632 0.009
6679.80935 16.641 0.008
6682.71917 16.677 0.008
6688.74858 16.770 0.008
6695.72674 16.782 0.008
6700.69422 16.773 0.008
6703.66079 16.673 0.010
6708.73098 16.617 0.008
6711.71978 16.730 0.008
6714.67811 16.840 0.009
6722.63735 16.777 0.008
6739.64373 16.682 0.008
6848.94115 16.782 0.012
6851.93116 16.598 0.011
6855.93633 16.784 0.010
6857.93841 16.802 0.011
6862.93979 16.796 0.011
6864.93315 16.779 0.010
6866.93188 16.695 0.011
6872.91319 16.743 0.010
6880.91508 16.612 0.010
6883.91673 16.740 0.010
6886.91644 16.803 0.009
6888.92527 16.776 0.010
6894.92560 16.653 0.013
6904.88991 16.583 0.009
6909.87046 16.624 0.010
6919.86819 16.691 0.008
6925.85251 16.767 0.008
6929.90091 16.785 0.012
6937.82673 16.764 0.009
6941.84700 16.769 0.011
6953.77801 16.723 0.008
6958.86745 16.793 0.009
6965.78570 16.726 0.009
6970.82697 16.791 0.010
6977.72680 16.706 0.008
6985.85680 16.772 0.009
6990.78747 16.767 0.010
6995.84688 16.654 0.008
7000.84358 16.593 0.009
7006.75609 16.761 0.010
7009.82859 16.769 0.008
7012.85861 16.611 0.009
7016.82114 16.779 0.009
7020.83646 16.730 0.009
7024.79239 16.655 0.009
7029.76228 16.622 0.009
7032.81915 16.715 0.008
7034.80794 16.641 0.008
7038.79752 16.778 0.009
7040.79223 16.793 0.008
7044.77880 16.703 0.009
7047.77276 16.815 0.009
7051.76636 16.638 0.008
7056.73250 16.642 0.009
7061.73977 16.714 0.010
7069.73724 16.779 0.009
7076.69008 16.787 0.009
7080.66382 16.631 0.009
7082.67841 16.615 0.009
7085.68511 16.664 0.009
7088.64954 16.769 0.008
7091.65150 16.761 0.009
7097.61703 16.625 0.008
7111.62015 16.619 0.008
7113.59194 16.769 0.010
7115.61074 16.800 0.010
7118.59551 16.738 0.010
7126.55982 16.632 0.008
7130.56989 16.749 0.008
7132.53230 16.804 0.010
7134.53470 16.789 0.010
7139.54824 16.811 0.010
7142.52629 16.764 0.008
7286.90445 16.757 0.013
7292.88962 16.748 0.009
7295.86083 16.587 0.008
7302.87030 16.610 0.009
7308.85357 16.804 0.009
7318.79735 16.822 0.009
7325.80037 16.781 0.010
7338.78910 16.720 0.010
7342.75883 16.806 0.009
7348.73130 16.620 0.010
7355.80614 16.605 0.008
7366.79270 16.800 0.008
7372.85953 16.626 0.009
7376.86330 16.767 0.017
7381.74932 16.770 0.009
7384.71639 16.642 0.008
7387.78002 16.713 0.009
7390.78328 16.807 0.008
7398.76253 16.739 0.008
7402.79787 16.799 0.008
7405.77128 16.764 0.009
7409.74012 16.768 0.009
7413.73390 16.603 0.009
7415.75360 16.672 0.009
7424.72210 16.798 0.008
7428.69754 16.703 0.008
7433.69378 16.682 0.008
7437.68758 16.597 0.008
7442.66270 16.604 0.008
7445.65174 16.713 0.009
7450.65458 16.760 0.008
7456.64577 16.710 0.009
7463.63355 16.750 0.008
7470.57319 16.817 0.010
7474.59622 16.721 0.009
7481.55272 16.641 0.008
7492.50458 16.804 0.009
