5260.64296 17.059 0.012
5261.64632 17.302 0.014
5262.64009 17.080 0.013
5264.60750 17.256 0.014
5265.60876 17.242 0.017
5266.60133 17.207 0.014
5267.61457 17.250 0.016
5268.59721 17.220 0.015
5269.56649 17.225 0.014
5270.55309 17.300 0.013
5271.57589 17.240 0.013
5273.56434 17.183 0.013
5274.59547 17.249 0.015
5275.57871 17.206 0.013
5276.57476 17.290 0.013
5279.56288 17.192 0.017
5281.53830 17.112 0.014
5282.55775 17.303 0.016
5284.56137 17.293 0.016
5286.54406 17.287 0.015
5288.55772 17.289 0.017
5291.55185 17.162 0.014
5293.54320 17.114 0.015
5295.49934 17.048 0.014
5297.52506 17.136 0.013
5298.57010 17.319 0.016
5301.53090 17.051 0.013
5306.52737 17.318 0.015
5308.53511 17.313 0.018
5309.55579 17.047 0.014
5310.55563 17.368 0.020
5311.52202 17.145 0.018
5313.50467 17.092 0.017
5314.51946 17.305 0.025
5322.46695 17.274 0.019
5325.48124 17.262 0.019
5327.48355 17.163 0.014
5335.47424 17.238 0.015
5341.49572 17.242 0.019
5343.49832 17.275 0.024
5430.91646 17.305 0.015
5439.92600 17.083 0.021
5444.89610 17.252 0.013
5448.91500 17.282 0.015
5451.82841 17.289 0.015
5454.90739 17.300 0.017
5457.77129 17.302 0.012
5459.88324 17.244 0.012
5462.88155 17.240 0.014
5467.85212 17.293 0.014
5468.84104 17.196 0.013
5470.81598 17.107 0.012
5471.86371 17.267 0.013
5473.79855 17.348 0.013
5477.80055 17.301 0.012
5478.80801 17.061 0.010
5481.74738 17.317 0.014
5483.78061 17.291 0.018
5484.79273 17.055 0.011
5485.81951 17.295 0.013
5487.74125 17.337 0.013
5488.74340 17.139 0.012
5489.83566 17.307 0.013
5490.74452 17.058 0.013
5491.85791 17.285 0.024
5492.77997 17.022 0.013
5493.80227 17.330 0.016
5494.84703 17.090 0.015
5495.80418 17.316 0.013
5496.80202 17.101 0.015
5497.83216 17.312 0.014
5499.73919 17.291 0.013
5502.80934 17.131 0.011
5503.76457 17.276 0.012
5505.73426 17.240 0.013
5506.75177 17.155 0.010
5507.76988 17.307 0.012
5509.67826 17.200 0.012
5510.73416 17.229 0.014
5511.71039 17.219 0.013
5512.75345 17.174 0.011
5513.72377 17.245 0.012
5514.75630 17.271 0.012
5515.67356 17.177 0.013
5516.75912 17.254 0.012
5517.67224 17.137 0.013
5518.76867 17.186 0.018
5519.69506 17.172 0.016
5521.71192 17.203 0.014
5522.73706 17.271 0.016
5523.70175 17.197 0.014
5524.71020 17.259 0.012
5525.74325 17.171 0.012
5526.69532 17.281 0.012
5527.77604 17.220 0.011
5528.71714 17.312 0.014
5529.69741 17.191 0.013
5530.70463 17.285 0.013
5531.78783 17.232 0.011
5532.69597 17.291 0.012
5533.71932 17.154 0.014
5534.75081 17.316 0.013
5535.72769 17.201 0.013
5536.73032 17.298 0.013
5539.74059 17.145 0.011
5540.82475 17.245 0.012
5541.69091 17.150 0.014
5542.75006 17.307 0.012
5543.78086 17.220 0.014
5544.76832 17.302 0.013
5545.75762 17.156 0.012
5546.70729 17.286 0.014
5547.76709 17.127 0.013
5548.72833 17.323 0.014
5549.69485 17.133 0.013
5550.74711 17.316 0.015
5551.70459 17.093 0.015
5553.75060 17.110 0.013
5556.69860 17.340 0.019
5557.67973 17.116 0.011
5558.68064 17.318 0.015
5559.72383 17.078 0.012
5560.66252 17.305 0.012
5561.69631 17.087 0.015
5562.71565 17.317 0.013
5563.64961 17.154 0.014
5565.68153 17.063 0.010
5566.70821 17.301 0.012
5568.72851 17.330 0.015
5569.72307 17.109 0.012
5570.76260 17.358 0.015
5571.69418 17.119 0.013
5572.81082 17.294 0.013
5575.71516 17.061 0.011
5576.68932 17.320 0.012
5577.69160 17.160 0.012
5578.69787 17.311 0.015
5579.74884 17.093 0.015
5580.69288 17.266 0.012
5581.69499 17.091 0.013
5582.70197 17.305 0.015
5583.70924 17.157 0.012
5584.69474 17.302 0.013
5585.69463 17.164 0.012
5586.65841 17.252 0.014
5587.64057 17.225 0.012
5588.74450 17.298 0.013
5589.65054 17.275 0.014
5591.68787 17.231 0.011
5592.67012 17.248 0.011
5593.65310 17.249 0.013
5594.66933 17.238 0.013
5595.64797 17.288 0.012
5596.71109 17.297 0.011
5597.62856 17.274 0.012
5598.69487 17.266 0.012
5599.65850 17.262 0.013
5600.69121 17.231 0.011
5601.67085 17.267 0.011
5602.66959 17.211 0.011
5603.67627 17.295 0.015
5604.67667 17.264 0.014
5605.67920 17.299 0.012
5606.69113 17.228 0.013
5607.70205 17.256 0.014
5608.69265 17.196 0.015
5609.71988 17.266 0.017
5611.65046 17.306 0.018
5612.70298 17.250 0.019
5613.66614 17.292 0.015
5614.65846 17.162 0.012
5615.65187 17.282 0.012
5616.66788 17.159 0.012
5619.64980 17.298 0.012
5622.64786 17.126 0.013
5623.61071 17.328 0.014
5624.55189 17.130 0.012
5625.64343 17.316 0.014
5626.60454 17.114 0.013
5627.56930 17.322 0.012
5629.60952 17.328 0.013
5630.62095 17.114 0.013
5632.56909 17.122 0.014
5633.61803 17.322 0.014
5634.57851 17.056 0.013
5635.58280 17.316 0.015
5638.58739 17.111 0.016
5639.59766 17.309 0.017
5640.53662 17.142 0.015
5641.56428 17.275 0.016
5642.51253 17.223 0.012
5643.51029 17.272 0.013
5644.51305 17.248 0.012
5645.51174 17.252 0.015
5646.52477 17.209 0.013
5647.52672 17.244 0.013
5648.52739 17.185 0.012
5649.54215 17.258 0.013
5650.52260 17.257 0.012
5651.52849 17.266 0.010
5652.52344 17.265 0.013
5653.55348 17.259 0.013
5654.56203 17.180 0.013
5655.55320 17.247 0.015
5656.56210 17.209 0.012
5657.52203 17.237 0.014
5659.52136 17.213 0.014
5660.56673 17.234 0.013
5664.50091 17.274 0.018
5665.51614 17.211 0.016
5666.51297 17.278 0.018
5667.49514 17.173 0.015
5668.50109 17.269 0.017
5669.49464 17.148 0.013
5670.54616 17.299 0.016
5671.49655 17.168 0.019
5672.49144 17.273 0.014
5674.49948 17.281 0.012
5675.49276 17.105 0.013
5676.54801 17.247 0.008
5677.48902 17.147 0.012
5678.52328 17.297 0.013
5679.49087 17.153 0.014
5680.53966 17.286 0.017
5681.50372 17.112 0.014
5682.50315 17.266 0.017
5683.50806 17.117 0.013
5684.51308 17.307 0.016
5685.48454 17.137 0.014
5686.48508 17.303 0.012
5687.48724 17.106 0.014
5691.47874 17.123 0.015
5694.49535 17.333 0.018
5695.47976 17.068 0.014
5696.48818 17.280 0.020
5697.47811 17.079 0.014
5699.48765 17.136 0.019
5700.47920 17.326 0.021
5702.47607 17.316 0.017
5706.47578 17.336 0.018
5709.46285 17.054 0.012
5784.93602 17.250 0.020
5796.90356 17.270 0.015
5803.88735 17.128 0.012
5805.85183 17.077 0.012
5806.90282 17.309 0.012
5809.86402 17.113 0.010
5810.86716 17.309 0.014
5812.86008 17.317 0.012
5814.90907 17.308 0.014
5815.88843 17.120 0.011
5816.86260 17.330 0.016
5817.86425 17.066 0.012
5818.89226 17.303 0.014
5819.84626 17.040 0.011
5820.91367 17.310 0.020
5822.83392 17.335 0.013
5823.90874 17.109 0.018
5824.83073 17.297 0.013
5825.81899 17.076 0.010
5826.86749 17.308 0.013
5827.86147 17.068 0.010
5828.88768 17.323 0.012
5829.86106 17.115 0.010
5830.85262 17.314 0.012
5831.84431 17.093 0.010
5832.83374 17.270 0.011
5833.81810 17.183 0.012
5834.81906 17.291 0.011
5835.87896 17.098 0.011
5836.78546 17.240 0.011
5837.86482 17.135 0.011
5839.84649 17.109 0.011
5840.82998 17.269 0.011
5841.82701 17.248 0.013
5842.84462 17.294 0.016
5843.86011 17.191 0.012
5845.87509 17.105 0.018
5846.83561 17.257 0.023
5850.80023 17.220 0.012
5851.80845 17.298 0.014
5853.86396 17.207 0.015
5854.76727 17.196 0.011
5855.83699 17.314 0.011
5856.80859 17.234 0.016
5857.79343 17.290 0.018
5858.84280 17.241 0.015
5859.81131 17.288 0.012
5860.79638 17.176 0.012
5861.80536 17.282 0.013
5863.80855 17.292 0.013
5864.71584 17.103 0.011
5865.78546 17.291 0.013
5866.80958 17.158 0.011
5867.74850 17.311 0.013
5868.85000 17.208 0.011
5869.81551 17.317 0.011
5870.75529 17.136 0.011
5871.74142 17.309 0.013
5872.75075 17.079 0.011
5873.74600 17.341 0.013
5874.77956 17.119 0.013
5875.71547 17.321 0.015
5878.81642 17.136 0.017
5879.70054 17.326 0.018
5880.75201 17.057 0.011
5881.73854 17.329 0.014
5882.76935 17.121 0.011
5883.77329 17.325 0.015
5885.70461 17.298 0.017
5886.74067 17.058 0.014
5887.81306 17.298 0.012
5888.80171 17.073 0.011
5889.84389 17.298 0.013
5890.77744 17.119 0.012
5891.73610 17.302 0.013
5892.75387 17.057 0.011
5893.77199 17.300 0.012
5894.79548 17.040 0.010
5895.81255 17.298 0.013
5896.79561 17.104 0.011
5897.74241 17.308 0.012
5898.72463 17.123 0.011
5899.78378 17.310 0.012
5900.73342 17.048 0.010
5901.78269 17.328 0.014
5902.73398 17.121 0.014
5903.78914 17.321 0.013
5904.76378 17.108 0.012
5905.73781 17.295 0.015
5906.74969 17.080 0.012
5907.72776 17.261 0.013
5908.75310 17.087 0.012
5909.79760 17.319 0.013
5910.71042 17.243 0.013
5911.74228 17.297 0.012
5912.76275 17.132 0.011
5913.73468 17.269 0.011
5914.75732 17.083 0.010
5915.71436 17.265 0.011
5916.77070 17.147 0.010
5917.73188 17.296 0.011
5922.74892 17.219 0.011
5923.72513 17.265 0.010
5924.70647 17.290 0.012
5925.72051 17.241 0.013
5926.73227 17.267 0.012
5927.73130 17.226 0.012
5929.70548 17.211 0.012
5930.85066 17.040 0.009
5931.67250 17.215 0.013
5932.66981 17.290 0.013
5933.71967 17.191 0.013
5934.71573 17.287 0.013
5935.66674 17.114 0.015
5936.66129 17.292 0.014
5937.69057 17.183 0.012
5938.69135 17.310 0.013
5939.73544 17.231 0.013
5940.77105 17.288 0.012
5941.77174 17.227 0.014
5942.79637 17.237 0.012
5943.75322 17.225 0.012
5944.74610 17.292 0.011
5945.72682 17.190 0.010
5946.66666 17.319 0.012
5946.78263 17.285 0.014
5947.73320 17.180 0.012
5948.72205 17.293 0.012
5949.73822 17.160 0.012
5950.65919 17.327 0.011
5951.68457 17.143 0.012
5952.70916 17.298 0.011
5953.70709 17.160 0.012
5954.70464 17.301 0.010
5955.72731 17.127 0.011
5956.72730 17.321 0.012
5958.74454 17.343 0.012
5959.71648 17.148 0.011
5960.71854 17.306 0.012
5961.65028 17.037 0.010
5962.65118 17.305 0.018
5963.61791 17.080 0.015
5964.62987 17.340 0.016
5965.62877 17.104 0.012
5967.65096 17.061 0.016
5968.65105 17.336 0.015
5969.62707 17.050 0.010
5970.60456 17.310 0.011
5971.69744 17.084 0.010
5972.68381 17.330 0.012
5973.66689 17.093 0.009
5974.62191 17.296 0.012
5976.65607 17.334 0.012
5977.68964 17.054 0.010
5978.66605 17.351 0.012
5979.61622 17.221 0.012
5980.64638 17.319 0.014
5981.65535 17.081 0.011
5982.66131 17.301 0.013
5983.70440 17.011 0.009
5984.64340 17.298 0.011
5985.67528 17.114 0.011
5986.60506 17.267 0.012
5987.68086 17.114 0.011
5988.64698 17.301 0.013
5989.61093 17.251 0.013
5990.60445 17.247 0.013
5991.67947 17.122 0.013
5992.63976 17.279 0.015
5993.59659 17.279 0.014
5994.59607 17.220 0.014
5995.64297 17.206 0.016
5996.61308 17.240 0.016
5997.61524 17.290 0.014
5998.61358 17.244 0.013
5998.67699 17.302 0.014
5999.65429 17.261 0.012
6000.62969 17.259 0.012
6002.59335 17.175 0.012
6003.55954 17.313 0.015
6004.61991 17.224 0.013
6005.60294 17.275 0.012
6006.58690 17.200 0.011
6007.58522 17.285 0.012
6008.61971 17.185 0.012
6009.56079 17.291 0.014
6010.61636 17.170 0.014
6011.57515 17.343 0.013
6012.61084 17.203 0.014
6013.55596 17.301 0.012
6014.57488 17.152 0.011
6015.57026 17.304 0.012
6016.61124 17.143 0.011
6017.57461 17.326 0.013
6018.52948 17.111 0.013
6019.57851 17.325 0.014
6020.60003 17.170 0.012
6021.58777 17.302 0.015
6022.59968 17.116 0.015
6023.57332 17.308 0.013
6024.59615 17.111 0.014
6025.59617 17.311 0.018
6026.54243 17.118 0.014
6028.57919 17.084 0.014
6029.59677 17.311 0.018
6032.51706 17.087 0.013
6033.50463 17.326 0.017
6034.51020 17.056 0.012
6035.53563 17.329 0.013
6036.51247 17.036 0.011
6037.51209 17.325 0.019
6038.50382 17.130 0.017
6039.51052 17.312 0.016
6040.51282 17.118 0.011
6042.51044 17.105 0.016
6047.48742 17.304 0.015
6048.48618 17.181 0.016
6049.50945 17.258 0.013
6050.48503 17.236 0.016
6052.50075 17.266 0.016
6053.49776 17.288 0.016
6055.50635 17.280 0.016
6056.49333 17.239 0.015
6057.50351 17.240 0.012
6058.49689 17.276 0.013
6059.49054 17.271 0.014
6060.49381 17.298 0.015
6061.48698 17.274 0.017
6062.47843 17.275 0.015
6064.48024 17.280 0.015
6070.48161 17.266 0.018
6079.46362 17.162 0.017
6123.92752 17.285 0.012
6137.92547 17.300 0.013
6164.91279 17.074 0.011
6165.92590 17.297 0.014
6171.89110 17.257 0.012
6174.91747 17.202 0.018
6179.91711 17.256 0.024
6180.86967 17.294 0.018
6181.88386 17.270 0.013
6182.88841 17.307 0.011
6183.89010 17.259 0.010
6185.86638 17.182 0.011
6186.86788 17.308 0.012
6191.89349 17.223 0.010
6193.90150 17.181 0.012
6196.88318 17.310 0.012
6199.83219 17.104 0.014
6202.83963 17.353 0.017
6204.87478 17.300 0.012
6207.88762 17.091 0.013
6210.88632 17.318 0.016
6212.83915 17.298 0.013
6216.83695 17.352 0.011
6219.82192 17.057 0.012
6221.83524 17.031 0.012
6222.83616 17.355 0.014
6223.79326 17.105 0.011
6224.85882 17.334 0.012
6225.74083 17.119 0.013
6226.75322 17.302 0.014
6229.79578 17.141 0.013
6230.73964 17.238 0.017
6231.76446 17.181 0.013
6232.83047 17.322 0.012
6233.83965 17.028 0.010
6234.84084 17.309 0.012
6235.78822 17.184 0.011
6236.80583 17.323 0.012
6238.83956 17.325 0.011
6239.81362 17.111 0.011
6240.85686 17.298 0.015
6241.81050 17.100 0.011
6242.85343 17.353 0.012
6243.82223 17.196 0.011
6244.76257 17.264 0.012
6245.77910 17.262 0.011
6248.79582 17.291 0.012
6251.78643 17.290 0.009
6254.79636 17.248 0.009
6257.82530 17.298 0.013
6262.74850 17.155 0.010
6265.82134 17.303 0.010
6270.83652 17.257 0.013
6270.84245 17.259 0.012
6274.82819 17.180 0.010
6278.77564 17.171 0.010
6282.79812 17.121 0.009
6286.73137 17.092 0.010
6289.80069 17.309 0.012
6294.82262 17.160 0.010
6299.77918 17.367 0.012
6306.71933 17.119 0.010
6312.71038 17.203 0.009
6317.70562 17.306 0.011
6323.67853 17.240 0.011
6329.63735 17.130 0.014
6333.62844 17.156 0.011
6340.64036 17.323 0.010
6343.58413 17.091 0.010
6347.61045 17.081 0.010
6353.62721 17.136 0.010
6354.59161 17.329 0.010
6355.58068 17.017 0.008
6356.62781 17.324 0.011
6356.66531 17.309 0.010
6357.64315 17.068 0.009
6358.54062 17.342 0.012
6360.59220 17.327 0.010
6361.60251 17.052 0.008
6362.57596 17.298 0.010
6363.54531 17.147 0.011
6363.58006 17.029 0.009
6371.56810 17.179 0.010
6378.55115 17.288 0.012
6387.54338 17.273 0.011
6396.54905 17.184 0.010
6404.53421 17.135 0.012
6416.51022 17.071 0.010
6509.92880 17.341 0.011
6520.90200 17.145 0.010
6531.91317 17.290 0.011
6547.87983 17.332 0.011
6561.84670 17.327 0.011
6571.85347 17.254 0.009
6577.89410 17.336 0.026
6578.87312 17.241 0.011
6583.80024 17.221 0.012
6608.84055 17.297 0.009
6612.77682 17.295 0.011
6616.73868 17.338 0.011
6622.79264 17.328 0.011
6628.82031 17.291 0.010
6638.74610 17.300 0.010
6645.74365 17.285 0.012
6649.75060 17.254 0.010
6654.77073 17.197 0.008
6658.79386 17.259 0.008
6662.77915 17.201 0.010
6667.84245 17.280 0.012
6672.78411 17.234 0.014
6680.77839 17.198 0.010
6690.67106 17.020 0.009
6697.71966 17.307 0.010
6705.68499 17.313 0.014
6712.65223 17.265 0.010
6722.61304 17.280 0.010
6736.62425 17.249 0.014
6871.93340 17.118 0.013
6887.93174 17.088 0.015
6896.90205 17.269 0.012
6907.88482 17.273 0.012
6926.81395 17.061 0.009
6932.82261 17.081 0.010
6942.80555 17.077 0.011
6950.85636 17.071 0.009
6956.85920 17.055 0.010
6961.85381 17.280 0.012
6967.72526 17.151 0.016
6973.73073 17.152 0.011
6980.76770 17.278 0.011
6987.79870 17.182 0.012
6992.77084 17.332 0.011
6997.77665 17.100 0.012
7000.71052 17.320 0.012
7001.66558 17.057 0.012
7002.69934 17.336 0.013
7003.80595 17.127 0.010
7004.74983 17.338 0.013
7005.69798 17.137 0.011
7006.72760 17.335 0.013
7007.77563 17.122 0.011
7008.72662 17.315 0.011
7009.74027 17.016 0.009
7010.68158 17.300 0.011
7016.78881 17.319 0.011
7020.79339 17.321 0.012
7024.76875 17.293 0.013
7028.72190 17.270 0.012
7032.77624 17.320 0.012
7037.75165 17.096 0.010
7042.74924 17.273 0.010
7047.71241 17.306 0.012
7051.74101 17.221 0.010
7056.68140 17.161 0.012
7062.67313 17.184 0.012
7069.66976 17.312 0.012
7080.59672 17.140 0.011
7083.62348 17.316 0.012
7085.59517 17.280 0.012
7086.59076 17.152 0.013
7086.63248 17.069 0.011
7087.58565 17.333 0.014
7088.59706 17.174 0.010
7089.57761 17.255 0.011
7090.58179 17.129 0.012
7091.56966 17.236 0.011
7091.61244 17.284 0.011
7092.63366 17.042 0.010
7093.58774 17.271 0.011
7097.56217 17.220 0.015
7103.58342 17.244 0.010
7112.59070 17.275 0.015
7115.58728 17.271 0.014
7119.54531 17.131 0.012
7126.53635 17.333 0.012
7131.54085 17.073 0.011
7134.51115 17.347 0.014
7137.54105 17.109 0.011
7143.50569 17.097 0.016
7277.91252 17.066 0.018
7292.84527 17.263 0.014
7294.80897 17.160 0.013
7297.80771 17.320 0.014
7304.88661 17.219 0.013
7312.80401 17.149 0.011
7322.75835 17.026 0.012
7327.86556 17.309 0.017
7339.76949 17.314 0.010
7345.72806 17.276 0.013
7354.80492 17.195 0.012
7361.82776 17.330 0.012
7366.70033 17.318 0.012
7373.85371 17.280 0.012
7377.82560 17.238 0.011
7382.72385 17.313 0.015
7385.73731 17.107 0.011
7390.75916 17.300 0.011
7399.76376 17.095 0.013
7403.77913 17.167 0.010
7408.72646 17.346 0.013
7410.72786 17.344 0.014
7413.69057 17.079 0.013
7416.69750 17.304 0.012
7424.63989 17.203 0.011
7427.67348 17.260 0.011
7431.66726 17.240 0.010
7435.65969 17.298 0.011
7439.66653 17.255 0.014
7443.63708 17.311 0.012
7449.64279 17.341 0.013
7453.61817 17.317 0.010
7462.63192 17.136 0.009
7466.57937 17.017 0.012
7472.58617 17.025 0.011
7476.54188 17.176 0.010
7488.49564 17.286 0.012
7499.51876 17.156 0.013
7508.46430 17.345 0.014
