5261.68161 14.951 0.005
5262.67510 14.967 0.005
5264.64570 14.876 0.005
5265.64368 15.108 0.005
5266.63740 14.884 0.005
5268.50601 15.035 0.005
5269.60088 14.935 0.005
5270.60319 15.090 0.005
5271.61037 14.880 0.005
5273.59864 14.898 0.005
5275.59813 15.021 0.005
5276.60924 14.913 0.005
5280.56570 14.933 0.005
5281.58753 14.988 0.005
5282.59246 15.035 0.005
5284.58076 15.101 0.005
5286.58064 15.048 0.005
5290.51485 14.878 0.005
5293.50808 15.031 0.005
5295.53688 14.934 0.005
5297.55981 14.871 0.005
5298.58940 15.090 0.005
5299.54218 14.894 0.005
5301.56597 14.970 0.005
5305.52677 15.076 0.005
5307.56015 15.006 0.005
5309.51108 14.911 0.005
5311.55616 14.865 0.005
5313.53864 14.922 0.005
5315.51941 15.056 0.005
5322.51598 15.070 0.005
5323.50534 14.871 0.005
5325.50044 14.879 0.005
5327.52294 14.960 0.005
5337.49973 14.881 0.005
5341.51483 15.004 0.005
5343.51735 15.122 0.005
5436.87413 14.987 0.005
5443.88777 14.954 0.005
5448.88721 15.052 0.005
5451.86225 15.106 0.005
5455.89112 15.024 0.005
5457.80607 14.922 0.005
5459.90220 14.878 0.005
5462.85898 14.994 0.005
5465.90357 15.094 0.005
5467.88630 15.068 0.005
5468.89016 14.916 0.005
5470.85010 15.053 0.005
5471.89775 14.892 0.005
5473.83263 14.868 0.005
5477.83585 15.062 0.005
5478.85753 14.880 0.005
5481.78159 15.021 0.005
5482.83546 14.978 0.005
5484.82703 15.080 0.005
5485.87807 14.881 0.005
5487.77763 14.891 0.005
5488.83418 15.026 0.005
5489.82249 14.991 0.005
5490.87368 14.948 0.005
5491.79259 15.103 0.005
5492.86570 14.861 0.005
5494.75667 14.930 0.005
5497.76170 14.901 0.005
5503.85889 15.013 0.005
5507.82550 15.066 0.005
5510.84124 15.063 0.005
5512.85974 15.096 0.005
5514.86236 15.050 0.005
5517.72418 15.095 0.005
5519.82040 15.105 0.005
5522.79722 14.979 0.005
5524.77233 15.104 0.005
5526.77596 15.079 0.005
5528.75422 14.994 0.005
5529.82834 14.984 0.005
5530.81265 14.935 0.005
5531.74034 15.092 0.005
5533.76935 15.083 0.005
5534.85132 14.885 0.005
5536.70212 15.064 0.005
5540.84645 15.076 0.005
5542.80222 14.972 0.005
5544.70959 14.883 0.005
5546.76444 14.875 0.005
5548.81560 14.938 0.005
5550.78447 15.071 0.005
5553.86037 14.881 0.005
5556.84400 14.967 0.005
5557.80535 15.084 0.005
5558.81546 14.871 0.005
5559.83244 15.097 0.005
5560.84471 14.872 0.005
5561.81774 15.023 0.005
5562.84334 14.969 0.005
5563.80364 14.933 0.005
5565.83104 14.876 0.005
5566.82290 15.093 0.005
5568.83992 15.025 0.005
5569.84914 14.992 0.005
5571.83056 15.101 0.005
5572.83406 14.876 0.005
5573.84363 15.069 0.005
5574.85973 14.903 0.005
5575.84248 15.019 0.005
5576.84461 15.002 0.005
5577.84130 14.925 0.005
5578.80138 15.117 0.005
5579.83521 14.855 0.005
5580.78200 15.055 0.005
5581.78404 14.943 0.005
5582.81351 14.977 0.005
5583.76532 15.053 0.005
5584.78053 14.898 0.005
5585.75311 15.096 0.005
5589.75414 14.947 0.005
5590.71733 15.100 0.005
5593.74667 14.892 0.005
5593.76438 14.888 0.005
5594.73302 15.014 0.005
5595.75460 14.989 0.005
5596.78493 14.958 0.005
5597.75412 15.094 0.005
5598.76366 14.851 0.005
5599.74380 15.087 0.005
5600.78087 14.890 0.005
5601.77540 15.013 0.005
5602.76211 14.994 0.005
5604.76655 15.093 0.005
5605.76991 14.855 0.005
5606.74903 15.076 0.005
5608.74868 14.994 0.005
5608.75137 14.991 0.005
5611.69800 15.099 0.005
5614.70173 14.932 0.005
5616.71872 15.059 0.005
5623.66887 15.075 0.005
5624.66872 14.891 0.005
5626.62609 14.911 0.005
5629.64613 14.927 0.005
5631.60481 14.858 0.005
5633.65467 14.905 0.005
5635.64555 15.034 0.005
5639.63015 15.072 0.005
5641.61798 14.974 0.005
5643.58155 14.878 0.005
5645.59039 14.869 0.005
5647.61394 14.963 0.005
5649.59615 15.078 0.005
5652.60114 14.879 0.005
5654.60162 14.977 0.005
5656.58862 15.093 0.005
5657.58950 14.867 0.005
5660.58852 15.019 0.005
5666.56935 14.927 0.005
5668.55415 15.034 0.005
5669.55383 14.911 0.005
5671.56730 14.865 0.005
5674.57320 14.978 0.005
5675.56512 15.066 0.005
5677.56480 15.101 0.005
5678.54555 14.879 0.005
5681.54138 14.960 0.005
5684.53472 15.107 0.005
5686.53772 15.032 0.005
5687.52378 14.994 0.005
5691.50300 15.082 0.005
5694.52119 15.015 0.005
5696.50938 15.114 0.005
5698.51591 15.084 0.005
5699.51574 14.924 0.005
5702.49574 14.914 0.005
5709.47768 14.896 0.005
5787.91832 15.069 0.005
5802.92828 14.949 0.005
5804.90701 15.088 0.005
5810.90414 14.948 0.005
5813.87614 15.088 0.005
5817.90171 14.929 0.005
5820.88386 15.081 0.005
5823.87617 15.055 0.005
5825.87810 15.114 0.005
5827.90303 15.067 0.005
5830.88890 15.056 0.005
5832.87002 15.108 0.005
5834.87057 15.048 0.005
5835.90027 14.957 0.005
5837.81704 15.086 0.005
5839.88249 15.097 0.005
5842.86590 14.982 0.005
5846.85727 15.075 0.005
5851.87779 15.098 0.005
5858.86456 15.116 0.005
5859.85058 14.875 0.005
5860.83374 15.062 0.005
5863.85241 15.060 0.005
5864.79998 14.871 0.005
5865.86558 15.117 0.005
5866.86338 14.868 0.005
5868.82016 14.969 0.005
5870.77705 15.085 0.005
5871.76730 14.879 0.005
5873.81289 14.869 0.005
5874.85130 15.047 0.005
5875.84323 14.977 0.005
5879.81724 15.090 0.005
5881.83978 15.024 0.005
5882.86216 14.979 0.005
5885.81878 14.850 0.005
5887.85950 14.894 0.005
5889.73118 15.051 0.005
5891.75783 15.107 0.005
5893.79638 15.075 0.005
5895.83390 14.983 0.005
5897.81958 14.897 0.005
5898.84104 15.096 0.005
5899.83769 14.879 0.005
5900.75500 15.049 0.005
5901.72545 14.964 0.005
5902.83845 14.990 0.005
5903.85568 15.051 0.005
5904.84136 14.884 0.005
5905.84650 15.113 0.005
5906.83963 14.868 0.005
5907.84343 15.052 0.005
5908.83804 14.964 0.005
5909.84611 14.960 0.005
5910.84933 15.069 0.005
5911.77973 14.865 0.005
5912.81634 15.092 0.005
5913.80461 14.882 0.005
5914.81166 15.029 0.005
5915.82043 14.974 0.005
5916.82431 14.941 0.005
5917.81762 15.098 0.005
5921.82625 15.029 0.005
5922.83889 14.998 0.005
5923.81963 14.910 0.005
5924.83404 15.100 0.005
5925.85547 14.870 0.005
5926.84279 15.073 0.005
5927.83372 14.907 0.005
5929.80841 15.022 0.005
5930.87228 14.954 0.005
5932.82859 14.846 0.005
5933.85481 15.088 0.005
5934.85870 14.918 0.005
5938.82112 15.101 0.005
5939.82433 14.860 0.005
5940.84065 15.067 0.005
5941.82522 14.943 0.005
5943.82465 15.066 0.005
5944.81521 14.890 0.005
5945.81517 15.090 0.005
5947.80230 15.047 0.005
5948.79226 14.969 0.005
5949.80676 14.958 0.005
5950.68094 15.114 0.005
5951.70759 14.851 0.005
5952.76908 15.095 0.005
5953.72874 14.908 0.005
5954.78045 15.016 0.005
5955.79737 14.997 0.005
5956.79654 14.941 0.005
5958.78420 14.865 0.005
5959.76923 15.101 0.005
5960.74069 14.904 0.005
5961.74307 14.989 0.005
5962.74429 15.050 0.005
5963.64009 14.877 0.005
5967.67474 14.958 0.005
5968.69476 14.979 0.005
5969.74836 15.052 0.005
5970.71507 14.876 0.005
5971.76307 15.116 0.005
5972.75737 14.855 0.005
5973.72511 15.050 0.005
5976.74533 15.065 0.005
5977.72690 14.886 0.005
5978.73683 15.099 0.005
5979.58879 14.898 0.005
5981.71205 14.997 0.005
5982.73815 14.939 0.005
5983.74328 15.101 0.005
5984.71260 14.875 0.005
5985.59821 15.068 0.005
5986.72680 14.903 0.005
5987.71935 15.022 0.005
5988.71012 14.994 0.005
5990.67806 15.110 0.005
5991.70974 14.863 0.005
5992.70815 15.095 0.005
5993.68833 14.923 0.005
5994.69820 14.989 0.005
5995.70232 15.039 0.005
5996.67889 14.901 0.005
5997.68369 15.119 0.005
5998.69253 14.861 0.005
5999.68361 15.069 0.005
6000.67142 14.939 0.005
6001.65371 14.976 0.005
6002.67395 15.065 0.005
6003.58834 14.869 0.005
6004.66621 15.106 0.005
6005.65455 14.867 0.005
6006.60015 15.030 0.005
6007.64017 14.970 0.005
6009.66054 15.076 0.005
6010.62921 14.871 0.005
6011.62842 15.100 0.005
6012.63675 14.885 0.005
6013.61066 15.014 0.005
6014.58815 15.017 0.005
6015.59110 14.919 0.005
6016.64372 15.095 0.005
6017.60368 14.862 0.005
6019.63552 14.900 0.005
6020.63080 15.013 0.005
6021.63349 15.003 0.005
6022.63017 14.918 0.005
6023.61777 15.111 0.005
6024.62500 14.866 0.005
6025.60957 15.081 0.005
6026.61685 14.922 0.005
6028.52741 15.086 0.005
6033.59041 14.955 0.005
6035.58072 15.049 0.005
6036.55741 14.877 0.005
6037.57474 15.109 0.005
6038.56374 14.882 0.005
6039.58535 15.052 0.005
6040.55547 14.975 0.005
6042.55369 15.102 0.005
6042.56959 15.111 0.005
6047.54508 14.996 0.005
6048.54831 14.922 0.005
6049.53747 15.103 0.005
6052.53074 14.917 0.005
6055.52459 14.921 0.005
6058.51060 15.067 0.005
6062.49155 14.896 0.005
6067.49757 14.969 0.005
6070.49473 15.113 0.005
6080.47776 15.010 0.005
6085.46289 14.920 0.005
6158.89128 14.886 0.005
6172.90739 14.861 0.005
6185.91264 15.111 0.005
6196.84541 14.929 0.005
6200.86273 14.910 0.005
6203.86883 14.931 0.005
6208.88013 14.999 0.005
6216.86728 15.060 0.005
6220.79813 15.030 0.005
6223.80673 15.079 0.005
6225.82795 15.106 0.005
6225.84324 15.101 0.005
6225.85899 15.102 0.005
6234.85387 15.027 0.005
6245.81514 14.849 0.005
6249.77084 15.076 0.005
6252.77507 14.882 0.005
6255.77776 14.955 0.005
6258.75876 15.101 0.005
6264.81383 14.848 0.005
6273.82993 14.881 0.005
6286.75947 15.049 0.005
6309.76826 14.926 0.005
6317.71943 15.099 0.005
6323.70960 14.868 0.005
6340.65457 15.001 0.005
6344.59277 14.857 0.005
6348.63451 15.065 0.005
6356.59189 14.864 0.005
6370.59553 14.859 0.005
6403.48413 14.867 0.005
6516.90825 14.929 0.005
6522.87233 15.003 0.005
6537.90535 14.882 0.005
6552.86741 15.078 0.005
6568.89705 14.969 0.005
6572.81749 14.884 0.005
6582.84131 14.947 0.005
6586.79806 14.894 0.005
6593.82636 14.928 0.005
6604.87111 15.104 0.005
6609.76762 15.079 0.005
6614.77731 14.968 0.005
6618.83085 15.106 0.005
6627.83144 15.019 0.005
6633.81073 14.911 0.005
6640.81069 14.925 0.005
6646.81162 15.043 0.005
6649.78715 15.088 0.005
6654.79992 14.973 0.005
6659.73162 14.910 0.005
6662.81305 14.930 0.005
6669.81848 14.925 0.005
6674.80173 14.981 0.005
6679.79860 15.058 0.005
6682.70844 15.083 0.005
6688.73787 14.933 0.005
6695.71605 14.912 0.005
6700.68353 14.990 0.005
6703.65011 15.111 0.005
6708.64307 15.079 0.005
6708.72032 15.059 0.005
6709.63743 14.883 0.005
6710.64680 15.091 0.005
6711.63375 14.882 0.005
6711.70911 14.861 0.005
6712.58433 15.026 0.005
6713.61011 14.984 0.005
6714.61717 14.942 0.005
6714.66740 14.951 0.005
6715.56665 15.104 0.005
6716.61919 14.856 0.005
6717.62936 15.087 0.005
6718.67464 14.885 0.005
6719.65568 15.018 0.005
6721.63798 14.925 0.005
6722.62672 15.095 0.005
6722.64728 15.095 0.005
6723.65038 14.868 0.005
6724.66009 15.099 0.005
6726.63175 15.010 0.005
6727.64064 15.023 0.005
6728.66232 14.907 0.005
6729.65576 15.107 0.005
6730.64985 14.865 0.005
6732.65466 14.921 0.005
6734.62881 15.045 0.005
6736.59724 15.103 0.005
6739.60361 14.952 0.005
6740.53186 14.941 0.005
6741.55852 15.084 0.005
6848.93717 14.979 0.005
6851.92717 15.107 0.005
6855.93235 14.961 0.005
6857.93442 14.869 0.005
6862.93582 14.967 0.005
6864.92825 14.863 0.005
6866.92787 14.877 0.005
6872.90921 15.077 0.005
6880.91107 14.919 0.005
6883.91272 14.892 0.005
6886.91240 15.060 0.005
6888.91495 14.979 0.005
6894.92077 14.951 0.005
6904.87952 14.867 0.005
6909.86640 14.902 0.005
6919.84934 15.061 0.005
6925.84209 14.867 0.005
6929.89044 15.082 0.005
6937.81628 14.852 0.005
6941.83652 15.009 0.005
6953.76745 14.957 0.005
6958.85689 14.868 0.005
6965.77510 14.885 0.005
6970.81634 14.876 0.005
6977.71620 14.849 0.005
6990.77681 15.122 0.005
6995.83626 15.050 0.005
7000.83295 14.957 0.005
7005.85712 14.861 0.005
7009.81786 15.090 0.005
7012.84793 14.876 0.005
7016.81043 15.108 0.005
7020.80827 15.002 0.005
7024.78167 14.855 0.005
7029.75159 14.887 0.005
7032.80842 15.059 0.005
7034.79726 14.963 0.005
7035.67094 15.102 0.005
7036.72014 14.858 0.005
7037.66615 15.081 0.005
7038.65908 14.907 0.005
7038.78680 14.879 0.005
7039.65948 14.999 0.005
7040.71719 14.991 0.005
7040.78151 14.966 0.005
7041.71803 14.924 0.005
7042.70304 15.091 0.005
7043.70185 14.856 0.005
7044.70708 15.082 0.005
7044.76811 15.093 0.005
7045.70499 14.908 0.005
7046.71218 15.000 0.005
7047.72762 15.010 0.005
7048.74016 14.920 0.005
7049.70104 15.107 0.005
7050.70539 14.863 0.005
7051.75564 15.082 0.005
7052.72517 14.912 0.005
7053.68997 14.984 0.005
7054.55501 15.087 0.005
7054.72279 15.044 0.005
7054.77069 15.029 0.005
7055.55136 14.863 0.005
7055.61803 14.871 0.005
7055.68286 14.887 0.005
7055.74752 14.908 0.005
7056.55636 15.104 0.005
7056.63422 15.106 0.005
7056.69539 15.104 0.005
7056.72179 15.109 0.005
7056.75594 15.106 0.005
7057.55620 14.887 0.005
7057.60356 14.871 0.005
7057.68289 14.862 0.005
7057.75296 14.865 0.005
7058.55256 15.025 0.005
7058.69554 15.058 0.005
7058.76044 15.075 0.005
7059.58626 14.984 0.005
7059.66428 14.961 0.005
7059.75860 14.926 0.005
7060.58065 14.930 0.005
7060.66858 14.955 0.005
7060.73936 14.984 0.005
7061.56587 15.105 0.005
7061.69693 15.076 0.005
7061.72906 15.062 0.005
7062.54916 14.860 0.005
7062.68837 14.876 0.005
7062.73963 14.896 0.005
7063.64659 15.103 0.005
7063.70122 15.107 0.005
7063.72577 15.106 0.005
7064.55532 14.904 0.005
7064.67098 14.874 0.005
7064.74578 14.866 0.005
7065.53799 14.987 0.005
7065.65978 15.030 0.005
7065.73404 15.053 0.005
7066.57894 15.000 0.005
7066.65169 14.979 0.005
7066.73575 14.970 0.005
7067.54446 14.916 0.005
7067.59320 14.926 0.005
7067.67340 14.945 0.005
7067.73295 14.953 0.005
7068.54423 15.101 0.005
7068.70656 15.082 0.005
7069.54468 14.861 0.005
7069.71531 14.864 0.005
7069.72196 14.879 0.005
7069.72656 14.893 0.005
7070.53739 15.068 0.005
7070.71473 15.106 0.005
7071.58686 14.892 0.005
7071.72089 14.876 0.005
7072.55999 14.998 0.005
7072.71686 15.047 0.005
7074.65429 14.921 0.005
7075.64732 15.112 0.005
7076.65169 14.859 0.005
7076.67945 14.861 0.005
7077.63106 15.071 0.005
7080.57123 15.047 0.005
7080.65319 15.016 0.005
7082.66780 15.102 0.005
7083.58098 14.871 0.005
7085.67453 14.915 0.005
7088.63895 14.880 0.005
7091.64081 15.053 0.005
7097.60645 14.874 0.005
7102.61569 14.857 0.005
7111.60951 14.903 0.005
7113.58142 15.043 0.005
7115.60022 15.106 0.005
7118.58499 14.933 0.005
7124.54991 15.049 0.005
7126.54935 14.967 0.005
7132.52185 15.009 0.005
7134.52425 15.096 0.005
7139.53780 15.004 0.005
7278.90640 14.853 0.005
7282.90849 15.080 0.005
7286.88144 15.032 0.005
7292.87915 14.886 0.005
7295.85037 14.923 0.005
7302.85982 14.903 0.005
7308.84309 15.062 0.005
7318.78629 14.883 0.005
7325.78305 14.908 0.005
7338.77852 15.052 0.005
7342.74824 14.881 0.005
7348.72071 15.096 0.005
7355.79551 15.078 0.005
7366.78204 15.001 0.005
7373.76226 14.983 0.005
7381.73867 15.072 0.005
7384.70573 14.875 0.005
7387.76930 14.946 0.005
7390.77261 15.094 0.005
7398.75183 14.898 0.005
7402.78718 15.096 0.005
7405.76057 14.908 0.005
7413.72322 14.961 0.005
7428.68688 15.113 0.005
7433.68273 15.017 0.005
7437.67690 15.074 0.005
7445.64109 14.959 0.005
7450.64397 14.877 0.005
7456.63515 15.085 0.005
7463.62290 15.074 0.005
7470.56263 15.067 0.005
7474.58566 14.890 0.005
7481.54101 14.881 0.005
7492.49411 15.032 0.005
