5260.64930 15.360 0.006
5261.65260 14.919 0.005
5264.61382 15.226 0.006
5265.61508 15.013 0.006
5266.60758 15.174 0.006
5267.62087 15.320 0.006
5268.60342 14.895 0.005
5269.57273 15.056 0.005
5270.55932 15.220 0.006
5271.58209 15.360 0.006
5273.57054 15.122 0.006
5274.60168 15.292 0.006
5275.58491 15.036 0.006
5276.58095 15.025 0.005
5279.56909 14.928 0.006
5281.54447 15.249 0.006
5282.56392 15.238 0.006
5284.56752 15.156 0.006
5286.55020 14.892 0.005
5288.56386 15.230 0.006
5291.55795 15.133 0.006
5293.54929 15.029 0.006
5295.50543 15.201 0.006
5297.53114 14.924 0.005
5298.57618 15.114 0.006
5301.53695 14.994 0.005
5306.53339 15.224 0.006
5308.54109 14.958 0.006
5309.56176 15.131 0.006
5310.56164 15.275 0.006
5311.52799 15.035 0.006
5313.51065 15.189 0.006
5314.52992 15.365 0.007
5322.47287 14.899 0.006
5325.48717 15.341 0.007
5327.48949 15.140 0.005
5335.48013 15.262 0.006
5341.50162 15.074 0.006
5343.50422 15.302 0.007
5430.92259 15.006 0.005
5443.85630 15.355 0.006
5449.81979 15.172 0.005
5454.91365 15.241 0.007
5462.88786 14.944 0.005
5467.85845 15.182 0.005
5470.82236 15.081 0.005
5481.75379 15.107 0.005
5484.79916 15.011 0.005
5487.74773 14.890 0.005
5488.74986 15.068 0.005
5490.75102 15.305 0.006
5493.76188 15.293 0.006
5497.74900 15.356 0.006
5507.74450 15.231 0.005
5527.68102 14.974 0.005
5530.66551 14.936 0.005
5531.85143 15.078 0.005
5533.67655 15.355 0.006
5534.71994 14.952 0.005
5539.84990 15.201 0.006
5541.81936 14.940 0.005
5544.83558 15.122 0.005
5546.66519 15.163 0.005
5547.82668 15.342 0.006
5549.76754 15.072 0.005
5551.77927 15.322 0.006
5553.79844 15.147 0.006
5554.81704 15.298 0.006
5556.77944 15.041 0.005
5558.78583 15.358 0.006
5559.81985 14.939 0.005
5561.77026 15.262 0.005
5562.81325 15.090 0.005
5563.77596 15.016 0.005
5565.80203 15.337 0.006
5566.79714 14.897 0.005
5575.74436 15.214 0.005
5577.71965 14.921 0.005
5578.72313 15.106 0.005
5580.71688 15.134 0.005
5581.71927 15.001 0.005
5583.73533 15.322 0.006
5584.73352 14.888 0.005
5585.78937 15.090 0.005
5589.72598 15.155 0.005
5590.68915 15.295 0.005
5592.76176 15.049 0.005
5595.70932 14.932 0.005
5597.65570 15.262 0.005
5598.72086 15.108 0.005
5599.71576 15.012 0.005
5601.74369 15.347 0.006
5602.73357 14.911 0.005
5605.73705 15.263 0.005
5606.73583 14.975 0.005
5608.71869 15.306 0.006
5611.69538 15.230 0.006
5614.68858 15.109 0.005
5623.64925 15.291 0.005
5626.57907 15.296 0.006
5629.63287 15.205 0.006
5631.56358 14.935 0.005
5633.64149 15.264 0.005
5635.60704 15.014 0.005
5639.61690 15.087 0.006
5641.60469 15.293 0.006
5643.56833 15.135 0.005
5645.57686 14.951 0.005
5647.60043 15.214 0.005
5649.56694 14.939 0.005
5652.58227 15.106 0.005
5654.58550 15.187 0.005
5657.54535 15.079 0.005
5659.58112 15.294 0.006
5665.55514 15.228 0.006
5667.53545 14.938 0.005
5671.53776 15.024 0.005
5675.53334 15.076 0.005
5677.53291 15.288 0.006
5682.52808 15.050 0.005
5686.50906 15.118 0.005
5693.50650 15.084 0.005
5695.45381 15.299 0.007
5786.93084 15.087 0.005
5802.88469 15.355 0.006
5805.89303 15.242 0.005
5810.84106 14.908 0.005
5816.90127 15.291 0.005
5819.88668 15.197 0.005
5822.85738 15.099 0.005
5824.85428 15.196 0.005
5826.82410 15.158 0.005
5829.80204 15.037 0.005
5833.79247 15.126 0.005
5835.82123 15.028 0.005
5836.89254 15.033 0.005
5839.79953 14.919 0.005
5855.86116 15.204 0.005
5858.81747 15.122 0.006
5861.82994 15.007 0.005
5864.85562 14.901 0.005
5865.75889 15.066 0.005
5871.75893 14.988 0.005
5873.78527 15.211 0.005
5874.81762 15.357 0.006
5878.85103 15.077 0.005
5880.77580 15.176 0.005
5882.80851 14.894 0.005
5885.80636 15.300 0.005
5888.85154 15.319 0.005
5890.83298 15.051 0.005
5891.85031 15.223 0.005
5893.73135 14.928 0.005
5895.77227 15.280 0.006
5896.81960 15.082 0.005
5897.85587 15.021 0.005
5899.72768 15.334 0.005
5900.82894 14.910 0.005
5901.83963 15.094 0.005
5902.77345 15.229 0.006
5903.82797 15.236 0.005
5904.79289 14.976 0.005
5905.76191 15.141 0.005
5906.77495 15.310 0.005
5907.77672 14.913 0.005
5908.79288 15.050 0.005
5910.78619 15.340 0.005
5911.81285 14.947 0.005
5912.83383 15.132 0.005
5914.82897 15.016 0.005
5915.79147 15.021 0.005
5916.80963 15.199 0.005
5917.78940 15.351 0.005
5923.78870 15.160 0.005
5924.78926 15.297 0.005
5925.79339 14.903 0.005
5927.78897 15.194 0.005
5929.79560 14.960 0.005
5931.72570 15.286 0.005
5932.78314 15.010 0.005
5933.79112 15.021 0.005
5934.81150 15.188 0.005
5936.73474 14.894 0.005
5937.75613 15.098 0.005
5938.74925 15.238 0.005
5941.74592 15.157 0.005
5942.77026 15.333 0.005
5943.77836 14.894 0.005
5944.76969 15.067 0.005
5945.75082 15.220 0.005
5947.75738 14.975 0.005
5948.74637 15.143 0.005
5949.76198 15.290 0.005
5951.74304 15.035 0.005
5953.76193 15.360 0.006
5955.75117 15.087 0.005
5959.74050 15.175 0.005
5962.62566 15.043 0.005
5965.66942 14.953 0.005
5968.67587 15.040 0.005
5971.72333 15.341 0.005
5973.64079 15.091 0.005
5974.64893 15.258 0.005
5979.69772 14.890 0.005
5980.68285 15.072 0.005
5982.68490 15.341 0.005
5984.68453 15.141 0.005
5986.69174 14.977 0.005
5988.67035 15.191 0.006
5989.65571 15.351 0.006
5991.65419 15.107 0.005
5992.66309 15.253 0.005
5994.56975 14.983 0.005
5997.63868 14.890 0.005
6000.66673 15.331 0.005
6003.58358 15.295 0.006
6007.60842 15.354 0.005
6011.61678 15.191 0.005
6018.56998 15.358 0.005
6023.54734 15.023 0.005
6026.56620 14.913 0.005
6033.54523 14.903 0.005
6034.53367 15.066 0.005
6036.55140 15.322 0.006
6038.54399 15.149 0.006
6039.54859 15.305 0.006
6040.53584 15.011 0.005
6047.52526 15.202 0.005
6050.50838 15.346 0.006
6057.50943 15.323 0.005
6067.49253 15.205 0.005
6141.93434 15.010 0.005
6182.91186 15.240 0.005
6200.85806 15.258 0.006
6203.84516 15.159 0.005
6208.84922 15.361 0.005
6212.88006 15.035 0.005
6220.75743 14.978 0.005
6222.88457 15.349 0.007
6225.82057 15.228 0.005
6230.76334 15.103 0.005
6232.87681 15.193 0.006
6235.86969 15.097 0.005
6251.81023 15.350 0.005
6254.75603 15.248 0.005
6257.79817 15.190 0.005
6262.77282 15.332 0.005
6265.79504 15.281 0.005
6271.81291 15.107 0.005
6278.79944 15.076 0.005
6283.78437 15.297 0.005
6287.81272 15.374 0.006
6291.82205 15.091 0.005
6297.73887 15.247 0.005
6303.57858 15.018 0.005
6310.70233 15.013 0.005
6318.67982 15.155 0.005
6338.63087 14.991 0.005
6343.62908 15.117 0.005
6350.61419 15.070 0.005
6355.55786 15.308 0.005
6361.57400 15.120 0.005
6368.59095 15.087 0.005
6374.60342 14.931 0.005
6381.57013 15.125 0.005
6389.54874 14.987 0.005
6398.50259 15.284 0.005
6511.92778 15.026 0.005
6521.90910 14.896 0.005
6532.90712 14.910 0.005
6564.89954 14.957 0.005
6572.81306 15.000 0.005
6579.73507 14.957 0.005
6584.75673 15.184 0.005
6593.76691 14.901 0.005
6607.79833 15.143 0.005
6613.75750 15.238 0.005
6617.72780 15.275 0.005
6627.76817 15.180 0.005
6637.77449 15.046 0.005
6644.81165 15.028 0.005
6650.80321 15.238 0.005
6657.82152 15.345 0.005
6660.76114 15.294 0.005
6668.79278 15.206 0.005
6671.77273 15.327 0.005
6678.78969 15.309 0.005
6682.68478 15.356 0.005
6693.64166 15.360 0.005
6698.71218 15.031 0.005
6703.67572 15.297 0.006
6707.66604 15.321 0.005
6710.68116 15.232 0.005
6715.65328 15.035 0.005
6731.62863 15.149 0.005
6874.93237 15.075 0.005
6885.92576 15.108 0.005
6904.92452 15.263 0.007
6920.79811 14.934 0.005
6926.78847 15.328 0.005
6937.79483 15.337 0.006
6941.81513 15.103 0.006
6951.85754 15.320 0.005
6957.81223 15.131 0.005
6963.80515 14.907 0.005
6969.82305 15.317 0.006
6975.81702 15.149 0.005
6982.86468 15.106 0.005
6992.79491 14.944 0.005
6995.73416 15.048 0.005
7000.72631 15.090 0.005
7004.82264 15.168 0.005
7008.76192 15.227 0.005
7013.80883 14.937 0.005
7017.81861 14.942 0.005
7021.80295 15.013 0.005
7025.75600 15.080 0.005
7029.73660 15.137 0.005
7035.75843 14.936 0.005
7045.72014 15.313 0.005
7050.69927 15.036 0.005
7057.66638 14.999 0.005
7063.69604 15.320 0.006
7076.67459 15.186 0.005
7080.63348 15.236 0.006
7082.62203 14.970 0.005
7086.65644 15.044 0.005
7089.62756 14.931 0.005
7093.60774 15.013 0.005
7099.63332 15.298 0.005
7110.58144 15.109 0.005
7114.56340 14.895 0.005
7118.56298 14.971 0.005
7124.54324 15.361 0.005
7131.51521 15.354 0.006
7133.51149 15.077 0.005
7136.49433 14.975 0.005
7141.49608 15.211 0.005
7144.50641 15.130 0.006
7278.85677 15.355 0.006
7297.83113 14.930 0.005
7303.85048 15.336 0.005
7308.83589 14.969 0.005
7317.79723 15.259 0.005
7325.75315 15.334 0.005
7339.79499 15.329 0.005
7345.75235 15.154 0.005
7353.86690 15.276 0.007
7357.85879 15.345 0.006
7364.76925 15.307 0.005
7367.84141 15.231 0.005
7371.80272 15.283 0.005
7376.80130 14.915 0.005
7381.70892 15.151 0.005
7385.71217 15.225 0.005
7389.73669 15.283 0.005
7398.70983 14.986 0.005
7402.74487 15.053 0.005
7405.74027 14.957 0.005
7409.70949 15.027 0.005
7415.67833 15.274 0.005
7424.66570 15.137 0.005
7428.68247 15.195 0.005
7434.66296 14.995 0.005
7438.67275 15.057 0.005
7442.63342 15.123 0.005
7446.64708 15.191 0.005
7451.62162 15.241 0.005
7458.64357 15.351 0.005
7463.59362 15.020 0.005
7470.54091 14.986 0.005
7472.56060 15.322 0.005
7476.57591 15.357 0.006
7488.51934 15.003 0.005
7499.54224 15.039 0.005
