5261.66571 14.122 0.005
5262.65974 14.132 0.005
5264.62882 13.961 0.005
5265.62831 14.055 0.005
5266.62224 14.137 0.005
5267.63401 14.109 0.005
5268.61637 13.933 0.005
5269.58574 13.988 0.005
5270.58797 14.087 0.005
5271.59526 14.147 0.005
5273.58355 13.921 0.005
5274.61479 14.016 0.005
5276.59417 14.135 0.005
5279.58229 14.035 0.005
5281.57245 14.133 0.005
5282.57702 13.953 0.005
5285.56706 14.145 0.005
5287.56385 13.923 0.005
5290.49704 14.147 0.005
5293.49293 14.017 0.005
5295.52174 14.134 0.005
5296.59693 14.001 0.005
5297.54451 13.949 0.005
5299.52709 14.127 0.005
5301.55010 13.947 0.005
5305.54774 14.098 0.005
5307.48412 13.994 0.005
5308.55415 14.100 0.005
5309.57490 14.141 0.005
5311.54113 13.936 0.005
5313.52368 14.124 0.005
5315.50439 13.968 0.005
5321.49089 13.971 0.005
5322.50098 14.085 0.005
5324.50535 14.075 0.005
5326.51284 14.003 0.005
5327.50286 14.104 0.005
5335.49327 13.977 0.005
5432.92194 14.091 0.005
5443.87282 13.955 0.005
5448.90427 13.985 0.005
5451.84738 14.067 0.005
5454.89664 14.110 0.005
5457.79126 13.939 0.005
5461.86909 13.944 0.005
5465.88835 14.090 0.005
5467.87122 13.998 0.005
5468.86020 14.080 0.005
5470.83525 14.051 0.005
5471.88285 13.935 0.005
5473.81773 14.108 0.005
5477.82088 14.045 0.005
5478.84268 14.126 0.005
5481.76655 13.968 0.005
5483.79948 14.132 0.005
5484.81195 14.083 0.005
5486.79367 14.004 0.005
5487.79553 14.096 0.005
5488.86669 14.121 0.005
5490.85860 13.934 0.005
5491.84662 14.033 0.005
5492.78836 14.123 0.005
5493.81062 14.126 0.005
5494.85541 13.947 0.005
5495.81261 13.959 0.005
5496.81042 14.052 0.005
5497.84057 14.132 0.005
5499.74761 13.919 0.005
5502.81775 14.135 0.005
5503.77300 14.065 0.005
5505.74271 14.003 0.005
5506.76020 14.105 0.005
5507.77833 14.136 0.005
5509.68669 13.938 0.005
5510.74260 14.035 0.005
5511.71886 14.115 0.005
5512.76191 14.123 0.005
5513.73221 13.952 0.005
5514.76473 13.973 0.005
5515.68202 14.053 0.005
5516.76758 14.136 0.005
5517.68070 14.103 0.005
5518.77715 13.916 0.005
5519.70357 13.991 0.005
5521.72039 14.142 0.005
5522.74552 14.048 0.005
5523.71021 13.923 0.005
5524.71872 14.023 0.005
5525.75172 14.116 0.005
5526.70383 14.138 0.005
5527.78452 13.971 0.005
5528.72564 13.948 0.005
5529.70592 14.042 0.005
5530.71312 14.129 0.005
5531.79636 14.112 0.005
5532.70452 13.934 0.005
5533.72786 13.970 0.005
5534.75934 14.078 0.005
5535.73621 14.147 0.005
5536.73886 14.078 0.005
5539.74909 14.100 0.005
5540.83328 14.134 0.005
5541.69944 14.032 0.005
5542.75862 13.942 0.005
5543.79285 14.030 0.005
5544.77686 14.114 0.005
5545.76615 14.114 0.005
5546.71587 13.949 0.005
5547.77564 13.970 0.005
5548.74353 14.056 0.005
5549.70342 14.130 0.005
5550.75567 14.087 0.005
5551.71317 13.924 0.005
5553.75916 14.087 0.005
5556.70715 13.922 0.005
5557.68830 14.016 0.005
5558.68920 14.103 0.005
5559.73238 14.127 0.005
5560.67110 14.001 0.005
5561.70487 13.945 0.005
5562.72423 14.043 0.005
5563.65820 14.126 0.005
5565.69009 13.935 0.005
5566.71678 13.973 0.005
5568.73708 14.140 0.005
5569.73165 14.081 0.005
5570.77114 13.905 0.005
5571.70276 13.997 0.005
5572.81976 14.102 0.005
5575.72372 13.935 0.005
5576.69789 14.021 0.005
5577.70016 14.116 0.005
5578.70752 14.125 0.005
5579.75742 13.953 0.005
5580.70144 13.961 0.005
5581.70358 14.053 0.005
5582.71052 14.127 0.005
5583.71895 14.100 0.005
5584.70325 13.923 0.005
5585.70319 13.987 0.005
5586.66695 14.077 0.005
5587.64916 14.127 0.005
5588.75309 14.051 0.005
5589.65908 13.921 0.005
5591.69643 14.109 0.005
5592.67867 14.136 0.005
5593.66163 14.010 0.005
5594.67791 13.943 0.005
5595.65655 14.036 0.005
5596.71963 14.129 0.005
5597.63711 14.127 0.005
5598.70343 13.926 0.005
5599.66708 13.963 0.005
5600.69977 14.062 0.005
5601.67939 14.142 0.005
5602.67814 14.094 0.005
5603.68484 13.913 0.005
5604.68523 13.990 0.005
5605.68774 14.094 0.005
5606.70005 14.144 0.005
5607.71060 14.032 0.005
5608.70368 13.921 0.005
5609.72842 14.021 0.005
5611.65895 14.133 0.005
5612.71149 13.963 0.005
5613.67466 13.953 0.005
5614.66699 14.046 0.005
5615.66038 14.128 0.005
5616.67640 14.095 0.005
5619.65830 14.070 0.005
5622.66019 13.911 0.005
5623.61922 14.007 0.005
5624.56046 14.091 0.005
5625.65193 14.131 0.005
5626.61301 14.025 0.005
5627.57780 13.925 0.005
5629.61798 14.120 0.005
5630.62940 14.120 0.005
5632.57761 13.946 0.005
5633.62651 14.057 0.005
5634.58698 14.123 0.005
5635.59125 14.113 0.005
5638.59587 14.075 0.005
5639.57163 14.141 0.005
5640.54504 14.068 0.005
5641.57428 13.916 0.005
5642.52097 14.001 0.005
5643.51871 14.096 0.005
5644.52147 14.136 0.005
5645.52018 14.021 0.005
5646.53322 13.942 0.005
5647.53516 14.036 0.005
5648.53581 14.125 0.005
5649.55057 14.121 0.005
5650.53103 13.946 0.005
5651.53689 13.963 0.005
5652.53184 14.065 0.005
5653.56193 14.139 0.005
5654.57039 14.085 0.005
5655.56166 13.910 0.005
5656.57047 13.998 0.005
5657.53040 14.096 0.005
5659.52972 14.044 0.005
5660.57512 13.922 0.005
5664.50928 13.989 0.005
5665.52450 13.941 0.005
5666.52131 14.050 0.005
5667.50347 14.130 0.005
5668.50940 14.124 0.005
5669.50298 13.929 0.005
5670.55451 13.975 0.005
5671.50488 14.076 0.005
5672.49973 14.142 0.005
5674.50782 13.914 0.005
5675.50109 13.998 0.005
5676.55687 14.097 0.005
5677.49772 14.136 0.005
5678.53156 14.018 0.005
5679.49919 13.929 0.005
5680.54798 14.038 0.005
5681.51262 14.124 0.005
5682.51181 14.126 0.005
5683.51637 13.960 0.005
5684.52136 13.958 0.005
5685.49283 14.056 0.005
5686.49335 14.134 0.005
5687.49552 14.094 0.005
5691.48702 14.142 0.005
5694.50360 14.021 0.005
5695.48803 14.117 0.005
5696.49641 14.124 0.005
5697.48637 13.994 0.005
5699.49586 14.044 0.005
5700.48744 14.134 0.005
5702.48428 13.926 0.005
5709.47105 14.086 0.005
5785.90983 14.135 0.005
5796.91174 13.922 0.005
5803.89557 14.106 0.005
5805.86000 14.027 0.005
5806.91104 13.939 0.005
5809.87222 14.132 0.005
5810.87537 13.958 0.005
5812.86830 14.056 0.005
5814.91730 14.108 0.005
5815.89669 13.915 0.005
5816.87081 13.990 0.005
5817.87248 14.083 0.005
5818.90049 14.137 0.005
5819.85450 14.063 0.005
5822.84216 14.106 0.005
5824.83899 14.004 0.005
5825.82725 13.951 0.005
5826.87578 14.036 0.005
5827.86975 14.121 0.005
5828.89599 14.107 0.005
5829.86932 13.931 0.005
5830.86091 13.978 0.005
5831.85260 14.065 0.005
5832.84207 14.131 0.005
5833.82634 14.085 0.005
5834.82735 13.925 0.005
5835.88729 14.008 0.005
5836.79376 14.087 0.005
5837.87407 14.142 0.005
5839.85480 13.927 0.005
5840.83832 14.031 0.005
5841.83533 14.110 0.005
5842.85299 14.132 0.005
5843.86845 13.957 0.005
5845.88342 14.051 0.005
5846.84398 14.128 0.005
5850.80861 14.073 0.005
5851.81681 14.142 0.005
5853.87234 13.907 0.005
5854.77603 13.998 0.005
5855.84536 14.100 0.005
5856.81697 14.123 0.005
5857.81764 14.016 0.005
5858.85119 13.939 0.005
5859.81973 14.030 0.005
5860.80478 14.114 0.005
5861.81379 14.122 0.005
5863.81696 13.973 0.005
5864.72425 14.060 0.005
5865.79427 14.136 0.005
5866.81801 14.091 0.005
5867.75691 13.924 0.005
5869.82397 14.094 0.005
5870.76372 14.138 0.005
5871.74987 14.048 0.005
5872.75918 13.928 0.005
5873.75444 14.023 0.005
5874.79142 14.123 0.005
5875.72390 14.141 0.005
5878.82487 14.050 0.005
5879.73219 14.130 0.005
5880.76049 14.119 0.005
5881.74700 13.939 0.005
5882.77783 13.970 0.005
5883.78178 14.075 0.005
5885.71885 14.103 0.005
5886.74915 13.919 0.005
5887.82156 14.006 0.005
5888.81018 14.100 0.005
5889.85242 14.129 0.005
5890.78594 14.034 0.005
5891.74461 13.936 0.005
5892.76238 14.025 0.005
5893.78050 14.112 0.005
5894.80398 14.116 0.005
5895.82106 13.959 0.005
5896.80416 13.961 0.005
5897.75093 14.049 0.005
5898.73314 14.130 0.005
5899.79229 14.097 0.005
5900.74195 13.924 0.005
5901.79123 13.996 0.005
5902.74252 14.094 0.005
5903.79765 14.133 0.005
5904.77232 14.049 0.005
5905.74633 13.926 0.005
5906.75820 14.016 0.005
5907.73629 14.104 0.005
5908.76166 14.129 0.005
5909.80614 13.974 0.005
5910.71896 13.934 0.005
5911.75083 14.042 0.005
5912.77127 14.125 0.005
5913.74320 14.115 0.005
5914.76588 13.926 0.005
5915.72293 13.964 0.005
5916.77922 14.065 0.005
5917.74044 14.129 0.005
5922.75750 14.133 0.005
5923.73369 14.043 0.005
5924.71502 13.930 0.005
5925.72905 14.009 0.005
5926.74085 14.109 0.005
5927.73982 14.116 0.005
5929.71404 13.950 0.005
5930.85921 14.054 0.005
5931.68106 14.124 0.005
5932.67932 14.103 0.005
5933.72822 13.924 0.005
5934.72430 13.980 0.005
5936.66984 14.135 0.005
5937.69914 14.077 0.005
5938.70046 13.917 0.005
5939.74403 14.011 0.005
5940.77961 14.110 0.005
5941.78028 14.129 0.005
5942.80492 13.985 0.005
5943.76179 13.941 0.005
5944.75467 14.038 0.005
5945.73538 14.124 0.005
5946.67522 14.124 0.005
5946.79120 14.116 0.005
5947.74222 13.934 0.005
5948.73059 13.963 0.005
5949.74676 14.065 0.005
5950.66774 14.131 0.005
5951.69315 14.100 0.005
5952.71773 13.914 0.005
5953.71565 13.987 0.005
5954.71323 14.079 0.005
5955.73585 14.137 0.005
5956.73585 14.053 0.005
5958.75307 14.020 0.005
5959.72507 14.112 0.005
5960.72707 14.132 0.005
5961.65883 14.000 0.005
5962.65973 13.935 0.005
5963.62649 14.035 0.005
5964.63843 14.117 0.005
5965.63731 14.113 0.005
5967.65948 13.973 0.005
5968.65961 14.074 0.005
5969.63560 14.130 0.005
5970.61310 14.080 0.005
5971.70597 13.914 0.005
5972.69231 14.003 0.005
5973.67542 14.101 0.005
5974.63045 14.141 0.005
5976.66460 13.925 0.005
5977.69817 14.031 0.005
5978.67463 14.117 0.005
5979.62472 14.128 0.005
5980.65492 13.961 0.005
5981.66385 13.952 0.005
5982.66983 14.053 0.005
5983.71291 14.141 0.005
5984.65192 14.100 0.005
5985.68384 13.913 0.005
5986.61356 13.973 0.005
5987.68939 14.085 0.005
5988.65548 14.134 0.005
5989.61944 14.055 0.005
5990.61586 13.904 0.005
5991.68798 14.013 0.005
5992.64821 14.095 0.005
5993.60507 14.137 0.005
5994.60454 14.018 0.005
5995.65143 13.941 0.005
5996.62155 14.034 0.005
5997.62371 14.130 0.005
5998.62205 14.114 0.005
5998.68336 14.118 0.005
5999.66605 13.941 0.005
6000.63812 13.970 0.005
6002.60178 14.126 0.005
6003.56805 14.105 0.005
6004.62838 13.908 0.005
6005.61142 13.999 0.005
6006.59536 14.088 0.005
6007.59366 14.132 0.005
6008.64805 14.032 0.005
6009.56921 13.925 0.005
6010.62480 14.026 0.005
6011.58360 14.111 0.005
6012.61929 14.129 0.005
6013.56436 13.988 0.005
6014.58331 13.946 0.005
6015.57967 14.060 0.005
6016.62008 14.129 0.005
6017.58305 14.116 0.005
6018.53818 13.937 0.005
6019.58690 13.978 0.005
6020.60841 14.076 0.005
6021.59619 14.149 0.005
6022.60809 14.081 0.005
6023.58168 13.910 0.005
6024.60453 13.999 0.005
6025.60455 14.109 0.005
6026.55083 14.135 0.005
6028.58756 13.935 0.005
6032.52541 13.968 0.005
6033.51298 13.954 0.005
6034.51851 14.051 0.005
6035.54395 14.138 0.005
6036.52083 14.111 0.005
6037.52045 13.931 0.005
6038.51217 13.978 0.005
6039.51887 14.082 0.005
6040.52114 14.142 0.005
6042.51879 13.920 0.005
6047.49571 13.942 0.005
6048.49447 14.034 0.005
6049.51776 14.129 0.005
6050.49331 14.130 0.005
6052.50900 13.960 0.005
6053.50605 14.061 0.005
6055.51462 14.095 0.005
6056.50158 13.922 0.005
6057.51386 13.986 0.005
6058.50517 14.083 0.005
6059.49881 14.145 0.005
6060.50207 14.047 0.005
6061.49523 13.916 0.005
6062.48669 14.014 0.005
6064.48848 14.135 0.005
6070.48985 13.944 0.005
6079.47184 14.019 0.005
6123.93569 14.032 0.005
6137.93361 14.011 0.005
6164.92179 13.928 0.005
6166.90489 14.070 0.005
6171.89929 14.099 0.005
6180.87793 14.054 0.005
6181.89207 14.138 0.005
6182.89665 14.088 0.005
6183.89836 13.912 0.005
6185.87464 14.092 0.005
6186.87612 14.140 0.005
6191.90180 14.128 0.005
6196.89143 14.111 0.005
6199.84048 14.063 0.005
6202.84795 13.921 0.005
6204.88313 14.103 0.005
6212.84748 13.952 0.005
6216.84530 13.921 0.005
6219.83031 14.134 0.005
6221.84359 13.925 0.005
6222.84454 14.019 0.005
6223.80165 14.106 0.005
6224.86725 14.122 0.005
6225.74923 14.015 0.005
6226.76164 13.938 0.005
6229.80417 14.121 0.005
6230.74803 13.946 0.005
6231.77285 13.960 0.005
6232.83892 14.058 0.005
6233.84806 14.133 0.005
6234.84925 14.080 0.005
6235.79665 13.919 0.005
6236.81426 13.995 0.005
6238.84800 14.135 0.005
6239.82205 14.034 0.005
6240.86531 13.925 0.005
6241.81895 14.026 0.005
6242.86191 14.115 0.005
6243.83069 14.127 0.005
6244.77103 13.977 0.005
6245.78759 13.953 0.005
6248.80430 14.112 0.005
6251.79494 14.078 0.005
6254.80484 13.916 0.005
6257.83385 14.131 0.005
6262.75704 14.123 0.005
6265.82987 14.058 0.005
6270.85441 14.087 0.005
6274.83671 14.022 0.005
6278.78442 13.942 0.005
6282.80662 13.922 0.005
6286.73994 14.078 0.005
6289.80923 14.109 0.005
6294.83121 14.129 0.005
6299.78773 14.134 0.005
6306.72789 13.923 0.005
6312.71934 14.038 0.005
6317.71422 14.063 0.005
6323.68708 14.145 0.005
6329.64591 13.976 0.005
6333.63750 14.115 0.005
6340.64889 13.993 0.005
6343.59265 14.032 0.005
6347.61898 14.114 0.005
6356.63631 14.135 0.005
6363.55379 13.927 0.005
6371.57671 14.097 0.005
6378.55760 14.015 0.005
6387.55193 13.979 0.005
6396.55743 13.932 0.005
6404.54260 14.090 0.005
6416.51851 14.040 0.005
6509.93701 13.949 0.005
6531.92141 14.097 0.005
6547.88809 13.970 0.005
6571.86182 14.012 0.005
6578.88179 14.110 0.005
6608.84909 13.948 0.005
6616.74722 14.108 0.005
6622.80118 13.925 0.005
6628.82958 14.045 0.005
6638.75468 14.095 0.005
6645.75225 13.976 0.005
6649.75921 14.113 0.005
6654.77934 14.061 0.005
6658.80466 14.129 0.005
6662.80870 14.134 0.005
6667.84476 14.145 0.005
6673.77601 14.042 0.005
6680.78699 14.053 0.005
6690.67966 14.093 0.005
6697.72614 13.951 0.005
6705.69356 14.137 0.005
6712.66078 13.933 0.005
6722.62158 13.991 0.005
6736.63273 13.980 0.005
6738.56123 14.128 0.005
6742.56834 14.093 0.005
6742.57044 14.097 0.005
6744.57419 14.024 0.005
6744.57625 14.020 0.005
6745.54153 13.920 0.005
6745.54362 13.938 0.005
6746.54463 14.031 0.005
6746.54671 14.024 0.005
6747.52500 14.114 0.005
6749.52378 13.957 0.005
6750.58697 13.955 0.005
6751.49005 14.042 0.005
6752.55769 14.124 0.005
6753.50222 14.105 0.005
6754.48902 13.921 0.005
6756.49161 14.071 0.005
6757.48437 14.142 0.005
6759.47202 13.921 0.005
6761.48132 14.094 0.005
6763.47259 14.019 0.005
6765.47334 14.026 0.005
6770.47623 14.054 0.005
6871.94158 14.011 0.005
6888.91011 14.100 0.005
6896.91025 13.967 0.005
6907.89308 14.111 0.005
6926.82225 14.114 0.005
6932.83094 14.089 0.005
6938.81638 13.931 0.005
6942.81394 13.987 0.005
6950.86476 14.134 0.005
6956.86763 14.017 0.005
6961.86226 13.961 0.005
6967.73374 13.973 0.005
6973.73918 14.103 0.005
6980.77621 13.951 0.005
6987.80722 14.087 0.005
6992.77940 14.108 0.005
6997.78519 14.122 0.005
7002.72698 14.127 0.005
7007.73826 14.123 0.005
7013.69377 13.957 0.005
7016.79740 14.130 0.005
7020.80197 14.086 0.005
7024.77734 14.016 0.005
7028.72838 13.957 0.005
7032.78274 13.928 0.005
7037.76026 13.926 0.005
7042.75786 13.936 0.005
7047.72100 13.962 0.005
7051.74963 13.922 0.005
7056.69000 13.927 0.005
7062.68169 14.026 0.005
7080.60525 13.943 0.005
7083.63198 14.108 0.005
7086.64103 14.073 0.005
7091.62094 14.098 0.005
7103.59185 13.935 0.005
7112.59915 14.000 0.005
7115.59569 14.118 0.005
7119.55373 14.068 0.005
7126.54473 14.044 0.005
7131.54921 13.989 0.005
7134.51953 14.125 0.005
7137.54938 13.988 0.005
7143.51399 14.104 0.005
7278.86561 13.965 0.005
7292.85625 13.947 0.005
7294.81728 14.122 0.005
7297.81599 13.960 0.005
7306.87415 13.936 0.005
7312.81239 14.046 0.005
7322.76740 14.101 0.005
7327.87396 14.134 0.005
7339.77797 13.944 0.005
7345.73657 14.044 0.005
7354.81343 14.017 0.005
7361.83630 14.112 0.005
7366.70890 14.096 0.005
7373.86243 14.032 0.005
7377.83418 13.962 0.005
7382.73240 13.978 0.005
7385.74589 14.074 0.005
7390.76772 14.019 0.005
7399.77233 14.083 0.005
7403.78771 14.137 0.005
7408.73503 14.124 0.005
7410.73641 13.953 0.005
7413.69914 14.114 0.005
7416.70607 14.064 0.005
7424.64844 13.948 0.005
7427.68211 14.124 0.005
7431.67405 14.118 0.005
7435.66824 14.068 0.005
7439.67511 14.004 0.005
7443.64569 13.940 0.005
7449.65132 14.058 0.005
7453.62667 13.987 0.005
7462.64043 13.944 0.005
7466.58781 13.931 0.005
7472.59459 13.988 0.005
7476.55033 13.926 0.005
7488.50401 14.125 0.005
7499.52712 13.959 0.005
7508.47258 14.057 0.005
