5260.63332 15.543 0.005
5261.54811 15.802 0.006
5262.61484 15.537 0.005
5264.57863 15.553 0.005
5265.51233 15.798 0.006
5266.57722 15.556 0.006
5267.55853 15.803 0.006
5268.63309 15.545 0.005
5269.54249 15.806 0.006
5271.55124 15.794 0.006
5272.56838 15.587 0.006
5273.54039 15.796 0.006
5274.57152 15.587 0.005
5276.55053 15.616 0.005
5279.53870 15.791 0.006
5281.51408 15.781 0.006
5282.53277 15.669 0.005
5283.54891 15.802 0.007
5284.55221 15.654 0.006
5285.55378 15.784 0.006
5287.54705 15.778 0.006
5289.54008 15.761 0.005
5292.57007 15.649 0.005
5294.54671 15.710 0.006
5297.51488 15.759 0.006
5299.51230 15.752 0.006
5305.47482 15.736 0.006
5307.50189 15.752 0.006
5310.49256 15.833 0.007
5313.47542 15.742 0.007
5315.49120 15.739 0.006
5323.47697 15.711 0.005
5325.47061 15.715 0.006
5327.47049 15.715 0.005
5335.46514 15.703 0.006
5342.47946 15.882 0.008
5343.48906 15.707 0.007
5430.89286 15.880 0.006
5439.90234 15.699 0.005
5444.88451 15.886 0.006
5449.88925 15.687 0.005
5451.89831 15.677 0.006
5454.88407 15.885 0.006
5456.90978 15.867 0.006
5457.89208 15.663 0.005
5461.90442 15.675 0.005
5463.86950 15.664 0.005
5467.84349 15.646 0.006
5468.81747 15.873 0.006
5470.78991 15.866 0.005
5471.84020 15.634 0.005
5476.79592 15.854 0.005
5478.78468 15.842 0.005
5480.79836 15.856 0.005
5482.77460 15.851 0.006
5484.88208 15.857 0.005
5486.78116 15.860 0.006
5487.86012 15.616 0.005
5488.85401 15.851 0.005
5490.72028 15.829 0.006
5491.74058 15.582 0.005
5492.75474 15.835 0.005
5493.74691 15.577 0.005
5495.72709 15.571 0.005
5497.73390 15.571 0.005
5503.83080 15.595 0.005
5506.87058 15.840 0.005
5509.79533 15.566 0.005
5511.73432 15.549 0.005
5513.74790 15.556 0.005
5515.69776 15.544 0.005
5517.69577 15.544 0.005
5521.73603 15.541 0.005
5523.79806 15.548 0.005
5525.80667 15.549 0.005
5527.69651 15.537 0.005
5528.83222 15.829 0.006
5529.75508 15.546 0.005
5530.78496 15.823 0.005
5532.77685 15.818 0.005
5533.84371 15.554 0.005
5534.70454 15.811 0.005
5535.79551 15.539 0.005
5539.83429 15.555 0.005
5541.80419 15.540 0.005
5543.82532 15.533 0.005
5545.82996 15.546 0.005
5547.73897 15.567 0.005
5549.75250 15.563 0.005
5551.76345 15.557 0.005
5553.77607 15.556 0.005
5554.80146 15.816 0.006
5556.76229 15.809 0.005
5557.77474 15.571 0.005
5558.77000 15.812 0.005
5560.79731 15.796 0.005
5561.75482 15.607 0.005
5563.76032 15.609 0.005
5565.78678 15.579 0.005
5568.78829 15.800 0.006
5570.84308 15.798 0.006
5573.81978 15.603 0.005
5573.83022 15.581 0.005
5576.71978 15.770 0.005
5577.75185 15.684 0.005
5578.75415 15.767 0.006
5579.80572 15.632 0.006
5581.73499 15.717 0.005
5582.78169 15.772 0.005
5583.75095 15.712 0.005
5584.76543 15.783 0.005
5585.77215 15.698 0.005
5589.70912 15.790 0.005
5590.70406 15.747 0.005
5591.71462 15.786 0.005
5593.69763 15.823 0.005
5595.67892 15.828 0.005
5596.73461 15.766 0.005
5597.70863 15.816 0.005
5598.73567 15.753 0.005
5599.73053 15.811 0.005
5600.74878 15.738 0.005
5604.73772 15.744 0.005
5606.71530 15.749 0.005
5608.66436 15.725 0.005
5611.67430 15.872 0.006
5613.64082 15.871 0.006
5615.67501 15.869 0.006
5624.62734 15.681 0.005
5627.61372 15.877 0.005
5630.59528 15.670 0.005
5632.59227 15.659 0.006
5634.55261 15.661 0.005
5639.54941 15.860 0.006
5641.58906 15.871 0.006
5643.55305 15.865 0.005
5645.55700 15.868 0.006
5647.58488 15.864 0.005
5649.51638 15.874 0.006
5654.53451 15.611 0.005
5655.51642 15.850 0.005
5657.56054 15.861 0.006
5665.53967 15.854 0.006
5667.51940 15.850 0.006
5671.52140 15.841 0.007
5675.51776 15.840 0.006
5677.51713 15.832 0.005
5680.51288 15.569 0.005
5681.47605 15.841 0.006
5786.91595 15.564 0.005
5802.86991 15.535 0.005
5804.89294 15.541 0.005
5809.92263 15.808 0.006
5813.82721 15.795 0.005
5815.91216 15.825 0.005
5818.86717 15.572 0.005
5820.85627 15.589 0.005
5823.84879 15.798 0.005
5826.80931 15.669 0.005
5828.86457 15.602 0.005
5831.80371 15.775 0.005
5833.77769 15.765 0.005
5834.90126 15.598 0.005
5836.81055 15.710 0.005
5839.78484 15.764 0.005
5841.86642 15.780 0.005
5844.89000 15.670 0.007
5850.87423 15.707 0.005
5851.84962 15.769 0.005
5854.84465 15.757 0.005
5856.85193 15.761 0.005
5858.80250 15.818 0.006
5861.78021 15.736 0.005
5862.79330 15.833 0.005
5864.75651 15.853 0.005
5865.81058 15.735 0.005
5867.85847 15.754 0.005
5868.87457 15.782 0.006
5869.83936 15.750 0.005
5870.71564 15.882 0.005
5872.72584 15.870 0.005
5873.77036 15.717 0.005
5878.84027 15.843 0.006
5880.72555 15.882 0.005
5882.74345 15.882 0.005
5885.79158 15.707 0.005
5888.76085 15.876 0.005
5890.81792 15.880 0.005
5891.86558 15.726 0.007
5893.71629 15.678 0.005
5895.75722 15.680 0.005
5896.77037 15.882 0.005
5899.71275 15.675 0.005
5901.82416 15.695 0.005
5902.75810 15.886 0.006
5903.81291 15.698 0.005
5904.73853 15.888 0.005
5905.71250 15.658 0.005
5906.72461 15.864 0.005
5907.76141 15.673 0.005
5908.77757 15.874 0.005
5909.77049 15.686 0.005
5910.77105 15.877 0.005
5911.79753 15.682 0.005
5912.78655 15.872 0.005
5913.79187 15.673 0.005
5915.77194 15.665 0.005
5916.79444 15.881 0.005
5917.77282 15.664 0.005
5922.82601 15.879 0.005
5924.77421 15.866 0.005
5925.77802 15.647 0.005
5927.77391 15.650 0.005
5929.78021 15.666 0.005
5931.75815 15.638 0.005
5932.76751 15.872 0.005
5933.77587 15.641 0.005
5934.79623 15.857 0.006
5936.71902 15.859 0.005
5937.74068 15.620 0.005
5938.71664 15.842 0.005
5939.70959 15.618 0.005
5940.70365 15.850 0.005
5941.73085 15.615 0.005
5942.72708 15.852 0.005
5943.72765 15.610 0.005
5944.69089 15.849 0.005
5945.70060 15.591 0.005
5946.74243 15.851 0.005
5947.70745 15.602 0.005
5949.71301 15.596 0.005
5950.71391 15.843 0.005
5953.74644 15.608 0.005
5955.68291 15.576 0.005
5958.71530 15.850 0.005
5960.67193 15.832 0.005
5963.67818 15.563 0.005
5967.62488 15.547 0.005
5968.71335 15.840 0.006
5969.71776 15.566 0.005
5973.62358 15.542 0.005
5976.68028 15.825 0.005
5977.66397 15.540 0.005
5979.68253 15.552 0.005
5981.61313 15.542 0.005
5983.67833 15.545 0.005
5985.63256 15.545 0.005
5987.65455 15.536 0.005
5988.58457 15.802 0.006
5990.53906 15.793 0.005
5991.63884 15.544 0.005
5993.65799 15.543 0.005
5995.61734 15.557 0.005
5996.63634 15.799 0.006
6000.60406 15.798 0.005
6005.59384 15.613 0.005
6010.56870 15.782 0.005
6018.55384 15.775 0.005
6023.53210 15.766 0.005
6024.57023 15.760 0.006
6028.55294 15.759 0.005
6033.52985 15.819 0.006
6036.53536 15.747 0.005
6037.53785 15.809 0.006
6039.53349 15.836 0.005
6042.53345 15.738 0.006
6047.51023 15.855 0.006
6048.50927 15.717 0.005
6055.47968 15.861 0.005
6058.48296 15.697 0.005
6068.46905 15.677 0.005
6141.91951 15.858 0.006
6159.93473 15.870 0.006
6181.90738 15.876 0.005
6195.89998 15.876 0.005
6198.88333 15.637 0.005
6200.84312 15.632 0.005
6203.82993 15.871 0.006
6208.83570 15.617 0.005
6211.87346 15.868 0.005
6215.82563 15.855 0.005
6218.88230 15.605 0.005
6219.87890 15.869 0.006
6220.87561 15.612 0.005
6221.87559 15.866 0.005
6223.87275 15.863 0.005
6226.77748 15.570 0.005
6230.84957 15.589 0.005
6232.85436 15.590 0.005
6235.85482 15.842 0.005
6241.82821 15.841 0.005
6244.83430 15.572 0.005
6248.77061 15.543 0.005
6250.80851 15.552 0.005
6251.76120 15.814 0.005
6254.74056 15.541 0.005
6257.78318 15.821 0.005
6261.74927 15.833 0.005
6265.77972 15.812 0.005
6271.80665 15.830 0.005
6276.78003 15.574 0.005
6284.86349 15.548 0.005
6286.75499 15.633 0.005
6290.76074 15.640 0.005
6295.79341 15.790 0.005
6300.73304 15.723 0.005
6307.74391 15.763 0.005
6314.69157 15.830 0.005
6319.62815 15.720 0.005
6338.61517 15.879 0.005
6339.63762 15.694 0.005
6348.62604 15.879 0.005
6353.64942 15.693 0.005
6357.61390 15.667 0.005
6361.55873 15.641 0.005
6368.57463 15.863 0.005
6375.55471 15.628 0.005
6385.51353 15.601 0.005
6391.51774 15.580 0.005
6400.50010 15.845 0.005
6407.48679 15.557 0.005
6511.91217 15.548 0.005
6521.89426 15.532 0.005
6530.92717 15.825 0.005
6547.90382 15.569 0.005
6561.87152 15.661 0.005
6571.87767 15.705 0.005
6577.86160 15.747 0.005
6583.77524 15.849 0.005
6593.74463 15.882 0.005
6603.82483 15.865 0.005
6611.80930 15.875 0.005
6614.84504 15.727 0.005
6615.82358 15.879 0.005
6616.71350 15.683 0.005
6617.80748 15.873 0.005
6618.82411 15.700 0.005
6619.78893 15.866 0.005
6622.75475 15.676 0.005
6623.73910 15.873 0.005
6623.74693 15.881 0.005
6624.81452 15.690 0.005
6625.80880 15.879 0.005
6626.82313 15.690 0.005
6629.73864 15.867 0.005
6641.73762 15.871 0.005
6647.74885 15.870 0.005
6658.79626 15.637 0.005
6661.82168 15.865 0.005
6668.78178 15.624 0.005
6675.76724 15.845 0.005
6677.72460 15.839 0.005
6678.71400 15.571 0.005
6679.77180 15.856 0.005
6680.69253 15.568 0.005
6681.70968 15.844 0.005
6682.62301 15.555 0.005
6683.67408 15.827 0.005
6684.65015 15.563 0.005
6685.60311 15.838 0.005
6687.70278 15.850 0.005
6688.63575 15.545 0.005
6689.65952 15.835 0.005
6690.73442 15.573 0.005
6695.68538 15.849 0.005
6699.64613 15.822 0.005
6704.70135 15.554 0.005
6709.65218 15.804 0.005
6713.62502 15.810 0.005
6721.62545 15.810 0.005
6737.60299 15.782 0.005
6739.59884 15.790 0.005
6740.52708 15.777 0.005
6741.55376 15.749 0.005
6742.51966 15.769 0.005
6743.54427 15.794 0.005
6744.54287 15.770 0.005
6746.51287 15.808 0.006
6748.51330 15.812 0.005
6749.51618 15.729 0.005
6750.52085 15.817 0.005
6751.54456 15.754 0.005
6881.93559 15.707 0.006
6889.89392 15.686 0.005
6906.89136 15.886 0.006
6922.81384 15.855 0.006
6927.80592 15.600 0.005
6932.79709 15.848 0.005
6938.76554 15.840 0.006
6942.78043 15.845 0.005
6949.81675 15.573 0.005
6955.77286 15.556 0.005
6963.74317 15.533 0.005
6968.79134 15.819 0.005
6975.69811 15.566 0.005
6979.72543 15.566 0.005
6983.73784 15.556 0.005
6987.73349 15.581 0.005
6988.73673 15.802 0.006
6989.74253 15.571 0.005
6989.75763 15.565 0.005
6990.71871 15.790 0.005
6991.78977 15.552 0.005
6992.70786 15.792 0.005
6993.72139 15.612 0.005
6994.73820 15.806 0.005
6994.80192 15.816 0.005
6995.71905 15.617 0.005
6999.76436 15.589 0.005
7003.84125 15.546 0.005
7013.79596 15.617 0.005
7017.80148 15.634 0.005
7021.78789 15.671 0.005
7025.74094 15.746 0.006
7030.76508 15.766 0.005
7034.73672 15.756 0.005
7039.74584 15.798 0.005
7044.72198 15.734 0.005
7049.71720 15.857 0.005
7052.68284 15.707 0.005
7053.61784 15.889 0.006
7054.70146 15.719 0.006
7055.70086 15.878 0.005
7056.63884 15.699 0.005
7057.67296 15.881 0.006
7060.69366 15.718 0.005
7065.67504 15.881 0.005
7072.65146 15.677 0.005
7078.63065 15.669 0.005
7082.56473 15.628 0.005
7085.63727 15.861 0.005
7089.61217 15.863 0.005
7093.58254 15.866 0.005
7102.56323 15.599 0.006
7110.51737 15.585 0.005
7111.53576 15.845 0.005
7111.57149 15.842 0.005
7112.53373 15.596 0.005
7113.52887 15.838 0.006
7114.54829 15.583 0.005
7118.54772 15.582 0.005
7124.52173 15.569 0.005
7130.50775 15.541 0.005
7133.49630 15.832 0.006
7136.47923 15.530 0.005
7140.49329 15.540 0.005
7144.49141 15.546 0.006
7283.81903 15.771 0.005
7291.83177 15.771 0.006
7294.78223 15.834 0.005
7298.87903 15.747 0.005
7303.83563 15.750 0.005
7311.78513 15.725 0.005
7319.74794 15.707 0.005
7327.83425 15.725 0.005
7339.74436 15.674 0.005
7344.77074 15.882 0.005
7353.85196 15.687 0.005
7355.82573 15.679 0.005
7363.75045 15.648 0.005
7367.80856 15.669 0.005
7373.74531 15.632 0.005
7378.80462 15.880 0.005
7383.71432 15.611 0.005
7387.73038 15.613 0.005
7396.76306 15.862 0.005
7401.75343 15.604 0.005
7405.72444 15.583 0.005
7409.67310 15.556 0.005
7413.66424 15.548 0.005
7425.69272 15.545 0.005
7428.66734 15.807 0.005
7435.68289 15.542 0.005
7440.64164 15.797 0.005
7445.62125 15.602 0.005
7448.61947 15.795 0.005
7452.63283 15.795 0.005
7461.60458 15.697 0.005
7466.55382 15.751 0.005
7472.54551 15.737 0.005
7476.51600 15.735 0.005
7494.50174 15.705 0.005
