5276.51427 14.840 0.004
5295.55342 15.022 0.004
5447.88508 14.810 0.004
5459.85292 14.979 0.004
5473.89486 14.780 0.004
5487.80873 14.853 0.004
5492.82024 14.955 0.004
5493.84271 15.017 0.004
5494.81926 14.899 0.004
5495.77639 14.772 0.004
5497.87246 15.018 0.004
5499.77970 14.773 0.004
5502.87092 14.987 0.004
5503.81416 14.821 0.004
5505.77490 14.958 0.004
5507.81034 14.885 0.004
5509.77657 14.917 0.004
5510.81056 15.015 0.004
5511.82065 14.945 0.004
5512.82956 14.769 0.004
5514.83177 15.001 0.004
5515.80895 14.992 0.004
5516.83434 14.804 0.004
5517.79541 14.824 0.004
5521.78332 14.781 0.004
5522.78167 14.930 0.004
5523.74201 15.022 0.004
5524.75145 14.944 0.004
5525.71737 14.775 0.004
5526.75422 14.890 0.004
5527.81526 15.001 0.004
5528.68969 14.993 0.004
5529.67011 14.829 0.004
5530.74824 14.826 0.004
5531.83131 14.985 0.004
5532.74019 15.015 0.004
5533.76019 14.869 0.004
5534.79364 14.791 0.004
5535.69441 14.926 0.004
5536.77297 15.024 0.004
5539.78173 14.891 0.004
5546.74889 14.852 0.004
5547.80795 14.797 0.004
5548.78064 14.949 0.004
5549.79989 15.016 0.004
5550.82191 14.904 0.004
5553.71762 15.015 0.004
5556.74049 14.838 0.004
5557.72240 14.980 0.004
5558.72191 15.003 0.004
5559.76533 14.835 0.004
5560.77885 14.810 0.004
5561.66665 14.944 0.004
5562.78917 15.017 0.004
5563.71914 14.916 0.004
5565.72598 14.904 0.004
5566.75479 15.010 0.004
5582.74375 14.878 0.004
5589.69149 14.890 0.004
5592.71083 15.029 0.004
5596.68269 15.004 0.004
5598.66378 14.818 0.004
5614.63018 15.011 0.004
5619.62023 14.935 0.004
5622.62034 15.005 0.004
5623.58309 14.989 0.004
5625.57615 14.831 0.004
5627.64616 15.007 0.004
5629.58621 14.795 0.004
5633.57283 14.772 0.004
5647.56777 14.908 0.004
5650.56347 14.784 0.004
5652.56494 14.987 0.004
5656.53280 14.951 0.004
5659.56234 14.776 0.004
5670.51574 15.022 0.004
5674.54210 15.023 0.004
5679.53367 14.986 0.004
5685.52677 14.786 0.004
5693.48737 14.816 0.004
5825.86309 15.011 0.004
5844.82065 14.779 0.004
5854.80992 14.956 0.004
5863.77924 14.991 0.004
5867.78974 14.964 0.004
5875.75907 14.875 0.004
5880.82514 14.978 0.004
5883.81526 14.793 0.004
5886.83337 14.938 0.004
5892.79624 14.836 0.004
5897.78490 14.941 0.004
5910.75158 14.945 0.004
5924.74833 15.019 0.004
5932.71221 14.996 0.004
5940.74217 14.923 0.004
5952.75271 14.787 0.004
5961.69150 14.834 0.004
5970.64797 14.884 0.004
5972.72501 14.947 0.004
6006.55853 15.023 0.004
6013.59804 14.867 0.004
6020.57179 14.907 0.004
6226.87566 14.990 0.004
6229.87632 14.977 0.004
6236.84641 14.771 0.004
6292.80393 14.769 0.004
6317.67668 14.957 0.004
6333.66981 15.005 0.004
6344.63640 14.772 0.004
6368.55665 15.029 0.004
6376.55254 14.992 0.004
6378.52691 14.854 0.004
6379.54074 14.801 0.004
6380.55166 14.955 0.004
6381.55355 15.021 0.004
6382.54483 14.916 0.004
6385.51979 15.023 0.004
6560.83550 14.839 0.004
6592.74741 15.024 0.004
6593.72867 14.925 0.004
6593.84260 14.895 0.004
6594.82120 14.789 0.004
6594.85924 14.773 0.004
6595.72078 14.904 0.004
6595.85686 14.924 0.004
6596.78505 15.016 0.004
6599.77233 14.887 0.004
6599.86625 14.886 0.004
6600.72371 14.999 0.004
6600.85007 15.004 0.004
6601.83778 14.988 0.004
6602.84357 14.818 0.004
6603.80829 14.827 0.004
6604.78148 14.959 0.004
6608.74153 14.935 0.004
6622.76094 15.029 0.004
6623.75315 14.942 0.004
6624.82074 14.795 0.004
6625.81501 14.913 0.004
6626.83021 15.024 0.004
6627.77814 14.981 0.004
6628.77216 14.806 0.004
6632.73437 14.876 0.004
6633.72265 14.786 0.004
6635.75223 15.021 0.004
6636.73188 14.931 0.004
6637.75232 14.787 0.004
6664.83359 14.928 0.004
6665.61340 15.013 0.004
6665.78859 15.022 0.004
6666.61866 14.975 0.004
6666.83769 14.942 0.004
6667.60031 14.793 0.004
6667.78795 14.783 0.004
6668.62914 14.857 0.004
6668.76450 14.884 0.004
6669.69877 14.992 0.004
6669.75498 14.998 0.004
6670.69062 15.003 0.004
6670.74141 15.008 0.004
6671.72571 14.842 0.004
6671.77582 14.832 0.004
6672.75146 14.829 0.004
6673.71403 14.972 0.004
6673.77871 14.988 0.004
6674.78660 15.030 0.004
6675.71103 14.900 0.004
6675.79665 14.878 0.004
6691.68042 15.019 0.004
6692.70238 14.932 0.004
6693.65044 14.773 0.004
6694.69429 14.880 0.004
6695.63938 14.999 0.004
6696.62696 14.977 0.004
6697.68504 14.810 0.004
6698.68538 14.834 0.004
6700.55878 15.019 0.004
6701.67986 14.897 0.004
6702.55008 14.790 0.004
6703.56497 14.911 0.004
6704.70696 15.024 0.004
6705.55662 14.952 0.004
6726.66037 15.016 0.004
6727.64742 14.873 0.004
6728.66908 14.818 0.004
6729.66254 14.939 0.004
6730.65894 15.026 0.004
6732.64278 14.779 0.004
6733.64629 14.925 0.004
6733.65969 14.930 0.004
6734.62221 15.021 0.004
6734.63331 15.022 0.004
6735.63293 14.985 0.004
6735.64413 14.974 0.004
6736.58346 14.802 0.004
6737.59896 14.866 0.004
6737.65632 14.868 0.004
6738.70174 15.028 0.004
6739.59480 15.019 0.004
6739.62833 15.001 0.004
6740.52306 14.866 0.004
6740.64367 14.836 0.004
6741.54973 14.795 0.004
6741.62941 14.826 0.004
6742.51774 14.933 0.004
6742.58832 14.968 0.004
6743.54239 15.031 0.004
6744.54097 14.925 0.004
6744.59401 14.925 0.004
6746.51098 14.897 0.004
6746.56446 14.919 0.004
6748.51144 14.972 0.004
6749.51428 14.790 0.004
6749.53970 14.786 0.004
6759.50452 14.899 0.004
6760.50400 15.011 0.004
6761.51436 14.967 0.004
6762.50107 14.788 0.004
6763.48555 14.851 0.004
6764.49880 14.983 0.004
6765.48897 15.004 0.004
6766.47731 14.837 0.004
6767.46785 14.802 0.004
6768.46985 14.952 0.004
6769.47100 15.006 0.004
6770.46925 14.904 0.004
6771.46336 14.778 0.004
6772.46979 14.910 0.004
6956.76510 14.782 0.004
6957.76884 14.901 0.004
6958.81865 15.021 0.004
6959.83029 14.965 0.004
6960.79370 14.794 0.004
6961.80545 14.868 0.004
6963.74563 15.004 0.004
6964.85428 14.820 0.004
6965.83715 14.822 0.004
6967.79200 15.033 0.004
6970.75219 14.920 0.004
6970.75713 14.919 0.004
6997.81709 15.025 0.004
7007.76625 14.853 0.004
7026.66613 14.897 0.004
7027.64537 15.017 0.004
7028.67730 14.979 0.004
7029.67759 14.784 0.004
7030.74443 14.858 0.004
7031.73177 14.995 0.004
7032.73351 15.001 0.004
7033.72920 14.831 0.004
7034.78714 14.818 0.004
7035.66222 14.953 0.004
7036.71136 15.022 0.004
7093.59013 14.937 0.004
7097.56456 14.991 0.004
7098.56539 14.804 0.004
7099.61347 14.845 0.004
7100.57529 14.985 0.004
7102.53897 14.870 0.004
7103.55263 14.794 0.004
7137.51329 14.774 0.004
7332.76368 14.921 0.004
7366.74085 14.841 0.004
