5267.56800 17.006 0.006
5446.90323 16.735 0.005
5458.85322 16.832 0.005
5476.82262 16.970 0.005
5486.76581 17.143 0.006
5492.80165 17.075 0.007
5493.82413 16.763 0.006
5494.80070 17.066 0.007
5495.75784 17.062 0.007
5497.85387 17.099 0.007
5499.76111 16.806 0.005
5502.85225 16.875 0.005
5503.78955 17.104 0.005
5505.75623 16.855 0.005
5507.79171 16.732 0.005
5509.75791 17.121 0.005
5510.79189 16.677 0.005
5511.80200 16.920 0.005
5512.81086 17.133 0.006
5514.81312 16.956 0.005
5515.79027 17.144 0.006
5516.81566 16.619 0.005
5517.77669 16.956 0.005
5521.76454 17.138 0.008
5522.76299 16.646 0.006
5523.72329 16.978 0.007
5524.73267 17.133 0.006
5525.69864 16.643 0.005
5526.73546 17.015 0.005
5527.79648 17.134 0.006
5528.67088 16.666 0.005
5529.65131 17.006 0.006
5530.72942 17.135 0.006
5531.81248 16.748 0.005
5532.72148 17.039 0.005
5533.74139 17.104 0.006
5534.77483 16.769 0.005
5535.67558 17.057 0.006
5536.75414 17.052 0.006
5539.76292 16.981 0.005
5546.72996 16.869 0.006
5547.78906 17.125 0.006
5548.76083 16.745 0.006
5549.78095 16.913 0.006
5550.80300 17.110 0.007
5553.68020 17.122 0.007
5556.72153 17.126 0.006
5557.70347 16.631 0.005
5558.70296 16.963 0.006
5559.74633 17.149 0.006
5560.71319 16.612 0.004
5561.64764 16.963 0.006
5562.77020 17.141 0.006
5563.69968 16.624 0.005
5565.70619 17.146 0.006
5566.73576 16.670 0.004
5582.72469 17.095 0.007
5589.67235 16.807 0.005
5592.69173 16.711 0.005
5596.66359 16.930 0.005
5598.64465 16.633 0.004
5614.61082 17.034 0.006
5619.60275 16.760 0.005
5622.60118 16.788 0.005
5623.56388 17.073 0.005
5625.55701 16.791 0.005
5627.62694 16.912 0.005
5629.56701 17.093 0.006
5633.55367 16.820 0.005
5647.54863 17.146 0.006
5650.54434 17.159 0.006
5652.54577 17.011 0.005
5656.51366 17.147 0.006
5659.54325 17.120 0.006
5670.49669 17.095 0.007
5674.52306 16.832 0.005
5679.51231 17.118 0.006
5685.50671 17.133 0.006
5693.46844 17.016 0.006
5825.83901 17.127 0.006
5843.88319 17.128 0.006
5854.78984 17.070 0.005
5863.75376 17.110 0.005
5867.77087 16.727 0.005
5875.74038 17.137 0.007
5880.80647 17.006 0.006
5883.79654 17.018 0.006
5886.77609 17.036 0.006
5892.77751 17.066 0.005
5897.76607 16.805 0.005
5910.73268 17.121 0.006
5924.72935 17.008 0.005
5932.69315 16.731 0.005
5940.72315 16.951 0.005
5952.73353 16.649 0.004
5961.67239 16.618 0.004
5970.62880 16.672 0.004
5972.70584 17.108 0.006
6006.53906 16.976 0.005
6013.57890 17.124 0.005
6020.55263 16.760 0.005
6193.89029 16.985 0.005
6194.90687 17.148 0.007
6196.89743 17.001 0.005
6198.89809 16.677 0.006
6199.88077 17.016 0.007
6200.88693 17.152 0.007
6202.81607 17.044 0.007
6203.81439 17.140 0.007
6204.85117 16.725 0.005
6210.86073 16.790 0.005
6223.85605 17.111 0.005
6224.87265 16.681 0.004
6225.80491 16.912 0.005
6226.79806 17.111 0.006
6226.85333 17.130 0.005
6228.62689 16.860 0.006
6229.62933 17.125 0.008
6229.85407 17.126 0.007
6230.87068 16.640 0.006
6231.86390 16.988 0.007
6236.82776 16.627 0.004
6277.52350 16.683 0.006
6277.52570 16.693 0.005
6292.78493 16.778 0.005
6301.57393 16.773 0.004
6301.68224 16.821 0.004
6301.78053 16.865 0.005
6317.65673 17.125 0.006
6333.65066 16.738 0.005
6344.61718 16.940 0.005
6373.53548 17.124 0.005
6374.52739 16.684 0.005
6374.59194 16.725 0.005
6375.51868 17.028 0.005
6563.86612 17.123 0.005
6565.89149 17.067 0.005
6569.79682 17.080 0.005
6569.84749 17.046 0.005
6570.75212 16.770 0.004
6571.80619 17.076 0.005
6576.86984 16.866 0.004
6577.87296 17.112 0.005
6592.74055 17.149 0.005
6593.65803 16.645 0.004
6593.75158 16.621 0.004
6593.84529 16.628 0.005
6594.83334 16.990 0.006
6595.71325 17.143 0.005
6595.76522 17.127 0.004
6596.77600 16.618 0.004
6599.80210 16.666 0.004
6600.74272 17.006 0.004
6601.82433 17.148 0.005
6602.87013 16.717 0.006
6605.82301 16.745 0.004
6624.80866 17.143 0.005
6625.82244 16.671 0.004
6626.81743 16.916 0.004
6627.77043 17.129 0.005
6633.73163 17.138 0.005
6636.74315 17.144 0.005
6638.75937 16.988 0.004
6650.71894 17.053 0.005
6655.74489 16.808 0.004
6663.76416 16.776 0.004
6666.82317 16.657 0.004
6668.76642 17.136 0.005
6669.70069 16.701 0.005
6670.69253 16.919 0.005
6670.69753 16.934 0.005
6671.72761 17.151 0.007
6672.75334 16.625 0.006
6673.71163 16.988 0.007
6674.77964 17.170 0.008
6675.70865 16.630 0.005
6676.73578 16.993 0.006
6677.71689 17.148 0.006
6678.70660 16.640 0.004
6679.76430 17.000 0.005
6680.68462 17.144 0.005
6681.70233 16.641 0.004
6682.62967 16.993 0.005
6683.68068 17.155 0.006
6684.65680 16.664 0.005
6685.60981 17.009 0.005
6687.70935 16.723 0.005
6688.64238 17.039 0.005
6689.66647 17.142 0.005
6690.66201 16.727 0.004
6692.72001 17.100 0.005
6693.66367 16.761 0.004
6694.70740 17.067 0.004
6695.65238 17.074 0.005
6696.63785 16.769 0.004
6697.69594 17.076 0.005
6698.69617 16.984 0.006
6956.76317 16.641 0.005
6997.79817 16.669 0.006
7007.74908 17.060 0.006
7137.49419 17.109 0.005
7332.74496 17.081 0.005
7366.72194 16.739 0.005
