5446.91607 17.794 0.009
5459.83386 17.842 0.008
5477.76685 17.739 0.007
5485.79965 17.707 0.007
5492.80353 17.838 0.011
5493.82602 17.802 0.012
5494.80259 17.739 0.010
5495.75973 17.821 0.009
5497.85575 17.829 0.009
5499.76300 17.857 0.008
5502.85413 17.826 0.007
5503.79141 17.802 0.007
5505.75811 17.907 0.007
5507.79360 17.903 0.007
5509.75978 17.729 0.007
5510.79378 17.749 0.007
5511.80389 17.755 0.007
5512.81274 17.715 0.007
5514.81501 17.848 0.007
5515.79216 17.941 0.008
5516.81754 17.922 0.007
5517.77858 17.828 0.008
5521.76643 17.846 0.013
5522.76486 17.902 0.012
5523.72519 17.867 0.012
5524.73457 17.842 0.008
5525.70053 17.733 0.008
5526.73735 17.690 0.007
5527.79838 17.741 0.007
5528.67277 17.876 0.007
5529.65319 17.930 0.008
5530.73133 17.933 0.009
5531.81439 17.850 0.007
5532.72339 17.874 0.007
5533.74329 17.815 0.007
5534.77672 17.814 0.007
5535.67750 17.815 0.007
5536.75604 17.764 0.007
5539.76484 17.895 0.007
5546.73189 17.898 0.009
5547.79097 17.849 0.007
5548.76276 17.898 0.009
5549.78289 17.906 0.010
5550.80494 17.889 0.011
5553.68215 17.857 0.012
5556.72351 17.952 0.008
5557.70541 17.846 0.008
5558.70493 17.792 0.008
5559.74830 17.803 0.008
5560.71516 17.747 0.007
5561.64960 17.885 0.008
5562.77217 17.811 0.007
5563.70166 17.921 0.008
5565.70818 17.885 0.009
5566.73775 17.865 0.007
5582.72672 17.922 0.011
5589.67440 17.911 0.007
5592.69380 17.744 0.007
5596.66567 17.918 0.007
5598.64676 17.820 0.007
5614.61298 17.816 0.008
5619.60493 17.889 0.007
5622.60335 17.815 0.007
5623.56606 17.731 0.007
5625.55920 17.825 0.007
5627.62914 17.838 0.007
5629.56923 17.882 0.007
5633.55590 17.821 0.007
5647.55089 17.781 0.007
5650.54660 17.834 0.007
5652.54806 17.937 0.007
5656.51594 17.760 0.007
5659.54553 17.855 0.007
5670.49899 17.852 0.012
5674.52538 17.824 0.007
5679.51463 17.813 0.007
5685.51011 17.928 0.007
5693.47074 17.929 0.008
5825.84097 17.827 0.007
5843.88511 17.807 0.008
5854.79253 17.832 0.007
5863.75565 17.747 0.007
5867.77276 17.877 0.007
5875.74225 17.878 0.010
5880.80836 17.799 0.009
5883.79842 17.816 0.008
5886.81655 17.902 0.008
5892.77941 17.851 0.007
5897.76797 17.724 0.007
5910.73460 17.905 0.008
5924.73132 17.817 0.007
5932.69514 17.834 0.009
5940.72518 17.802 0.007
5952.73559 17.923 0.007
5961.67449 17.821 0.007
5970.63092 17.732 0.007
5972.70798 17.722 0.007
6006.54165 17.937 0.007
6013.58116 17.819 0.007
6020.55491 17.782 0.008
6193.89268 17.850 0.007
6214.88686 17.808 0.016
6215.86665 17.888 0.007
6226.85522 17.855 0.007
6229.85594 17.743 0.009
6236.82964 17.689 0.007
6292.78691 17.857 0.008
6317.65928 17.707 0.008
6333.65278 17.766 0.007
6334.63464 17.819 0.007
6344.61934 17.922 0.007
6351.60952 17.818 0.009
6352.61746 17.887 0.009
6353.63148 17.893 0.008
6354.59589 17.902 0.007
6355.58492 17.763 0.007
6356.66961 17.864 0.007
6357.64742 17.814 0.007
6358.54488 17.854 0.007
6368.55428 17.947 0.007
6369.56153 17.904 0.007
6370.54261 17.866 0.007
6371.54508 17.809 0.007
6373.53858 17.838 0.007
6374.53569 17.796 0.007
6375.52598 17.882 0.008
6376.55020 17.895 0.010
6378.52460 17.884 0.011
6379.53843 17.791 0.010
6380.54935 17.763 0.009
6381.55124 17.735 0.007
6382.54253 17.827 0.007
6599.76807 17.839 0.007
6600.72579 17.945 0.007
6601.83350 17.847 0.007
6602.83933 17.896 0.007
6603.80611 17.930 0.007
6604.77171 17.771 0.007
6604.85932 17.933 0.007
6605.85769 17.851 0.007
6607.83396 17.718 0.006
6608.85338 17.776 0.006
6610.86003 17.825 0.007
6622.76322 17.722 0.007
6623.75548 17.812 0.007
6624.82304 17.737 0.007
6625.81736 17.843 0.007
6627.78045 17.907 0.007
6628.77472 17.885 0.007
6631.85885 17.797 0.012
6632.73663 17.840 0.006
6633.72486 17.910 0.007
6635.75436 17.927 0.007
6636.73624 17.848 0.007
6637.75665 17.809 0.007
6638.71767 17.728 0.007
6639.73363 17.820 0.008
6640.76639 17.807 0.007
6641.71943 17.874 0.008
6643.76285 17.913 0.013
6644.75434 17.908 0.009
6645.71568 17.754 0.008
6646.78735 17.803 0.008
6647.71170 17.800 0.007
6648.74155 17.824 0.008
6649.69767 17.914 0.007
6650.71459 17.903 0.007
6651.67257 17.881 0.007
6653.72834 17.810 0.007
6654.74543 17.776 0.007
6655.74264 17.705 0.006
6657.75522 17.832 0.007
6658.75341 17.849 0.006
6672.75538 17.682 0.009
6673.70942 17.792 0.012
6674.78167 17.814 0.011
6675.70647 17.921 0.010
6676.73360 17.938 0.009
6677.71472 17.867 0.008
6678.70443 17.805 0.007
6679.76214 17.849 0.007
6680.68245 17.847 0.007
6681.70016 17.817 0.007
6682.62534 17.950 0.007
6692.71362 17.927 0.007
6693.65943 17.851 0.007
6694.70315 17.859 0.006
6695.64810 17.722 0.007
6696.63575 17.813 0.007
6697.69384 17.797 0.006
6698.69408 17.844 0.009
6700.56784 17.776 0.008
6701.67490 17.901 0.009
6702.54442 17.813 0.012
6721.65573 17.797 0.007
6722.64950 17.833 0.007
6723.65266 17.873 0.007
6724.66221 17.937 0.007
6725.67156 17.916 0.007
6726.65594 17.896 0.009
6727.64297 17.783 0.007
6728.66464 17.764 0.007
6729.65810 17.718 0.008
6730.65450 17.825 0.012
6761.51218 17.835 0.008
6762.49889 17.883 0.010
6763.48337 17.942 0.009
6764.49662 17.896 0.009
6765.48678 17.835 0.007
6766.47515 17.726 0.007
6767.46569 17.754 0.008
6768.46769 17.806 0.008
6769.46886 17.854 0.008
6770.46686 17.914 0.007
6771.46124 17.928 0.010
6771.46930 17.906 0.007
6772.46767 17.938 0.010
6773.46619 17.811 0.009
6997.80008 17.920 0.012
7007.75128 17.835 0.007
7024.67608 17.680 0.009
7025.62481 17.818 0.010
7026.66795 17.822 0.009
7027.64235 17.907 0.012
7028.67487 17.922 0.012
7029.67514 17.920 0.010
7030.74198 17.927 0.008
7031.72932 17.873 0.008
7032.73108 17.796 0.008
7033.72674 17.752 0.007
7034.78470 17.785 0.008
7035.65977 17.871 0.007
7036.70892 17.835 0.007
7037.65912 17.914 0.007
7038.65207 17.844 0.007
7039.65246 17.803 0.007
7040.71020 17.831 0.007
7041.70877 17.705 0.007
7049.63443 17.790 0.007
7050.68147 17.761 0.007
7051.67907 17.813 0.007
7137.49650 17.727 0.007
7332.74685 17.911 0.007
7366.72384 17.924 0.007
