  2450446.73314   15.836    0.013
  2450446.74140   15.850    0.015
  2450446.74971   15.846    0.017
  2450446.75797   15.840    0.020
  2450455.66531   15.651    0.014
  2450455.74164   15.628    0.020
  2450455.78921   15.622    0.014
  2450456.60932   15.858    0.014
  2450456.65906   15.888    0.017
  2450456.72982   15.875    0.017
  2450456.77725   15.846    0.014
  2450457.57700   15.715    0.014
  2450457.62096   15.726    0.014
  2450457.67959   15.746    0.011
  2450457.73818   15.776    0.020
  2450457.79682   15.807    0.015
  2450458.65340   15.619    0.013
  2450458.72247   15.618    0.013
  2450459.57061   15.867    0.017
  2450459.61678   15.871    0.013
  2450459.67535   15.857    0.011
  2450459.73477   15.845    0.018
  2450459.77864   15.806    0.015
  2450459.82245   15.788    0.014
  2450461.58150   15.640    0.015
  2450461.62529   15.630    0.008
  2450461.68396   15.630    0.018
  2450461.75009   15.663    0.013
  2450461.81210   15.693    0.014
  2450462.58204   15.841    0.013
  2450462.64068   15.826    0.011
  2450462.68665   15.774    0.018
  2450465.73319   15.694    0.014
  2450465.81797   15.650    0.015
  2450466.66921   15.840    0.013
  2450466.73574   15.844    0.018
  2450466.82074   15.844    0.014
  2450467.67289   15.697    0.011
  2450467.77747   15.763    0.015
  2450467.84344   15.776    0.015
  2450468.68380   15.649    0.014
  2450468.80835   15.628    0.018
  2450468.84492   15.626    0.017
  2450469.68048   15.847    0.013
  2450469.75857   15.875    0.017
  2450469.81748   15.846    0.015
  2450470.75520   15.782    0.013
  2450471.80306   15.635    0.011
  2450472.64094   15.853    0.011
  2450472.68473   15.860    0.014
  2450472.79447   15.831    0.014
  2450474.72045   15.639    0.014
  2450475.55481   15.873    0.011
  2450475.61361   15.841    0.013
  2450475.67973   15.814    0.011
  2450475.73186   15.760    0.013
  2450476.76587   15.845    0.013
  2450477.55157   15.644    0.013
  2450477.60286   15.652    0.011
  2450477.75034   15.719    0.017
  2450477.83120   15.726    0.014
  2450478.55773   15.806    0.013
  2450478.77811   15.653    0.015
  2450479.55654   15.872    0.014
  2450479.60043   15.844    0.014
  2450479.74877   15.873    0.014
  2450479.83805   15.866    0.020
  2450480.59260   15.697    0.013
  2450480.76733   15.771    0.013
  2450480.81146   15.760    0.014
  2450481.57777   15.698    0.013
  2450481.77013   15.646    0.011
  2450481.81408   15.621    0.011
  2450482.72701   15.872    0.015
  2450482.80492   15.838    0.013
  2450483.59328   15.719    0.013
  2450483.63775   15.754    0.011
  2450483.68159   15.764    0.011
  2450483.72558   15.783    0.013
  2450483.76950   15.805    0.011
  2450483.81341   15.812    0.013
  2450484.59196   15.638    0.013
  2450484.70064   15.621    0.015
  2450484.74499   15.637    0.013
  2450484.78901   15.644    0.013
  2450485.59560   15.852    0.018
  2450485.74254   15.843    0.018
  2450485.78665   15.811    0.014
  2450486.59212   15.792    0.014
  2450486.63769   15.795    0.015
  2450486.73420   15.826    0.015
  2450486.77938   15.834    0.015
  2450487.61908   15.623    0.014
  2450487.66734   15.619    0.013
  2450487.71517   15.634    0.014
  2450487.75927   15.681    0.014
  2450487.80343   15.688    0.010
  2450488.60456   15.845    0.014
  2450488.64853   15.815    0.017
  2450488.71738   15.750    0.013
  2450488.76137   15.724    0.013
  2450488.80545   15.723    0.014
  2450489.58031   15.796    0.020
  2450489.66930   15.814    0.013
  2450489.71319   15.857    0.015
  2450489.75714   15.842    0.015
  2450490.57354   15.652    0.013
  2450490.71073   15.693    0.015
  2450490.75484   15.728    0.015
  2450490.79884   15.730    0.018
  2450491.59804   15.780    0.013
  2450491.64986   15.715    0.014
  2450491.69400   15.702    0.020
  2450491.80742   15.675    0.014
  2450492.58223   15.845    0.011
  2450492.65655   15.839    0.013
  2450493.62975   15.702    0.014
  2450494.57999   15.700    0.014
  2450494.62392   15.682    0.015
  2450494.66814   15.649    0.014
  2450494.75745   15.622    0.014
  2450495.58280   15.876    0.013
  2450495.65643   15.856    0.015
  2450496.57817   15.726    0.014
  2450496.62296   15.727    0.014
  2450496.66703   15.777    0.014
  2450498.57725   15.860    0.013
  2450498.62129   15.858    0.015
  2450498.73504   15.824    0.015
  2450498.77897   15.808    0.010
  2450499.57220   15.795    0.014
  2450499.61791   15.785    0.013
  2450499.75821   15.865    0.017
  2450500.61491   15.641    0.014
  2450500.65981   15.649    0.014
  2450500.71096   15.665    0.013
  2450501.57911   15.858    0.013
  2450501.69784   15.790    0.014
  2450507.56754   15.700    0.013
  2450509.56337   15.726    0.017
  2450509.61046   15.729    0.017
  2450509.66279   15.764    0.015
  2450510.60503   15.646    0.013
  2450510.65059   15.653    0.014
  2450510.69816   15.643    0.015
  2450512.59715   15.768    0.015
  2450512.71979   15.832    0.014
  2450513.57743   15.633    0.014
  2450513.62300   15.635    0.013
  2450513.71471   15.654    0.014
  2450514.58567   15.847    0.015
  2450514.65477   15.786    0.017
  2450514.70509   15.771    0.014
  2450515.57983   15.817    0.014
  2450515.63456   15.832    0.014
  2450515.68281   15.827    0.014
  2450516.58613   15.632    0.014
  2450516.64034   15.660    0.014
  2450516.68731   15.673    0.015
  2450516.73381   15.731    0.017
  2450517.58413   15.778    0.018
  2450517.63396   15.760    0.015
  2450517.68395   15.693    0.015
  2450517.73009   15.671    0.013
  2450518.62147   15.858    0.010
  2450518.66672   15.862    0.014
  2450518.71579   15.860    0.013
  2450519.58208   15.705    0.011
  2450519.62872   15.731    0.011
  2450519.71114   15.749    0.011
  2450520.72288   15.629    0.010
  2450523.58759   15.651    0.013
  2450523.64027   15.634    0.013
  2450523.69016   15.658    0.010
  2450524.57996   15.863    0.014
  2450527.69222   15.786    0.013
  2450531.57977   15.841    0.013
  2450532.56923   15.688    0.011
  2450534.61979   15.908    0.014
  2450535.56026   15.741    0.014
  2450535.62056   15.787    0.011
  2450536.53942   15.651    0.013
  2450536.58461   15.671    0.011
  2450536.63511   15.630    0.011
  2450537.53399   15.884    0.014
  2450537.63420   15.860    0.014
  2450538.57373   15.809    0.014
  2450539.64173   15.643    0.015
  2450539.68580   15.645    0.010
  2450541.54101   15.836    0.017
  2450541.59803   15.805    0.015
  2450542.53010   15.647    0.015
  2450542.62945   15.679    0.014
  2450542.67360   15.706    0.014
  2450543.61239   15.743    0.015
  2450544.52111   15.853    0.014
  2450544.56539   15.877    0.015
  2450544.65488   15.868    0.014
  2450551.51085   15.748    0.015
  2450552.52230   15.619    0.015
  2450553.52760   15.860    0.017
  2450554.50436   15.801    0.014
  2450554.58982   15.825    0.014
  2450557.61125   15.890    0.014
  2450560.51987   15.844    0.020
  2450561.51992   15.710    0.011
  2450562.52147   15.636    0.010
  2450564.52265   15.794    0.015
  2450565.52846   15.621    0.011
  2450566.52244   15.851    0.013
  2450567.52349   15.793    0.017
  2450571.50438   15.643    0.018
  2450572.53441   15.670    0.015
  2450574.49623   15.690    0.017
  2450575.49482   15.684    0.017
  2450578.51732   15.617    0.013
  2450582.49950   15.801    0.014
  2450583.50225   15.836    0.015
  2450689.87169   15.690    0.014
  2450699.87290   15.644    0.014
  2450701.83849   15.815    0.011
  2450706.86243   15.670    0.013
  2450714.82988   15.812    0.013
  2450716.79447   15.766    0.014
  2450720.85081   15.873    0.014
  2450728.78963   15.648    0.015
  2450729.78966   15.801    0.014
  2450730.74521   15.852    0.013
  2450741.83945   15.687    0.013
  2450745.79429   15.681    0.013
  2450747.84268   15.753    0.014
  2450753.79656   15.826    0.014
  2450759.83109   15.829    0.015
  2450766.80526   15.822    0.018
  2450772.82435   15.864    0.017
  2450779.82474   15.852    0.017
  2450789.78516   15.770    0.017
  2450795.75326   15.844    0.011
  2450796.82515   15.691    0.014
  2450797.75291   15.687    0.013
  2450798.72487   15.847    0.021
  2450805.80977   15.847    0.013
  2450816.78079   15.610    0.014
  2450817.70001   15.862    0.015
  2450819.79970   15.674    0.015
  2450822.81390   15.709    0.018
  2450824.84320   15.852    0.013
  2450826.66663   15.663    0.015
  2450829.73726   15.645    0.018
  2450832.69347   15.646    0.014
  2450836.79230   15.686    0.017
  2450840.67166   15.884    0.013
  2450843.67212   15.832    0.014
  2450850.64570   15.855    0.014
  2450854.68350   15.755    0.014
  2450855.65043   15.672    0.013
  2450856.61676   15.840    0.018
  2450858.58932   15.619    0.015
  2450880.55023   15.709    0.013
  2450887.56353   15.643    0.015
  2450892.69181   15.866    0.014
  2450895.53795   15.860    0.015
  2450898.54479   15.835    0.014
  2450922.61214   15.785    0.014
  2450928.53812   15.820    0.014
  2450933.56978   15.642    0.014
  2450952.50324   15.634    0.015
  2451045.89783   15.807    0.021
  2451051.87809   15.700    0.015
  2451054.90921   15.653    0.020
  2451061.90422   15.722    0.013
  2451068.90229   15.829    0.020
  2451087.82378   15.767    0.020
  2451091.82630   15.847    0.024
  2451106.86375   15.619    0.018
  2451107.79152   15.854    0.018
  2451113.80430   15.778    0.027
  2451126.86508   15.719    0.020
  2451132.75485   15.669    0.018
  2451136.78815   15.841    0.017
  2451142.67930   15.751    0.017
  2451144.74821   15.688    0.017
  2451151.77405   15.652    0.015
  2451155.77335   15.696    0.015
  2451161.74881   15.635    0.024
  2451169.76442   15.849    0.013
  2451181.82713   15.662    0.015
  2451186.78155   15.780    0.014
  2451187.84282   15.648    0.015
  2451189.85163   15.812    0.020
  2451201.73039   15.801    0.013
  2451203.75026   15.655    0.021
  2451207.60718   15.804    0.014
  2451211.64492   15.833    0.015
  2451214.64580   15.874    0.018
  2451217.62068   15.842    0.014
  2451220.62551   15.736    0.020
  2451223.65174   15.705    0.015
  2451225.59267   15.722    0.013
  2451231.56909   15.814    0.014
  2451234.61733   15.829    0.011
  2451236.62481   15.685    0.014
  2451240.57728   15.872    0.018
  2451242.67899   15.646    0.018
  2451244.62859   15.814    0.014
  2451247.55916   15.833    0.017
  2451260.56937   15.824    0.015
  2451265.54434   15.666    0.013
  2451273.59023   15.866    0.014
  2451277.52651   15.696    0.015
  2451281.57028   15.651    0.017
  2451288.52478   15.741    0.020
  2451290.59218   15.756    0.015
  2451296.52953   15.807    0.022
  2451298.56744   15.805    0.014
  2451301.50918   15.719    0.014
  2451305.55498   15.878    0.015
  2451308.48449   15.839    0.017
  2451313.53099   15.673    0.015
  2451316.52285   15.711    0.021
  2451319.49912   15.773    0.017
  2451329.50820   15.714    0.020
  2451340.47061   15.757    0.020
  2451412.85747   15.673    0.011
  2451418.85470   15.685    0.013
  2451446.86270   15.883    0.015
  2451451.87249   15.631    0.013
  2451487.72566   15.724    0.013
  2451490.72249   15.659    0.014
  2451492.71561   15.737    0.015
  2451495.71411   15.783    0.018
  2451499.67189   15.669    0.015
  2451502.66712   15.695    0.013
  2451505.70772   15.741    0.013
  2451507.84118   15.801    0.018
  2451514.82501   15.861    0.014
  2451517.66049   15.869    0.011
  2451521.66987   15.790    0.015
  2451523.79063   15.746    0.018
  2451527.71394   15.868    0.015
  2451529.78138   15.614    0.017
  2451531.77450   15.783    0.014
  2451538.73103   15.672    0.014
  2451542.71700   15.628    0.018
  2451544.64302   15.725    0.013
  2451547.76996   15.823    0.017
  2451548.74755   15.624    0.013
  2451549.74181   15.794    0.018
  2451552.60654   15.767    0.017
  2451554.73303   15.739    0.017
  2451555.73974   15.634    0.013
  2451562.74269   15.775    0.014
  2451567.71385   15.716    0.015
  2451570.61920   15.751    0.013
  2451574.76113   15.670    0.018
  2451580.74687   15.743    0.014
  2451583.63224   15.741    0.013
  2451585.75412   15.805    0.017
  2451589.63706   15.823    0.018
  2451592.62884   15.856    0.015
  2451595.67475   15.860    0.018
  2451599.61638   15.785    0.017
  2451601.69241   15.787    0.014
  2451604.57396   15.772    0.018
  2451606.60882   15.688    0.014
  2451610.63530   15.644    0.018
  2451613.52633   15.660    0.013
  2451615.55830   15.794    0.013
  2451617.62965   15.725    0.018
  2451619.61332   15.698    0.020
  2451620.56449   15.713    0.011
  2451626.51204   15.643    0.014
  2451629.51217   15.633    0.018
  2451630.59357   15.761    0.020
  2451632.53012   15.677    0.017
  2451634.50784   15.868    0.017
  2451643.49978   15.817    0.017
  2451659.53086   15.716    0.015
  2451661.55482   15.716    0.017
  2451663.58043   15.851    0.018
  2451667.52170   15.822    0.017
  2451670.54345   15.837    0.015
  2451673.51390   15.857    0.017
  2451691.53174   15.636    0.015
  2451694.48829   15.649    0.017
  2451769.87537   15.758    0.014
  2451772.88204   15.810    0.020
  2451789.85641   15.671    0.017
  2451804.80604   15.860    0.014
  2451808.88659   15.802    0.011
  2451812.80113   15.635    0.014
  2451816.81248   15.746    0.013
  2451821.80306   15.731    0.013
  2451823.84518   15.863    0.015
  2451826.82826   15.809    0.013
  2451829.80194   15.773    0.013
  2451830.81523   15.859    0.017
  2451834.85422   15.771    0.013
  2451845.85166   15.667    0.011
  2451859.79136   15.855    0.013
  2451861.80855   15.617    0.013
  2451864.78601   15.647    0.015
  2451867.81998   15.671    0.015
  2451870.73886   15.721    0.017
  2451871.82284   15.661    0.021
  2451873.78242   15.755    0.014
