 726.79631 17.563 0.017
 728.85961 17.583 0.017
 729.84249 17.385 0.018
 742.83946 17.491 0.028
 744.81233 17.382 0.017
 746.85995 17.377 0.014
 747.67933 17.381 0.016
 748.65668 17.529 0.025
 750.73699 17.536 0.019
 751.76750 17.484 0.021
 752.82884 17.543 0.022
 754.83716 17.483 0.021
 755.73442 17.537 0.021
 759.73763 17.424 0.015
 760.79209 17.562 0.017
 762.81282 17.597 0.019
 769.82521 17.493 0.018
 773.81264 17.381 0.017
 776.83867 17.484 0.016
 779.77956 17.547 0.019
 781.79610 17.471 0.016
 783.80452 17.383 0.014
 790.82177 17.374 0.015
 795.77852 17.397 0.015
 798.77376 17.427 0.015
 805.83534 17.431 0.027
 816.82942 17.489 0.016
 817.77192 17.357 0.016
 824.71929 17.499 0.020
 827.66203 17.475 0.016
 828.72148 17.559 0.016
 829.68254 17.537 0.019
 831.61107 17.560 0.019
 832.73391 17.368 0.016
 833.66668 17.537 0.014
 833.75841 17.560 0.015
 834.71977 17.431 0.017
 835.68689 17.468 0.015
 836.65578 17.577 0.018
 837.63727 17.451 0.014
 838.76495 17.602 0.029
 839.63594 17.535 0.017
 840.75634 17.557 0.017
 842.66843 17.371 0.016
 844.61617 17.498 0.018
 845.64127 17.460 0.013
 850.71228 17.605 0.034
 854.74976 17.433 0.024
 855.73436 17.529 0.026
 856.64170 17.502 0.018
 857.69998 17.515 0.021
 858.65381 17.576 0.029
 859.72975 17.469 0.019
 860.60828 17.555 0.029
 860.67095 17.597 0.022
 865.53864 17.429 0.019
 867.59404 17.415 0.017
 874.70558 17.452 0.014
 876.57477 17.471 0.014
 876.67491 17.390 0.015
 878.71161 17.324 0.018
 880.59841 17.579 0.019
 885.60510 17.500 0.032
 887.64342 17.579 0.024
 890.66700 17.453 0.020
 892.56055 17.522 0.017
 895.60389 17.595 0.019
 898.58159 17.422 0.013
 918.59684 17.423 0.027
 928.56305 17.455 0.027
 933.52532 17.426 0.016
 951.48324 17.567 0.018
1072.84571 17.398 0.016
1078.79785 17.521 0.024
1080.83273 17.533 0.015
1081.80944 17.484 0.016
1083.87768 17.467 0.017
1084.79131 17.344 0.015
1086.81162 17.467 0.016
1089.77467 17.359 0.015
1090.79647 17.547 0.019
1091.85461 17.381 0.020
1092.85292 17.597 0.019
1093.87975 17.459 0.016
1102.85863 17.585 0.014
1107.84161 17.566 0.017
1109.79130 17.435 0.019
1113.85476 17.415 0.017
1116.79899 17.440 0.014
1126.70074 17.321 0.017
1129.79950 17.578 0.016
1131.80415 17.495 0.020
1132.79602 17.491 0.018
1134.80907 17.608 0.017
1142.74637 17.516 0.015
1151.84105 17.541 0.018
1153.71266 17.422 0.016
1155.66836 17.397 0.021
1157.72894 17.423 0.021
1159.70595 17.606 0.028
1159.73389 17.532 0.018
1161.79899 17.527 0.015
1163.79565 17.587 0.018
1165.79583 17.492 0.017
1167.73053 17.348 0.016
1168.74151 17.514 0.019
1171.70941 17.563 0.015
1174.83721 17.391 0.015
1178.75520 17.611 0.018
1181.72077 17.533 0.019
1183.75430 17.570 0.016
1185.80322 17.587 0.017
1187.75645 17.506 0.016
1189.74486 17.431 0.015
1191.80972 17.388 0.014
1192.84051 17.600 0.016
1194.66002 17.403 0.021
1196.67686 17.500 0.021
1202.68223 17.468 0.017
1204.66241 17.379 0.018
1207.67517 17.523 0.020
1211.70157 17.391 0.018
1214.74014 17.533 0.019
1215.56627 17.534 0.016
1216.63433 17.390 0.017
1217.70197 17.580 0.021
1219.63915 17.398 0.017
1221.60988 17.369 0.016
1223.70002 17.418 0.019
1224.57965 17.380 0.022
1226.58791 17.418 0.016
1227.59496 17.530 0.016
1232.68453 17.579 0.019
1235.58574 17.547 0.021
1237.56967 17.518 0.031
1238.67166 17.339 0.039
1241.57191 17.361 0.018
1242.64526 17.538 0.020
1243.61286 17.366 0.016
1245.55757 17.520 0.019
1247.69194 17.461 0.019
1248.65973 17.421 0.019
1251.61424 17.481 0.019
1254.56811 17.532 0.022
1255.60112 17.405 0.020
1258.59843 17.393 0.016
1260.62556 17.382 0.016
1266.61101 17.601 0.026
1268.53211 17.383 0.021
1275.54953 17.349 0.018
1278.53213 17.459 0.020
1281.54019 17.592 0.025
1290.50992 17.387 0.020
1296.60080 17.505 0.022
1300.54695 17.501 0.025
1305.52532 17.550 0.024
1308.55633 17.574 0.022
1315.51548 17.552 0.028
1318.49820 17.603 0.025
1320.54037 17.573 0.027
1331.50281 17.446 0.027
1431.84611 17.416 0.017
1433.84267 17.522 0.021
1435.89055 17.561 0.021
1437.88329 17.571 0.031
1441.85940 17.342 0.015
1443.81806 17.463 0.028
1447.78736 17.593 0.030
1448.87806 17.347 0.019
1455.79629 17.578 0.034
1458.78219 17.439 0.021
1461.75018 17.385 0.017
1462.86936 17.494 0.020
1471.76061 17.487 0.019
1475.85501 17.346 0.016
1478.77975 17.390 0.017
1481.84198 17.594 0.020
1484.84628 17.521 0.017
1487.83909 17.364 0.016
1489.84000 17.489 0.026
1491.77780 17.604 0.025
1493.71971 17.424 0.017
1495.76318 17.392 0.016
1498.68431 17.436 0.020
1500.82485 17.477 0.017
1503.71513 17.466 0.021
1505.82199 17.526 0.020
1507.71803 17.435 0.020
1508.83464 17.547 0.017
1509.69618 17.582 0.019
1510.66167 17.392 0.015
1511.74428 17.578 0.019
1512.77832 17.395 0.017
1514.79281 17.376 0.016
1516.83861 17.402 0.015
1518.71046 17.585 0.018
1520.73579 17.504 0.017
1522.73647 17.389 0.016
1523.73663 17.576 0.027
1525.71255 17.524 0.017
1527.77792 17.474 0.019
1528.70386 17.613 0.017
1529.82927 17.471 0.016
1531.72123 17.492 0.021
1538.67836 17.575 0.017
1541.63421 17.553 0.016
1542.78852 17.583 0.018
1544.69093 17.355 0.014
1546.71556 17.399 0.020
1547.71721 17.535 0.015
1548.69432 17.520 0.016
1551.72372 17.361 0.014
1552.65664 17.495 0.016
1553.68033 17.532 0.016
1554.65890 17.388 0.015
1555.68341 17.609 0.019
1556.65754 17.405 0.016
1560.64927 17.610 0.029
1564.56838 17.402 0.019
1568.64510 17.479 0.025
1571.65478 17.372 0.015
1575.66914 17.481 0.019
1578.70947 17.374 0.017
1580.72029 17.348 0.015
1582.65475 17.565 0.018
1585.64553 17.457 0.016
1588.64882 17.366 0.018
1591.61268 17.441 0.028
1595.60590 17.432 0.019
1599.67190 17.535 0.017
1600.63876 17.371 0.022
1601.63191 17.505 0.021
1602.69837 17.374 0.017
1604.62995 17.575 0.020
1606.58696 17.546 0.020
1609.54319 17.592 0.021
1610.55812 17.410 0.017
1611.61818 17.559 0.020
1613.59857 17.449 0.018
1614.66962 17.442 0.021
1616.52728 17.536 0.017
1618.67647 17.566 0.024
1619.56651 17.511 0.021
1621.56268 17.563 0.025
1623.65983 17.572 0.024
1625.64086 17.484 0.019
1627.61115 17.321 0.020
1628.55109 17.503 0.019
1630.52270 17.373 0.022
1631.52052 17.606 0.019
1633.63595 17.566 0.018
1635.51890 17.419 0.019
1645.52804 17.477 0.026
1653.51337 17.540 0.025
1655.55729 17.543 0.022
1657.56676 17.492 0.026
1659.58137 17.423 0.021
1662.54894 17.479 0.019
1664.57202 17.451 0.019
1669.54195 17.413 0.026
1672.51466 17.469 0.024
1687.51228 17.573 0.037
1695.49761 17.499 0.022
1766.89032 17.394 0.025
1768.87595 17.533 0.020
1773.93426 17.431 0.027
1782.86551 17.576 0.024
1788.87395 17.386 0.016
1804.86917 17.562 0.020
1811.88972 17.544 0.018
1815.86590 17.378 0.015
1822.74758 17.576 0.019
1829.89686 17.352 0.048
1844.80479 17.475 0.016
1850.78611 17.486 0.018
1854.84312 17.390 0.014
1858.79022 17.586 0.022
1860.83260 17.545 0.020
1863.80571 17.557 0.016
1866.75640 17.488 0.016
1868.73752 17.563 0.016
1870.85854 17.525 0.022
1874.77935 17.421 0.015
2166.89599 17.529 0.018
2173.81641 17.385 0.016
2189.88779 17.364 0.018
2192.79042 17.347 0.014
2201.80321 17.471 0.014
2212.83488 17.579 0.018
2217.81969 17.578 0.021
2223.83950 17.396 0.016
2226.81951 17.398 0.017
2228.85650 17.381 0.016
2230.77004 17.582 0.018
2232.78980 17.546 0.020
2234.78398 17.527 0.018
2238.74766 17.407 0.015
2243.68943 17.470 0.019
2248.75732 17.346 0.015
2251.71927 17.415 0.015
2253.80337 17.476 0.015
2255.67832 17.507 0.019
2261.69858 17.452 0.016
2264.77964 17.538 0.015
2269.81304 17.480 0.016
2271.76044 17.572 0.015
2273.84552 17.596 0.020
2274.63016 17.578 0.024
2276.73728 17.574 0.019
2278.63580 17.349 0.015
2280.63400 17.396 0.016
2282.64257 17.471 0.017
2289.77622 17.391 0.016
2291.78431 17.488 0.020
2293.75006 17.579 0.024
2295.77197 17.556 0.016
2297.76528 17.462 0.017
2299.80585 17.426 0.020
2301.69995 17.535 0.025
2303.69614 17.554 0.025
2321.64656 17.471 0.018
2327.52508 17.355 0.018
2332.55796 17.388 0.022
2333.52201 17.528 0.025
2339.51019 17.393 0.018
2347.50489 17.411 0.019
2402.49883 17.456 0.022
2524.89464 17.410 0.018
2537.89458 17.513 0.024
2542.85715 17.506 0.017
2552.80423 17.518 0.019
2556.79747 17.427 0.017
2559.84565 17.507 0.018
2563.89091 17.314 0.022
2564.81361 17.476 0.019
2573.81546 17.367 0.019
2578.73963 17.482 0.021
2583.77512 17.375 0.019
2589.81785 17.595 0.017
2596.70611 17.423 0.022
2605.70737 17.438 0.017
2609.69811 17.549 0.021
2614.63292 17.541 0.016
2618.69058 17.429 0.017
2620.81853 17.462 0.015
2623.78941 17.547 0.018
2627.65416 17.520 0.026
2629.67768 17.523 0.020
2634.72577 17.442 0.016
2635.59788 17.369 0.014
2639.62284 17.554 0.014
2641.68833 17.581 0.018
2643.69711 17.595 0.017
2645.68652 17.491 0.015
2647.64424 17.394 0.016
2650.85967 17.516 0.016
2653.62582 17.567 0.020
2655.73911 17.577 0.020
2657.59178 17.404 0.016
2659.60678 17.472 0.018
2661.82478 17.454 0.020
2663.83883 17.387 0.025
2665.84374 17.391 0.020
2668.59373 17.524 0.024
2670.59888 17.524 0.019
2672.58545 17.388 0.019
2674.60683 17.376 0.016
2676.59330 17.491 0.018
2678.66224 17.463 0.017
2678.66608 17.457 0.017
2680.59179 17.567 0.017
2682.64062 17.561 0.021
2686.63517 17.357 0.018
2695.61752 17.503 0.020
2700.57163 17.575 0.020
2706.59047 17.417 0.021
2713.55552 17.420 0.022
2840.93324 17.415 0.019
2868.87300 17.595 0.020
2885.83797 17.562 0.017
2892.86754 17.560 0.022
2897.83688 17.550 0.020
2903.88267 17.377 0.014
2906.88582 17.446 0.015
2911.76562 17.350 0.014
2916.80970 17.397 0.014
2922.79958 17.549 0.022
2925.88810 17.394 0.021
2930.80074 17.423 0.017
2933.84509 17.457 0.015
2939.85337 17.528 0.021
2942.80300 17.455 0.016
2944.84740 17.510 0.019
2946.84931 17.595 0.019
2948.86575 17.563 0.018
2952.83984 17.406 0.017
2956.67909 17.489 0.019
2958.70580 17.437 0.018
2962.71666 17.431 0.016
2965.73576 17.422 0.014
2967.83530 17.457 0.015
2970.80067 17.532 0.015
2974.73847 17.465 0.016
2976.77317 17.505 0.016
2978.73700 17.578 0.020
2978.75326 17.599 0.020
2980.69331 17.437 0.016
2982.65272 17.389 0.016
2984.70328 17.434 0.016
2986.78138 17.459 0.018
2988.75065 17.569 0.020
2990.62281 17.410 0.015
2992.77338 17.533 0.016
2994.61962 17.487 0.018
2995.62923 17.460 0.014
2997.63820 17.354 0.014
2999.75792 17.453 0.017
3001.72973 17.427 0.016
3003.70325 17.520 0.016
3005.69401 17.595 0.019
3007.70843 17.565 0.018
3009.70649 17.442 0.016
3011.67580 17.411 0.020
3013.67904 17.510 0.018
3017.68944 17.571 0.022
3019.61701 17.382 0.015
3021.73616 17.421 0.014
3023.59814 17.458 0.014
3024.79918 17.607 0.016
3026.79549 17.570 0.015
3028.80746 17.472 0.015
3031.66940 17.414 0.014
3033.73335 17.411 0.013
3035.73969 17.393 0.016
3038.71808 17.430 0.016
3041.58627 17.407 0.025
3043.62165 17.321 0.017
3045.65533 17.461 0.018
3047.60940 17.564 0.019
3049.61502 17.547 0.015
3051.58229 17.420 0.016
3053.57742 17.363 0.015
3055.57656 17.472 0.017
3057.60141 17.507 0.017
3060.62389 17.400 0.016
3064.62822 17.537 0.020
3067.68520 17.398 0.016
3070.53355 17.423 0.019
3073.60023 17.511 0.024
3075.64945 17.463 0.017
3078.56956 17.491 0.021
3082.55893 17.417 0.018
3084.63584 17.447 0.015
3087.59750 17.372 0.015
3090.56129 17.436 0.021
3099.49610 17.518 0.021
3102.52290 17.363 0.018
3105.56152 17.539 0.024
3108.53999 17.579 0.018
3112.51134 17.414 0.018
3116.49862 17.519 0.020
3126.50434 17.477 0.018
3146.46686 17.357 0.017
3241.89188 17.412 0.017
3247.92472 17.547 0.024
3256.90326 17.522 0.018
3263.87815 17.402 0.013
3268.89372 17.492 0.015
3273.86898 17.486 0.017
3277.85820 17.426 0.015
3281.84830 17.576 0.014
3287.70986 17.618 0.017
3289.86205 17.464 0.015
3294.85751 17.441 0.013
3296.86526 17.517 0.015
3301.71622 17.570 0.020
3304.77888 17.496 0.019
3306.85991 17.471 0.016
3308.87668 17.525 0.025
3311.68702 17.581 0.016
3320.72981 17.459 0.014
3327.69884 17.393 0.014
3329.84946 17.473 0.014
3334.75540 17.341 0.018
3338.80552 17.443 0.014
3350.63179 17.573 0.014
3354.63752 17.365 0.015
3358.69099 17.485 0.014
3361.79126 17.485 0.015
3363.74620 17.349 0.015
3367.70002 17.625 0.021
3372.71844 17.572 0.015
3378.63118 17.500 0.019
3382.60937 17.543 0.021
3387.61749 17.591 0.018
3391.69874 17.581 0.018
3395.69015 17.367 0.017
3399.66622 17.564 0.017
3402.68308 17.396 0.014
3404.61366 17.606 0.018
3408.56428 17.359 0.014
3412.60970 17.479 0.015
3416.59310 17.599 0.017
3424.59620 17.529 0.020
3430.57060 17.424 0.015
3437.50882 17.480 0.016
3445.51352 17.418 0.017
3453.53527 17.578 0.019
3462.51053 17.469 0.018
3582.91714 17.504 0.019
3589.92391 17.594 0.015
3617.90935 17.429 0.016
3629.84900 17.484 0.017
3634.81437 17.545 0.016
3639.86729 17.440 0.013
3641.85818 17.542 0.018
3650.85351 17.550 0.014
3653.88138 17.548 0.015
3657.83462 17.503 0.015
3661.81848 17.452 0.018
3666.81470 17.447 0.016
3671.84757 17.363 0.014
3675.83014 17.545 0.015
3683.85126 17.406 0.014
3687.74397 17.530 0.015
3689.84444 17.558 0.016
3692.76833 17.544 0.016
3694.78323 17.562 0.017
3696.72570 17.366 0.013
3699.72826 17.478 0.013
3701.77935 17.467 0.014
3704.68831 17.429 0.014
3706.81709 17.566 0.016
3711.69077 17.405 0.015
3713.70448 17.381 0.015
3716.80364 17.561 0.015
3719.78457 17.588 0.024
3725.77623 17.394 0.016
3727.75101 17.471 0.014
3730.64632 17.453 0.012
3732.67083 17.516 0.014
3734.76881 17.512 0.014
3736.78519 17.580 0.016
3737.67376 17.478 0.014
3739.77278 17.450 0.013
3742.59574 17.517 0.020
3745.70724 17.425 0.013
3747.73680 17.408 0.022
3749.61964 17.593 0.022
3751.72376 17.560 0.016
3753.59539 17.427 0.016
3755.63292 17.373 0.017
3757.66639 17.377 0.015
3759.73001 17.397 0.013
3762.71833 17.459 0.015
3765.73690 17.554 0.012
3770.57841 17.383 0.014
3773.58578 17.544 0.016
3776.58481 17.531 0.016
3779.57482 17.451 0.018
3782.62457 17.436 0.015
3787.54942 17.344 0.015
3791.59664 17.490 0.015
3799.52113 17.420 0.020
3821.49913 17.378 0.014
3945.92378 17.345 0.013
3963.91997 17.556 0.019
3969.85043 17.512 0.017
3975.90048 17.477 0.015
3981.82968 17.559 0.018
3995.88010 17.553 0.017
4001.83320 17.491 0.015
4005.81104 17.553 0.014
4007.81512 17.452 0.014
4011.81525 17.456 0.016
4018.80678 17.463 0.015
4023.83887 17.404 0.013
4026.74525 17.408 0.014
4028.88141 17.380 0.016
4031.76915 17.377 0.017
4037.87825 17.434 0.018
4040.84518 17.441 0.016
4042.86089 17.522 0.017
4046.73590 17.373 0.016
4048.82544 17.382 0.017
4052.66760 17.583 0.014
4053.86523 17.515 0.019
4056.71213 17.467 0.017
4058.65019 17.489 0.016
4063.64422 17.456 0.014
4066.64202 17.442 0.016
4069.70764 17.572 0.016
4071.63625 17.457 0.016
4076.70850 17.583 0.017
4079.72118 17.575 0.020
4083.63811 17.398 0.018
4085.70340 17.370 0.015
4092.82072 17.511 0.014
4104.86755 17.527 0.026
4112.69221 17.388 0.012
4117.68108 17.441 0.016
4121.65711 17.439 0.016
4124.73996 17.497 0.014
4129.75252 17.497 0.016
4142.61154 17.525 0.019
4150.59997 17.593 0.016
4155.51331 17.558 0.020
4166.54214 17.364 0.020
4196.49164 17.506 0.019
4341.86766 17.476 0.020
4347.81760 17.446 0.019
4351.86353 17.424 0.018
4363.80010 17.462 0.021
4366.85066 17.380 0.018
4369.89119 17.579 0.020
4372.79414 17.580 0.017
4376.88451 17.493 0.022
4379.89095 17.591 0.024
4386.75208 17.420 0.015
4388.88998 17.478 0.037
4393.76303 17.403 0.016
4398.83929 17.478 0.017
4403.84570 17.542 0.022
4411.77465 17.604 0.017
4411.83632 17.600 0.019
4418.72549 17.468 0.014
4422.82207 17.389 0.014
4429.75329 17.552 0.031
4432.69022 17.411 0.017
4436.72963 17.557 0.019
4439.79532 17.389 0.020
4443.66502 17.570 0.022
4448.81901 17.490 0.016
4451.65924 17.557 0.018
4455.65801 17.500 0.019
4457.71355 17.475 0.019
4460.74363 17.598 0.022
4464.70630 17.406 0.015
4467.69881 17.543 0.016
4471.70053 17.411 0.015
4476.66756 17.398 0.014
4480.66735 17.588 0.018
4484.74637 17.597 0.021
4488.66889 17.495 0.021
4493.67102 17.419 0.019
4498.64941 17.405 0.014
4501.64245 17.469 0.018
4506.58054 17.404 0.019
4508.59055 17.402 0.017
4510.66970 17.384 0.018
4516.61943 17.501 0.026
4519.68586 17.521 0.022
4521.53463 17.421 0.018
4524.51980 17.539 0.024
4530.59925 17.400 0.018
4532.62750 17.449 0.017
4537.58916 17.444 0.018
4540.64034 17.476 0.021
