 455.69217 14.809 0.006
 455.71981 14.807 0.006
 455.76436 14.792 0.006
 456.58747 14.802 0.006
 456.62470 14.810 0.006
 456.70792 14.824 0.006
 456.75539 14.841 0.006
 456.80682 14.851 0.006
 457.55515 14.960 0.006
 457.59909 14.970 0.006
 457.65776 14.962 0.006
 457.71631 14.960 0.006
 457.77499 14.946 0.006
 458.63148 14.768 0.006
 458.69020 14.769 0.006
 458.75940 14.760 0.006
 459.54874 14.848 0.006
 459.59495 14.858 0.006
 459.65349 14.865 0.006
 459.71296 14.872 0.006
 459.75673 14.885 0.006
 459.80058 14.897 0.006
 461.55967 14.761 0.006
 461.60349 14.762 0.006
 461.66209 14.756 0.006
 461.72827 14.752 0.006
 461.79026 14.758 0.006
 462.56018 14.895 0.006
 462.61882 14.910 0.006
 462.66480 14.914 0.006
 465.66365 14.954 0.006
 465.71132 14.955 0.006
 465.79618 14.964 0.006
 466.64741 14.812 0.006
 466.71392 14.797 0.006
 466.79889 14.784 0.006
 467.65105 14.814 0.006
 467.75566 14.839 0.006
 467.82159 14.855 0.006
 468.65774 14.969 0.006
 468.72791 14.961 0.006
 468.78652 14.958 0.006
 469.65861 14.770 0.006
 469.73542 14.763 0.006
 469.79563 14.755 0.006
 470.73340 14.892 0.006
 471.64446 14.936 0.006
 471.78122 14.902 0.006
 472.61902 14.739 0.006
 472.66290 14.743 0.006
 472.70667 14.744 0.006
 472.77263 14.742 0.006
 472.84599 14.755 0.006
 473.68670 14.928 0.006
 474.69861 14.848 0.006
 474.76506 14.845 0.006
 475.53300 14.765 0.006
 475.59178 14.765 0.006
 475.65793 14.770 0.006
 475.71006 14.791 0.006
 475.75715 14.782 0.006
 476.73809 14.961 0.006
 477.52974 14.824 0.006
 477.57531 14.808 0.006
 477.72848 14.788 0.006
 477.80936 14.764 0.006
 477.85361 14.760 0.006
 478.53588 14.803 0.006
 478.75629 14.841 0.006
 478.81523 14.858 0.006
 479.53471 14.968 0.006
 479.57863 14.968 0.006
 479.77067 14.942 0.006
 479.81625 14.937 0.006
 480.57075 14.788 0.006
 480.65192 14.769 0.006
 480.74552 14.752 0.006
 480.78960 14.737 0.006
 481.55595 14.849 0.006
 481.70435 14.885 0.006
 481.74832 14.899 0.006
 481.79228 14.903 0.006
 482.70516 14.913 0.006
 482.78311 14.894 0.006
 483.57146 14.768 0.006
 483.61588 14.767 0.006
 483.65979 14.755 0.006
 483.70377 14.766 0.006
 483.74766 14.760 0.006
 483.79159 14.763 0.006
 484.57013 14.902 0.006
 484.67881 14.931 0.006
 484.72318 14.930 0.006
 484.76720 14.934 0.006
 485.57379 14.885 0.006
 485.72069 14.857 0.006
 485.76484 14.848 0.006
 486.57025 14.762 0.006
 486.61584 14.774 0.006
 486.71238 14.789 0.006
 486.75754 14.800 0.006
 487.59721 14.947 0.006
 487.64545 14.948 0.006
 487.69329 14.958 0.006
 487.73744 14.961 0.006
 487.78160 14.961 0.006
 488.58274 14.837 0.006
 488.62671 14.818 0.006
 488.69556 14.808 0.006
 488.73958 14.796 0.006
 488.78364 14.799 0.006
 489.55850 14.788 0.006
 489.61502 14.806 0.006
 489.64746 14.814 0.006
 489.69139 14.819 0.006
 489.73531 14.827 0.006
 489.77934 14.845 0.006
 490.55175 14.962 0.006
 490.68894 14.952 0.006
 490.73303 14.963 0.006
 490.77699 14.956 0.006
 491.57625 14.777 0.006
 491.62806 14.774 0.006
 491.67218 14.767 0.006
 491.78555 14.764 0.006
 492.56041 14.852 0.006
 492.60431 14.866 0.006
 492.63476 14.859 0.006
 492.68063 14.871 0.006
 493.56344 14.924 0.006
 493.60796 14.919 0.006
 494.55817 14.765 0.006
 494.60210 14.757 0.006
 494.64633 14.759 0.006
 494.69063 14.762 0.006
 494.73565 14.769 0.006
 495.56097 14.915 0.006
 495.63461 14.931 0.006
 495.68809 14.930 0.006
 496.55638 14.883 0.006
 496.60113 14.884 0.006
 496.64520 14.857 0.006
 496.69011 14.859 0.006
 497.58410 14.785 0.006
 498.55544 14.942 0.006
 498.59948 14.947 0.006
 498.71323 14.954 0.006
 498.75716 14.955 0.006
 499.55039 14.827 0.006
 499.59610 14.824 0.006
 499.73638 14.790 0.006
 500.57792 14.816 0.006
 500.59313 14.820 0.006
 500.63799 14.823 0.006
 500.68916 14.839 0.006
 500.73357 14.843 0.006
 501.55726 14.968 0.006
 501.67604 14.957 0.006
 507.54570 14.897 0.006
 507.59091 14.889 0.006
 507.66274 14.878 0.006
 509.54162 14.939 0.006
 509.58867 14.938 0.006
 509.64099 14.947 0.006
 510.58323 14.840 0.006
 510.62878 14.834 0.006
 510.67639 14.826 0.006
 511.66867 14.817 0.006
 512.57529 14.973 0.006
 512.62367 14.971 0.006
 512.69798 14.971 0.006
 512.74349 14.953 0.006
 513.55565 14.804 0.006
 513.60119 14.795 0.006
 513.69288 14.780 0.006
 513.74011 14.775 0.006
 514.56387 14.851 0.006
 514.63294 14.862 0.006
 514.68330 14.871 0.006
 514.73015 14.880 0.006
 515.55800 14.950 0.006
 515.61091 14.932 0.006
 515.66101 14.933 0.006
 516.56431 14.763 0.006
 516.61850 14.761 0.006
 516.66549 14.762 0.006
 516.71202 14.765 0.006
 517.56230 14.912 0.006
 517.61218 14.918 0.006
 517.70832 14.925 0.006
 518.59965 14.883 0.006
 518.64491 14.873 0.006
 518.69398 14.861 0.006
 519.56029 14.759 0.006
 519.60691 14.763 0.006
 519.67446 14.777 0.006
 520.70109 14.968 0.006
 521.55658 14.840 0.006
 521.60168 14.845 0.006
 521.66448 14.821 0.006
 523.56564 14.965 0.006
 523.61694 14.967 0.006
 523.66779 14.961 0.006
 524.55789 14.793 0.006
 524.60801 14.779 0.006
 526.54524 14.977 0.006
 526.64724 14.958 0.006
 527.67042 14.769 0.006
 530.56055 14.755 0.006
 531.55794 14.947 0.006
 532.54743 14.842 0.006
 533.56468 14.793 0.006
 534.55384 14.959 0.006
 534.59803 14.952 0.006
 534.64978 14.987 0.006
 535.53849 14.792 0.006
 535.59877 14.781 0.006
 535.67249 14.765 0.006
 536.51757 14.845 0.006
 536.56280 14.853 0.006
 536.61330 14.857 0.006
 537.51221 14.957 0.006
 537.61241 14.951 0.006
 537.65923 14.926 0.006
 538.50021 14.770 0.006
 538.55193 14.752 0.006
 539.50882 14.899 0.006
 539.61995 14.918 0.006
 539.66404 14.924 0.006
 540.53903 14.928 0.006
 540.67009 14.887 0.006
 541.51918 14.767 0.006
 541.57625 14.758 0.006
 542.49894 14.936 0.006
 542.50826 14.937 0.006
 542.56019 14.939 0.006
 542.60767 14.950 0.006
 542.65180 14.955 0.006
 543.54652 14.855 0.006
 543.59060 14.847 0.006
 543.62765 14.830 0.006
 543.67168 14.825 0.006
 544.49935 14.777 0.006
 544.54360 14.792 0.006
 544.58784 14.801 0.006
 544.63308 14.808 0.006
 551.48905 14.897 0.006
 552.49736 14.748 0.006
 553.50573 14.934 0.006
 553.61652 14.942 0.006
 554.48254 14.849 0.006
 554.56798 14.817 0.006
 555.48887 14.772 0.006
 557.58942 14.787 0.006
 558.53625 14.846 0.006
 559.52003 14.949 0.006
 560.49811 14.749 0.006
 561.49814 14.890 0.006
 562.49964 14.906 0.006
 564.50083 14.945 0.006
 565.50664 14.841 0.006
 566.50063 14.798 0.006
 567.50172 14.948 0.006
 568.48694 14.805 0.006
 569.49678 14.847 0.006
 571.48260 14.770 0.006
 572.51110 14.897 0.006
 573.51494 14.926 0.006
 574.47336 14.772 0.006
 575.47200 14.924 0.006
 576.48705 14.836 0.006
 577.48095 14.804 0.006
 578.49397 14.956 0.006
 582.47667 14.777 0.006
 583.47943 14.882 0.006
 665.80473 14.851 0.006
 672.86477 14.827 0.006
 689.89523 14.771 0.006
 699.89861 14.929 0.006
 701.81554 14.907 0.006
 704.85802 14.945 0.006
 706.83952 14.797 0.006
 714.80689 14.778 0.006
 715.87965 14.944 0.006
 716.77147 14.859 0.006
 728.76672 14.783 0.006
 729.76669 14.945 0.006
 730.72228 14.822 0.006
 733.81323 14.776 0.006
 741.81651 14.795 0.006
 745.77132 14.893 0.006
 747.81978 14.751 0.006
 753.76769 14.835 0.006
 759.80817 14.932 0.006
 766.78232 14.759 0.006
 772.80141 14.792 0.006
 775.78313 14.842 0.006
 779.80180 14.917 0.006
 781.81866 14.938 0.006
 787.77823 14.961 0.006
 789.76218 14.883 0.006
 790.77272 14.925 0.006
 795.73033 14.947 0.006
 796.80218 14.810 0.006
 797.72999 14.833 0.006
 798.70197 14.973 0.006
 805.78687 14.767 0.006
 816.75790 14.781 0.006
 817.67712 14.951 0.006
 819.77684 14.817 0.006
 822.79101 14.871 0.006
 824.82030 14.738 0.006
 826.64379 14.886 0.006
 829.71441 14.822 0.006
 832.67058 14.781 0.006
 836.76940 14.928 0.006
 840.64879 14.819 0.006
 843.64930 14.780 0.006
 850.62285 14.933 0.006
 854.65360 14.792 0.006
 855.62762 14.854 0.006
 856.59388 14.947 0.006
 858.56649 14.896 0.006
 860.74696 14.783 0.006
 864.66964 14.962 0.006
 875.54181 14.952 0.006
 879.62831 14.764 0.006
 880.52741 14.881 0.006
 887.54069 14.805 0.006
 892.62424 14.918 0.006
 895.51512 14.939 0.006
 898.52194 14.812 0.006
 918.50902 14.781 0.006
 922.58931 14.962 0.006
 928.51523 14.881 0.006
 931.53718 14.823 0.006
 933.54697 14.963 0.006
 940.52822 14.776 0.006
 947.48662 14.942 0.006
 951.53656 14.787 0.006
1045.86859 14.937 0.006
1051.85515 14.969 0.006
1052.89038 14.765 0.006
1053.87054 14.890 0.006
1054.88626 14.908 0.006
1055.85876 14.749 0.006
1059.87150 14.967 0.006
1068.86562 14.872 0.006
1069.87630 14.796 0.006
1071.89336 14.810 0.006
1081.85379 14.953 0.006
1087.80085 14.958 0.006
1091.80330 14.772 0.006
1095.78506 14.973 0.006
1102.78576 14.777 0.006
1106.84082 14.991 0.006
1107.76859 14.774 0.006
1112.86854 14.848 0.006
1119.78610 14.867 0.006
1126.80800 14.818 0.006
1131.67560 14.950 0.006
1132.73193 14.768 0.006
1136.76519 14.958 0.006
1138.78932 14.811 0.006
1142.65638 14.951 0.006
1144.72531 14.908 0.006
1151.75116 14.802 0.006
1155.75041 14.927 0.006
1158.74797 14.940 0.006
1161.72592 14.957 0.006
1165.74663 14.771 0.006
1169.74155 14.942 0.006
1174.71534 14.838 0.006
1179.73220 14.751 0.006
1181.80422 14.817 0.006
1186.75867 14.962 0.006
1187.81992 14.765 0.006
1188.74795 14.915 0.006
1196.69867 14.862 0.006
1201.70759 14.747 0.006
1203.72572 14.830 0.006
1207.58436 14.824 0.006
1211.62208 14.925 0.006
1214.62294 14.868 0.006
1217.59781 14.810 0.006
1220.60264 14.762 0.006
1223.62887 14.752 0.006
1225.56980 14.874 0.006
1227.65036 14.951 0.006
1231.54626 14.774 0.006
1234.59446 14.747 0.006
1236.60198 14.869 0.006
1240.55245 14.795 0.006
1242.65420 14.767 0.006
1244.60358 14.925 0.006
1247.53631 14.877 0.006
1252.65222 14.975 0.006
1256.52107 14.750 0.006
1260.54363 14.940 0.006
1265.52151 14.840 0.006
1273.56742 14.795 0.006
1277.50368 14.940 0.006
1288.50194 14.948 0.006
1290.56935 14.918 0.006
1296.50671 14.953 0.006
1298.54464 14.851 0.006
1301.48631 14.898 0.006
1305.53215 14.845 0.006
1308.46166 14.801 0.006
1313.50814 14.908 0.006
1316.50003 14.841 0.006
1319.47625 14.785 0.006
1329.53112 14.959 0.006
1332.50634 14.969 0.007
1339.47464 14.785 0.006
1412.83455 14.827 0.006
1418.83174 14.751 0.006
1430.88622 14.902 0.006
1432.82006 14.767 0.006
1435.79611 14.792 0.006
1437.78001 14.796 0.006
1440.82768 14.751 0.006
1446.83972 14.782 0.006
1447.86525 14.960 0.006
1451.76037 14.765 0.006
1458.85133 14.954 0.006
1459.76702 14.812 0.006
1462.77127 14.780 0.006
1470.83166 14.777 0.006
1475.74426 14.916 0.006
1478.69967 14.887 0.006
1478.83452 14.837 0.006
1481.67333 14.802 0.006
1487.70270 14.736 0.006
1490.69953 14.774 0.006
1492.69262 14.819 0.006
1495.69115 14.775 0.006
1497.81732 14.897 0.006
1499.64897 14.911 0.006
1502.64417 14.956 0.006
1505.68477 14.975 0.006
1507.81826 14.902 0.006
1510.79427 14.936 0.006
1512.69097 14.781 0.006
1514.80207 14.787 0.006
1517.63755 14.774 0.006
1519.71123 14.933 0.006
1521.64697 14.903 0.006
1523.76769 14.772 0.006
1525.76206 14.803 0.006
1527.69101 14.971 0.006
1528.73735 14.755 0.006
1529.75851 14.878 0.006
1531.75158 14.755 0.006
1538.70818 14.970 0.006
1541.66426 14.935 0.006
1542.69412 14.744 0.006
1544.62013 14.880 0.006
1547.74703 14.785 0.006
1548.72464 14.820 0.006
1549.71892 14.956 0.006
1552.58365 14.950 0.006
1554.71010 14.916 0.006
1555.71688 14.864 0.006
1562.71980 14.855 0.006
1564.59840 14.758 0.006
1567.69101 14.772 0.006
1570.59636 14.788 0.006
1574.78407 14.915 0.006
1577.73577 14.870 0.006
1580.76985 14.806 0.006
1583.65517 14.778 0.006
1585.74179 14.923 0.006
1588.74948 14.865 0.006
1591.72240 14.816 0.006
1593.56847 14.961 0.006
1595.73753 14.873 0.006
1596.71745 14.935 0.006
1599.63933 14.890 0.006
1601.71541 14.950 0.006
1604.59688 14.969 0.006
1606.63184 14.850 0.006
1609.67315 14.906 0.006
1610.65824 14.892 0.006
1613.54931 14.859 0.006
1615.58126 14.966 0.006
1617.65260 14.856 0.006
1619.63625 14.746 0.006
1620.58742 14.887 0.006
1622.53760 14.737 0.006
1624.53417 14.840 0.006
1626.53499 14.951 0.006
1627.65611 14.762 0.006
1629.53510 14.959 0.006
1630.61656 14.755 0.006
1634.53080 14.913 0.006
1650.53815 14.821 0.006
1654.56012 14.912 0.006
1656.54634 14.940 0.006
1659.55378 14.962 0.006
1661.57774 14.833 0.006
1664.53943 14.868 0.006
1667.54464 14.927 0.006
1670.56637 14.969 0.006
1672.55540 14.824 0.006
1691.51648 14.751 0.006
1769.89821 14.957 0.006
1771.92501 14.905 0.006
1772.90485 14.899 0.006
1775.90596 14.830 0.006
1784.89053 14.755 0.006
1789.87923 14.800 0.006
1804.82882 14.863 0.006
1809.85320 14.787 0.006
1812.82397 14.813 0.006
1816.83528 14.925 0.006
1821.82587 14.945 0.006
1823.86800 14.820 0.006
1826.85108 14.874 0.006
1829.82477 14.925 0.006
1830.83813 14.852 0.006
1834.87706 14.825 0.006
1859.81423 14.870 0.006
1861.83140 14.753 0.006
1864.80884 14.760 0.006
1865.78901 14.946 0.006
1866.85778 14.820 0.006
1868.82845 14.960 0.006
1870.76173 14.871 0.006
1871.84568 14.919 0.006
1873.80525 14.931 0.006
2167.89381 14.862 0.006
2190.85320 14.933 0.006
2193.81645 14.886 0.006
2202.81579 14.771 0.006
2214.86348 14.908 0.006
2215.76899 14.895 0.006
2224.81711 14.751 0.006
2227.72793 14.749 0.006
2229.73370 14.867 0.006
2231.70196 14.944 0.006
2233.67022 14.811 0.006
2237.58963 14.940 0.006
2239.65063 14.917 0.006
2241.74231 14.764 0.006
2243.80731 14.780 0.006
2248.66639 14.927 0.006
2250.75440 14.930 0.006
2252.72763 14.773 0.006
2254.71868 14.801 0.006
2257.72272 14.766 0.006
2265.77702 14.789 0.006
2266.74805 14.826 0.006
2270.79366 14.911 0.006
2272.64320 14.900 0.006
2274.77055 14.789 0.006
2276.82849 14.782 0.006
2278.78534 14.962 0.006
2280.76808 14.878 0.006
2282.76531 14.740 0.006
2289.82775 14.950 0.006
2291.81379 14.883 0.006
2293.78268 14.752 0.006
2295.80656 14.843 0.006
2297.79262 14.962 0.006
2300.81764 14.953 0.006
2302.77888 14.887 0.006
2304.81636 14.767 0.006
2315.70265 14.745 0.006
2324.56429 14.835 0.006
2328.54993 14.912 0.006
2340.53977 14.759 0.006
2347.53707 14.953 0.006
2373.49226 14.777 0.006
2385.55539 14.926 0.006
2534.88796 14.895 0.006
2539.89513 14.951 0.006
2545.86324 14.911 0.006
2553.75513 14.973 0.006
2557.82317 14.740 0.006
2561.82122 14.954 0.006
2565.82358 14.778 0.006
2574.78580 14.820 0.006
2578.84219 14.935 0.006
2584.73799 14.825 0.006
2590.81471 14.750 0.006
2596.82113 14.814 0.006
2606.71766 14.816 0.006
2609.82623 14.760 0.006
2614.79301 14.880 0.006
2619.66906 14.959 0.006
2621.79703 14.874 0.006
2624.69405 14.891 0.006
2629.81236 14.826 0.006
2632.70645 14.844 0.006
2635.80699 14.918 0.006
2638.80015 14.955 0.006
2641.76834 14.967 0.006
2643.77433 14.859 0.006
2645.77028 14.764 0.006
2647.69929 14.894 0.006
2650.78079 14.824 0.006
2653.65314 14.811 0.006
2655.70618 14.941 0.006
2657.64464 14.895 0.006
2659.79844 14.782 0.006
2660.70490 14.945 0.006
2662.71468 14.799 0.006
2664.73011 14.795 0.006
2666.78396 14.930 0.006
2668.77550 14.915 0.006
2675.80256 14.766 0.006
2677.78956 14.924 0.006
2679.80820 14.930 0.006
2682.73022 14.940 0.006
2687.62960 14.826 0.006
2692.57241 14.755 0.006
2697.51878 14.829 0.006
2702.51760 14.946 0.006
2708.54636 14.826 0.006
2724.51619 14.932 0.006
2871.92310 14.817 0.006
2884.86732 14.780 0.006
2890.88933 14.779 0.006
2896.84200 14.852 0.006
2902.77665 14.931 0.006
2911.88518 14.871 0.006
2917.78872 14.789 0.006
2923.78809 14.746 0.006
2926.84399 14.791 0.006
2931.77246 14.748 0.006
2934.81289 14.752 0.006
2940.79327 14.845 0.006
2943.79746 14.899 0.006
2947.80603 14.830 0.006
2950.71998 14.802 0.006
2954.74324 14.889 0.006
2956.78879 14.755 0.006
2958.83338 14.836 0.006
2962.82762 14.840 0.006
2964.84605 14.746 0.006
2967.77657 14.753 0.006
2970.83056 14.809 0.006
2974.76858 14.957 0.006
2976.65806 14.861 0.006
2979.64149 14.924 0.006
2983.76964 14.794 0.006
2985.81736 14.943 0.006
2987.71611 14.881 0.006
2989.65877 14.768 0.006
2991.73102 14.869 0.006
2993.73876 14.974 0.006
2995.81398 14.835 0.006
2997.78287 14.747 0.006
2998.73041 14.875 0.006
3000.73292 14.747 0.006
3002.72028 14.859 0.006
3004.72374 14.966 0.006
3006.71666 14.815 0.006
3008.73111 14.754 0.006
3010.77757 14.916 0.006
3011.79389 14.747 0.006
3016.72753 14.801 0.006
3018.75793 14.961 0.006
3020.82169 14.900 0.006
3021.84662 14.889 0.006
3023.70761 14.920 0.006
3025.67925 14.774 0.006
3027.72469 14.787 0.006
3029.70955 14.965 0.006
3031.77988 14.894 0.006
3034.61124 14.900 0.006
3036.64160 14.770 0.006
3039.58352 14.808 0.006
3042.69103 14.873 0.006
3044.63047 14.744 0.006
3046.61643 14.898 0.006
3047.71878 14.765 0.006
3048.64989 14.949 0.006
3049.67343 14.815 0.006
3051.64276 14.963 0.006
3053.61798 14.858 0.006
3055.63502 14.757 0.006
3057.66015 14.876 0.006
3059.60480 14.947 0.006
3061.59709 14.784 0.006
3066.56666 14.769 0.006
3068.59449 14.890 0.006
3073.68314 14.972 0.006
3076.60687 14.969 0.006
3079.58591 14.900 0.006
3082.67517 14.816 0.006
3085.57569 14.789 0.006
3088.53594 14.762 0.006
3091.51829 14.750 0.006
3096.56735 14.805 0.006
3099.63501 14.762 0.006
3100.49492 14.883 0.006
3103.51656 14.932 0.006
3106.53783 14.956 0.006
3109.52343 14.956 0.006
3112.57526 14.901 0.006
3116.55695 14.794 0.006
3127.55410 14.780 0.006
3133.51457 14.874 0.006
3223.91288 14.805 0.006
3242.86376 14.759 0.006
3248.91771 14.847 0.006
3258.89848 14.797 0.006
3264.86473 14.761 0.006
3271.81252 14.970 0.006
3274.81650 14.927 0.006
3278.88949 14.791 0.006
3282.78169 14.985 0.006
3287.82063 14.921 0.006
3291.75792 14.814 0.006
3295.77841 14.873 0.006
3297.77051 14.750 0.006
3299.83857 14.849 0.006
3301.83194 14.967 0.006
3305.74093 14.772 0.006
3307.76581 14.958 0.006
3309.80223 14.923 0.006
3311.79584 14.779 0.006
3320.85927 14.943 0.006
3327.81171 14.775 0.006
3330.78777 14.766 0.006
3336.64017 14.779 0.006
3339.81866 14.878 0.006
3353.81239 14.913 0.006
3357.75304 14.818 0.006
3360.72979 14.791 0.006
3365.84920 14.868 0.006
3373.81327 14.921 0.006
3378.74006 14.943 0.006
3387.73774 14.894 0.006
3394.62320 14.825 0.006
3399.77693 14.784 0.006
3403.76402 14.978 0.006
3408.68719 14.897 0.006
3413.53345 14.772 0.006
3417.62735 14.972 0.006
3427.56333 14.814 0.006
3434.51518 14.900 0.006
3440.53930 14.775 0.006
3447.50851 14.953 0.006
3456.53407 14.885 0.006
3469.48894 14.951 0.006
3478.48143 14.900 0.006
3601.89190 14.970 0.006
3619.89465 14.777 0.006
3636.83348 14.855 0.006
3640.78340 14.890 0.006
3651.81728 14.905 0.006
3654.86348 14.842 0.006
3658.82715 14.861 0.006
3661.87290 14.910 0.006
3665.84610 14.819 0.006
3670.81571 14.961 0.006
3673.82600 14.921 0.006
3676.82616 14.825 0.006
3685.76551 14.756 0.006
3687.85223 14.824 0.006
3690.77418 14.798 0.006
3693.80984 14.768 0.006
3695.84093 14.891 0.006
3698.83056 14.830 0.006
3701.69953 14.804 0.006
3703.78331 14.957 0.006
3705.84751 14.905 0.006
3708.83524 14.956 0.006
3712.79278 14.787 0.006
3715.75846 14.760 0.006
3718.69427 14.755 0.006
3720.84406 14.842 0.006
3724.76166 14.827 0.006
3728.73970 14.913 0.006
3731.80278 14.835 0.006
3733.66553 14.946 0.006
3735.65337 14.823 0.006
3737.81189 14.769 0.006
3740.77524 14.756 0.006
3742.78580 14.858 0.006
3745.81781 14.798 0.006
3747.82054 14.959 0.006
3749.76785 14.899 0.006
3751.78169 14.749 0.006
3753.73108 14.866 0.006
3755.73117 14.929 0.006
3757.72090 14.836 0.006
3759.81120 14.758 0.006
3763.68320 14.907 0.006
3766.69980 14.961 0.006
3770.72735 14.754 0.006
3773.75860 14.747 0.006
3776.73294 14.785 0.006
3783.60021 14.945 0.006
3788.57439 14.925 0.006
3793.57995 14.846 0.006
3801.51572 14.782 0.006
3810.55057 14.944 0.006
3826.49142 14.820 0.006
3958.88150 14.900 0.006
3965.85132 14.799 0.006
3970.87144 14.901 0.006
3982.82223 14.766 0.006
3993.77491 14.765 0.006
3999.86642 14.850 0.006
4003.74235 14.939 0.006
4006.76350 14.890 0.006
4008.78441 14.953 0.006
4013.79602 14.881 0.006
4019.79718 14.957 0.006
4026.85923 14.775 0.006
4029.80359 14.771 0.006
4032.84018 14.842 0.006
4038.78624 14.928 0.006
4041.74613 14.954 0.006
4043.75117 14.811 0.006
4046.84430 14.892 0.006
4049.71442 14.906 0.006
4052.77577 14.966 0.006
4054.76191 14.823 0.006
4056.82105 14.763 0.006
4059.71581 14.764 0.006
4064.78346 14.823 0.006
4066.78343 14.973 0.006
4069.73650 14.938 0.006
4071.66445 14.919 0.006
4076.73667 14.811 0.006
4079.77815 14.872 0.006
4082.82607 14.933 0.006
4084.79132 14.782 0.006
4086.81634 14.800 0.006
4103.64098 14.775 0.006
4106.57279 14.773 0.006
4111.79511 14.773 0.006
4117.73573 14.783 0.006
4127.66433 14.902 0.006
4132.75326 14.967 0.006
4143.54049 14.952 0.006
4157.53273 14.963 0.006
4168.57350 14.966 0.006
4198.52607 14.951 0.006
4343.85899 14.871 0.006
4348.82789 14.760 0.006
4353.85926 14.775 0.006
4358.81128 14.895 0.006
4364.89765 14.767 0.006
4367.87148 14.764 0.006
4370.89316 14.781 0.006
4373.84918 14.823 0.006
4378.75260 14.776 0.006
4381.74078 14.779 0.006
4386.85866 14.787 0.006
4390.82065 14.917 0.006
4394.86724 14.833 0.006
4399.79496 14.946 0.006
4412.78237 14.898 0.006
4423.73272 14.881 0.006
4427.73480 14.854 0.006
4430.73810 14.784 0.006
4433.75565 14.758 0.006
4437.75361 14.931 0.006
4440.69785 14.959 0.006
4443.79033 14.947 0.006
4444.83318 14.758 0.006
4448.69883 14.932 0.006
4449.74629 14.845 0.006
4449.76126 14.840 0.006
4450.70919 14.801 0.006
4451.64436 14.955 0.006
4451.79687 14.958 0.006
4452.85714 14.777 0.006
4453.63323 14.815 0.006
4454.65681 14.959 0.006
4455.64357 14.770 0.006
4455.76226 14.748 0.006
4456.72431 14.886 0.006
4457.69906 14.926 0.006
4457.79348 14.891 0.006
4458.62146 14.754 0.006
4459.60572 14.908 0.006
4459.76070 14.935 0.006
4461.61908 14.766 0.006
4461.76401 14.794 0.006
4462.63643 14.948 0.006
4462.78618 14.952 0.006
4463.62998 14.816 0.006
4463.75744 14.793 0.006
4464.63233 14.807 0.006
4464.76176 14.829 0.006
4465.63922 14.962 0.006
4465.77419 14.956 0.006
4466.64882 14.779 0.006
4466.74017 14.765 0.006
4467.60771 14.872 0.006
4467.68454 14.871 0.006
4468.64028 14.930 0.006
4468.73844 14.898 0.006
4469.62461 14.753 0.006
4470.62132 14.918 0.006
4470.69399 14.925 0.006
4471.60692 14.875 0.006
4471.76879 14.836 0.006
4472.60315 14.768 0.006
4472.77579 14.785 0.006
4473.73714 14.958 0.006
4476.75810 14.953 0.006
4482.79898 14.828 0.006
4485.78930 14.784 0.006
4490.63654 14.924 0.006
4494.70260 14.782 0.006
4498.72699 14.953 0.006
4501.72433 14.924 0.006
4506.65834 14.947 0.006
4508.68520 14.828 0.006
4509.74931 14.953 0.006
4512.71884 14.909 0.006
4518.65903 14.825 0.006
4521.69958 14.779 0.006
4523.67859 14.919 0.006
4525.64320 14.916 0.006
4531.62691 14.963 0.006
4534.55580 14.955 0.006
4537.67158 14.870 0.006
4539.59085 14.948 0.006
4542.50823 14.974 0.006
