 455.68139 13.348 0.005
 456.68741 13.377 0.005
 456.79695 13.368 0.005
 457.58919 13.345 0.005
 457.63310 13.345 0.005
 457.69175 13.343 0.005
 457.75035 13.335 0.005
 457.80899 13.329 0.005
 457.83846 13.328 0.005
 458.66555 13.297 0.005
 458.73465 13.303 0.005
 459.58279 13.325 0.005
 459.62893 13.320 0.005
 459.68750 13.323 0.005
 459.74694 13.331 0.005
 459.79080 13.332 0.005
 459.83460 13.330 0.005
 461.59368 13.361 0.005
 461.63746 13.362 0.005
 461.69612 13.361 0.005
 461.76566 13.357 0.005
 461.82430 13.356 0.005
 462.59423 13.320 0.005
 462.65284 13.318 0.005
 462.69881 13.317 0.005
 465.70090 13.371 0.005
 465.74535 13.363 0.005
 465.83011 13.363 0.005
 466.68137 13.349 0.005
 466.74792 13.342 0.005
 466.83292 13.336 0.005
 467.68503 13.297 0.005
 467.78963 13.290 0.005
 467.85559 13.292 0.005
 468.69595 13.324 0.005
 468.76186 13.324 0.005
 468.82048 13.334 0.005
 468.85709 13.329 0.005
 469.69262 13.354 0.005
 469.77075 13.359 0.005
 469.83973 13.363 0.005
 470.77132 13.363 0.005
 471.67846 13.318 0.005
 471.81521 13.316 0.005
 472.65310 13.299 0.005
 472.69687 13.300 0.005
 472.74069 13.314 0.005
 472.80660 13.305 0.005
 472.83610 13.314 0.005
 473.72063 13.349 0.005
 474.73266 13.362 0.005
 475.56697 13.357 0.005
 475.62573 13.351 0.005
 475.69183 13.348 0.005
 475.74400 13.346 0.005
 476.77800 13.302 0.005
 477.56372 13.314 0.005
 477.61504 13.320 0.005
 477.76248 13.326 0.005
 477.84331 13.327 0.005
 478.56987 13.349 0.005
 478.79025 13.358 0.005
 478.84921 13.359 0.005
 479.56868 13.362 0.005
 479.61253 13.363 0.005
 479.73176 13.365 0.005
 479.85016 13.364 0.005
 480.60473 13.328 0.005
 480.68590 13.326 0.005
 480.77950 13.316 0.005
 480.82360 13.312 0.005
 481.58992 13.300 0.005
 481.73831 13.308 0.005
 481.78231 13.306 0.005
 481.82621 13.323 0.005
 482.73916 13.341 0.005
 482.81706 13.347 0.005
 483.60542 13.368 0.005
 483.64987 13.371 0.005
 483.69378 13.365 0.005
 483.73770 13.366 0.005
 483.78164 13.367 0.005
 483.82556 13.371 0.005
 484.60415 13.354 0.005
 484.71281 13.350 0.005
 484.75715 13.351 0.005
 484.80115 13.350 0.005
 485.60774 13.307 0.005
 485.75467 13.301 0.005
 485.79880 13.306 0.005
 486.60425 13.322 0.005
 486.69061 13.323 0.005
 486.74635 13.324 0.005
 486.79150 13.326 0.005
 487.63129 13.355 0.005
 487.67947 13.354 0.005
 487.72733 13.357 0.005
 487.77142 13.360 0.005
 487.81557 13.358 0.005
 488.61674 13.372 0.005
 488.66066 13.369 0.005
 488.72951 13.369 0.005
 488.77352 13.369 0.005
 488.81757 13.369 0.005
 489.59244 13.336 0.005
 489.68144 13.327 0.005
 489.72539 13.330 0.005
 489.76929 13.320 0.005
 490.58569 13.302 0.005
 490.72288 13.306 0.005
 490.76695 13.304 0.005
 490.81097 13.311 0.005
 491.61024 13.340 0.005
 491.66201 13.338 0.005
 491.70619 13.342 0.005
 491.81955 13.346 0.005
 492.59436 13.368 0.005
 492.66869 13.368 0.005
 493.59742 13.360 0.005
 493.64188 13.358 0.005
 494.59214 13.312 0.005
 494.63607 13.307 0.005
 494.68025 13.310 0.005
 494.72462 13.304 0.005
 494.76956 13.335 0.005
 495.59493 13.318 0.005
 495.66856 13.324 0.005
 495.72204 13.326 0.005
 496.59027 13.348 0.005
 496.63506 13.359 0.005
 496.67914 13.361 0.005
 496.72407 13.353 0.005
 497.69310 13.362 0.005
 498.58937 13.337 0.005
 498.63342 13.335 0.005
 498.74716 13.323 0.005
 498.79110 13.326 0.005
 499.58434 13.305 0.005
 499.63003 13.299 0.005
 499.77033 13.304 0.005
 500.53901 13.332 0.005
 500.58300 13.331 0.005
 500.62702 13.341 0.005
 500.67196 13.338 0.005
 500.72306 13.337 0.005
 500.76754 13.342 0.005
 501.59122 13.366 0.005
 501.70997 13.368 0.005
 507.57967 13.342 0.005
 507.62484 13.355 0.005
 507.69664 13.337 0.005
 509.57549 13.328 0.005
 509.62262 13.326 0.005
 509.67495 13.338 0.005
 510.61713 13.365 0.005
 510.66269 13.361 0.005
 510.71027 13.372 0.005
 511.70257 13.372 0.005
 512.60932 13.314 0.005
 512.65756 13.326 0.005
 512.73190 13.307 0.005
 513.58957 13.323 0.005
 513.63513 13.312 0.005
 513.72684 13.314 0.005
 514.59779 13.343 0.005
 514.66687 13.346 0.005
 514.71722 13.353 0.005
 514.76409 13.350 0.005
 515.59192 13.367 0.005
 515.64670 13.361 0.005
 515.69493 13.368 0.005
 516.59824 13.347 0.005
 516.65244 13.347 0.005
 516.69942 13.334 0.005
 516.74593 13.337 0.005
 517.59624 13.307 0.005
 517.64605 13.309 0.005
 517.69605 13.309 0.005
 517.74221 13.304 0.005
 518.63359 13.328 0.005
 518.67883 13.330 0.005
 518.72791 13.331 0.005
 519.59419 13.362 0.005
 519.64085 13.368 0.005
 519.72325 13.365 0.005
 520.73500 13.366 0.005
 521.59053 13.325 0.005
 521.63562 13.321 0.005
 521.69842 13.326 0.005
 523.59981 13.344 0.005
 523.65276 13.357 0.005
 523.70264 13.355 0.005
 524.59228 13.364 0.005
 524.64220 13.376 0.005
 526.57916 13.307 0.005
 527.70432 13.334 0.005
 530.59448 13.335 0.005
 531.59190 13.312 0.005
 532.58136 13.351 0.005
 533.59858 13.374 0.005
 534.58781 13.351 0.005
 534.63189 13.353 0.005
 534.68366 13.351 0.005
 535.57238 13.294 0.005
 535.63264 13.302 0.005
 536.55152 13.327 0.005
 536.59667 13.327 0.005
 536.64723 13.334 0.005
 537.54611 13.355 0.005
 537.64633 13.363 0.005
 538.53414 13.372 0.005
 538.58586 13.378 0.005
 539.54272 13.329 0.005
 539.65381 13.324 0.005
 540.65955 13.306 0.005
 541.55308 13.341 0.005
 541.61014 13.345 0.005
 542.54221 13.365 0.005
 542.59406 13.362 0.005
 542.64154 13.364 0.005
 543.58047 13.361 0.005
 543.66155 13.354 0.005
 544.53318 13.309 0.005
 544.57749 13.310 0.005
 544.62177 13.306 0.005
 544.66702 13.302 0.005
 551.52294 13.365 0.005
 552.53441 13.366 0.005
 553.53975 13.304 0.005
 554.51645 13.319 0.005
 554.60191 13.327 0.005
 555.52283 13.365 0.005
 557.62337 13.335 0.005
 558.57014 13.316 0.005
 559.55398 13.335 0.005
 560.53199 13.364 0.005
 561.53202 13.361 0.005
 562.53356 13.314 0.005
 564.53478 13.354 0.005
 565.54054 13.367 0.005
 566.53453 13.337 0.005
 567.53561 13.297 0.005
 568.52088 13.330 0.005
 569.53067 13.360 0.005
 571.51650 13.317 0.005
 572.54697 13.316 0.005
 574.50905 13.368 0.005
 575.50765 13.351 0.005
 577.51659 13.325 0.005
 578.53016 13.363 0.005
 582.51231 13.346 0.005
 583.51505 13.376 0.005
 672.90055 13.332 0.005
 689.88454 13.301 0.005
 699.88579 13.331 0.005
 701.85138 13.371 0.005
 704.89393 13.348 0.005
 706.87532 13.361 0.005
 714.85116 13.371 0.005
 716.80735 13.303 0.005
 720.86367 13.329 0.005
 728.80254 13.373 0.005
 729.80258 13.347 0.005
 730.75811 13.304 0.005
 733.84911 13.366 0.005
 741.85238 13.372 0.005
 745.80720 13.354 0.005
 747.85558 13.340 0.005
 753.80943 13.314 0.005
 766.81811 13.312 0.005
 772.83726 13.348 0.005
 775.81898 13.307 0.005
 779.83764 13.336 0.005
 787.81401 13.379 0.005
 789.79804 13.308 0.005
 790.80849 13.350 0.005
 795.76614 13.355 0.005
 796.83803 13.374 0.005
 797.76584 13.339 0.005
 798.73776 13.303 0.005
 805.82265 13.379 0.005
 816.79365 13.305 0.005
 817.71289 13.330 0.005
 819.81257 13.369 0.005
 822.82677 13.355 0.005
 824.85602 13.356 0.005
 826.67950 13.328 0.005
 829.78197 13.331 0.005
 832.70634 13.376 0.005
 836.80513 13.360 0.005
 840.68450 13.344 0.005
 843.68494 13.309 0.005
 850.65854 13.367 0.005
 854.69635 13.354 0.005
 855.66325 13.372 0.005
 856.62957 13.347 0.005
 858.60211 13.334 0.005
 864.75221 13.382 0.005
 875.57745 13.302 0.005
 880.56300 13.304 0.005
 887.57640 13.371 0.005
 892.70461 13.358 0.005
 895.55073 13.355 0.005
 898.55764 13.313 0.005
 918.54586 13.372 0.005
 922.62496 13.345 0.005
 928.55087 13.364 0.005
 933.58257 13.348 0.005
 947.52222 13.337 0.005
 952.51608 13.306 0.005
1045.91072 13.375 0.005
1051.89095 13.324 0.005
1053.90641 13.349 0.005
1054.92209 13.365 0.005
1055.89459 13.351 0.005
1059.90736 13.368 0.005
1061.91709 13.311 0.005
1069.86456 13.338 0.005
1087.83669 13.343 0.005
1091.83923 13.367 0.005
1102.82161 13.308 0.005
1106.87665 13.299 0.005
1107.80442 13.323 0.005
1113.81718 13.373 0.005
1119.82192 13.323 0.005
1128.83015 13.330 0.005
1131.71574 13.369 0.005
1132.76778 13.356 0.005
1136.80105 13.368 0.005
1138.82747 13.306 0.005
1142.69217 13.313 0.005
1144.76109 13.354 0.005
1151.78696 13.311 0.005
1155.78625 13.343 0.005
1158.78375 13.361 0.005
1161.76164 13.314 0.005
1165.78239 13.304 0.005
1169.77727 13.319 0.005
1174.75106 13.305 0.005
1179.76796 13.310 0.005
1181.84003 13.368 0.005
1186.79440 13.369 0.005
1187.85566 13.320 0.005
1192.70153 13.313 0.005
1196.73446 13.340 0.005
1201.74327 13.316 0.005
1203.76310 13.350 0.005
1207.61997 13.337 0.005
1211.65773 13.314 0.005
1214.65863 13.345 0.005
1217.63344 13.367 0.005
1220.63832 13.308 0.005
1223.66454 13.344 0.005
1225.60553 13.327 0.005
1227.68597 13.376 0.005
1231.58192 13.368 0.005
1234.63016 13.327 0.005
1236.63766 13.374 0.005
1240.59009 13.368 0.005
1242.69178 13.307 0.005
1244.64141 13.356 0.005
1247.57199 13.305 0.005
1256.55669 13.304 0.005
1260.58220 13.314 0.005
1265.55715 13.303 0.005
1274.51980 13.306 0.005
1277.53934 13.366 0.005
1281.55254 13.373 0.005
1288.53756 13.308 0.005
1290.60499 13.372 0.005
1296.54233 13.324 0.005
1298.58023 13.343 0.005
1301.52196 13.305 0.005
1305.56778 13.334 0.005
1308.49733 13.363 0.005
1313.54381 13.374 0.005
1316.53565 13.343 0.005
1319.51198 13.311 0.005
1329.49051 13.316 0.005
1332.47340 13.345 0.005
1340.48522 13.375 0.005
1412.87035 13.368 0.005
1418.86757 13.332 0.005
1431.84992 13.357 0.005
1432.85594 13.309 0.005
1435.83197 13.376 0.005
1437.81590 13.299 0.005
1440.86353 13.360 0.005
1446.87558 13.300 0.005
1447.90114 13.335 0.005
1451.89386 13.308 0.005
1455.86420 13.319 0.005
1459.80288 13.330 0.005
1462.80713 13.381 0.005
1470.86752 13.342 0.005
1475.78016 13.353 0.005
1478.73552 13.304 0.005
1481.70913 13.356 0.005
1484.85859 13.355 0.005
1487.73857 13.301 0.005
1490.73537 13.360 0.005
1492.72850 13.312 0.005
1495.72700 13.341 0.005
1499.68475 13.372 0.005
1502.68004 13.348 0.005
1505.72062 13.306 0.005
1507.85404 13.362 0.005
1510.83004 13.317 0.005
1512.72681 13.368 0.005
1514.83790 13.306 0.005
1517.67336 13.366 0.005
1519.74700 13.309 0.005
1521.68273 13.365 0.005
1523.80350 13.301 0.005
1525.79786 13.361 0.005
1527.72679 13.325 0.005
1528.77316 13.309 0.005
1529.79425 13.346 0.005
1531.78736 13.357 0.005
1538.74390 13.344 0.005
1541.70000 13.304 0.005
1542.72987 13.323 0.005
1544.65591 13.367 0.005
1547.78279 13.343 0.005
1548.76042 13.365 0.005
1549.75469 13.358 0.005
1552.61940 13.350 0.005
1554.74590 13.339 0.005
1555.75261 13.306 0.005
1562.75552 13.369 0.005
1564.63412 13.310 0.005
1567.72670 13.363 0.005
1570.63200 13.345 0.005
1574.74345 13.334 0.005
1577.69313 13.324 0.005
1580.72920 13.371 0.005
1583.61457 13.327 0.005
1586.63008 13.328 0.005
1589.61938 13.373 0.005
1592.61111 13.327 0.005
1593.65391 13.359 0.005
1595.65704 13.331 0.005
1599.59674 13.358 0.005
1601.67469 13.326 0.005
1604.55624 13.343 0.005
1606.59110 13.343 0.005
1609.63246 13.314 0.005
1610.61760 13.320 0.005
1613.50865 13.356 0.005
1615.54055 13.332 0.005
1617.61196 13.372 0.005
1619.59557 13.320 0.005
1620.54679 13.350 0.005
1622.49693 13.357 0.005
1624.49348 13.332 0.005
1626.49432 13.373 0.005
1627.61542 13.325 0.005
1629.49447 13.357 0.005
1630.56591 13.372 0.005
1632.51237 13.305 0.005
1634.49011 13.367 0.005
1645.53223 13.354 0.005
1646.48102 13.311 0.005
1650.58271 13.314 0.005
1654.51948 13.334 0.005
1656.50566 13.342 0.005
1659.51311 13.306 0.005
1661.53708 13.361 0.005
1663.56236 13.330 0.005
1667.50402 13.367 0.005
1670.52575 13.359 0.005
1673.49618 13.302 0.005
1681.46612 13.357 0.005
1691.50499 13.297 0.005
1769.85773 13.343 0.005
1771.88453 13.374 0.005
1772.86442 13.314 0.005
1775.86549 13.372 0.005
1784.85004 13.382 0.005
1789.83879 13.371 0.005
1804.78840 13.310 0.005
1808.86898 13.327 0.005
1812.78350 13.361 0.005
1816.79487 13.377 0.005
1821.78543 13.364 0.005
1823.82755 13.332 0.005
1826.81065 13.337 0.005
1829.78428 13.380 0.005
1830.79761 13.367 0.005
1834.83657 13.379 0.005
1845.83403 13.317 0.005
1851.83140 13.362 0.005
1856.73069 13.391 0.005
1859.77372 13.313 0.005
1861.79090 13.378 0.005
1864.76836 13.332 0.005
1865.74858 13.364 0.005
1867.80236 13.320 0.005
1868.78793 13.313 0.005
1870.72117 13.376 0.005
1871.80522 13.350 0.005
1873.76474 13.340 0.005
2123.93450 13.349 0.005
2130.92356 13.294 0.005
2131.92535 13.312 0.005
2132.92352 13.347 0.005
2134.92508 13.329 0.005
2140.92475 13.305 0.005
2142.91199 13.360 0.005
2144.92237 13.296 0.005
2156.89607 13.368 0.005
2161.86302 13.357 0.005
2173.87628 13.349 0.005
2190.80798 13.307 0.005
2192.84593 13.370 0.005
2201.83238 13.362 0.005
2214.81394 13.359 0.005
2221.75684 13.300 0.005
2224.76955 13.363 0.005
2227.67217 13.338 0.005
2229.68563 13.355 0.005
2230.82979 13.311 0.005
2237.76461 13.362 0.005
2241.68986 13.347 0.005
2243.74372 13.333 0.005
2247.82559 13.349 0.005
2248.82818 13.292 0.005
2250.81497 13.348 0.005
2252.67528 13.338 0.005
2254.66634 13.325 0.005
2257.67301 13.310 0.005
2260.67972 13.365 0.005
2266.67121 13.307 0.005
2270.67890 13.341 0.005
2271.81926 13.303 0.005
2272.82721 13.333 0.005
2274.66473 13.359 0.005
2276.77484 13.306 0.005
2277.82814 13.341 0.005
2279.84574 13.346 0.005
2280.81929 13.313 0.005
2282.70891 13.353 0.005
2283.87005 13.358 0.005
2288.77751 13.349 0.005
2290.81480 13.326 0.005
2292.78782 13.360 0.005
2294.76415 13.305 0.005
2296.77979 13.369 0.005
2298.73650 13.303 0.005
2300.74697 13.359 0.005
2302.72365 13.324 0.005
2304.76785 13.335 0.005
2323.59973 13.390 0.005
2327.58515 13.340 0.005
2333.59517 13.361 0.005
2339.57156 13.299 0.005
2345.53263 13.336 0.005
2351.51076 13.372 0.005
2369.50827 13.358 0.005
2385.49396 13.302 0.005
2529.83955 13.305 0.005
2539.84198 13.317 0.005
2545.81155 13.363 0.005
2552.86519 13.304 0.005
2556.85656 13.338 0.005
2560.76498 13.349 0.005
2564.87325 13.369 0.005
2573.86996 13.359 0.005
2578.79432 13.355 0.005
2583.84872 13.332 0.005
2590.75492 13.353 0.005
2596.76753 13.363 0.005
2605.79479 13.359 0.005
2609.76695 13.371 0.005
2614.72524 13.372 0.005
2618.78021 13.365 0.005
2621.70532 13.337 0.005
2624.61127 13.329 0.005
2627.70978 13.361 0.005
2629.73273 13.292 0.005
2632.65867 13.367 0.005
2635.70591 13.351 0.005
2638.67689 13.312 0.005
2640.77378 13.355 0.005
2642.73000 13.340 0.005
2644.73270 13.336 0.005
2646.68693 13.362 0.005
2650.74250 13.374 0.005
2652.79989 13.304 0.005
2654.76530 13.368 0.005
2656.67072 13.314 0.005
2658.63247 13.346 0.005
2660.65080 13.346 0.005
2662.66174 13.330 0.005
2664.64180 13.369 0.005
2666.70519 13.313 0.005
2668.69131 13.372 0.005
2670.65343 13.308 0.005
2672.79219 13.362 0.005
2674.69294 13.327 0.005
2676.68205 13.348 0.005
2678.73530 13.353 0.005
2680.64606 13.328 0.005
2682.69211 13.363 0.005
2687.57192 13.360 0.005
2693.53115 13.303 0.005
2696.56788 13.364 0.005
2701.54953 13.341 0.005
2707.55130 13.316 0.005
2714.54340 13.365 0.005
2839.92000 13.343 0.005
2867.89101 13.361 0.005
2885.86870 13.370 0.005
2892.89721 13.302 0.005
2897.86612 13.312 0.005
2907.78634 13.342 0.005
2911.82373 13.331 0.005
2916.87415 13.345 0.005
2922.85785 13.368 0.005
2926.78955 13.370 0.005
2930.85923 13.363 0.005
2934.76126 13.344 0.005
2940.74111 13.369 0.005
2943.74630 13.339 0.005
2947.75495 13.314 0.005
2949.84495 13.411 0.005
2953.71209 13.363 0.005
2956.73743 13.345 0.005
2958.76379 13.369 0.005
2962.77629 13.366 0.005
2965.79932 13.310 0.005
2968.66661 13.351 0.005
2973.79011 13.343 0.005
2976.80254 13.373 0.005
2978.71019 13.310 0.005
2980.72261 13.376 0.005
2982.71533 13.357 0.005
2984.76246 13.352 0.005
2986.84513 13.356 0.005
2988.81550 13.325 0.005
2989.77081 13.356 0.005
2991.66595 13.337 0.005
2993.68638 13.339 0.005
2995.75421 13.359 0.005
2997.73190 13.319 0.005
3001.79094 13.309 0.005
3003.76159 13.364 0.005
3005.72343 13.312 0.005
3007.64485 13.358 0.005
3009.64270 13.361 0.005
3011.74228 13.330 0.005
3017.74779 13.367 0.005
3019.67582 13.298 0.005
3021.79439 13.360 0.005
3023.65617 13.324 0.005
3025.62407 13.349 0.005
3027.67345 13.356 0.005
3029.65848 13.328 0.005
3031.72840 13.366 0.005
3033.79204 13.320 0.005
3035.79887 13.372 0.005
3038.77649 13.331 0.005
3041.61700 13.335 0.005
3043.65104 13.338 0.005
3045.71396 13.357 0.005
3047.66771 13.321 0.005
3048.59649 13.369 0.005
3050.61600 13.351 0.005
3052.61720 13.335 0.005
3054.61742 13.362 0.005
3056.60987 13.316 0.005
3058.60386 13.372 0.005
3060.65346 13.311 0.005
3068.53938 13.350 0.005
3070.60029 13.334 0.005
3073.63148 13.322 0.005
3076.54509 13.371 0.005
3078.64050 13.306 0.005
3082.61831 13.363 0.005
3085.51940 13.374 0.005
3087.65759 13.309 0.005
3090.62374 13.363 0.005
3096.53962 13.306 0.005
3099.60940 13.372 0.005
3102.58801 13.339 0.005
3104.57473 13.355 0.005
3107.55843 13.356 0.005
3110.55650 13.305 0.005
3113.53441 13.356 0.005
3128.50692 13.302 0.005
3140.51391 13.366 0.005
3216.87814 13.367 0.005
3248.86326 13.378 0.005
3257.89160 13.361 0.005
3264.81294 13.307 0.005
3270.87973 13.357 0.005
3274.76538 13.342 0.005
3277.88741 13.302 0.005
3287.76907 13.327 0.005
3295.72749 13.323 0.005
3297.71946 13.354 0.005
3299.78378 13.349 0.005
3301.78100 13.332 0.005
3304.84134 13.310 0.005
3307.71488 13.372 0.005
3309.74710 13.307 0.005
3311.74507 13.364 0.005
3320.78803 13.359 0.005
3323.73416 13.303 0.005
3327.76000 13.304 0.005
3330.71865 13.375 0.005
3334.81758 13.366 0.005
3338.86601 13.382 0.005
3339.76535 13.367 0.005
3354.78126 13.318 0.005
3358.82996 13.343 0.005
3365.76005 13.351 0.005
3372.77645 13.325 0.005
3378.68907 13.327 0.005
3387.68157 13.324 0.005
3391.75682 13.302 0.005
3399.72563 13.330 0.005
3403.71297 13.360 0.005
3406.68250 13.355 0.005
3410.63545 13.334 0.005
3415.63265 13.351 0.005
3427.59637 13.306 0.005
3433.61897 13.348 0.005
3438.54817 13.353 0.005
3446.50533 13.322 0.005
3455.52866 13.330 0.005
3461.52273 13.364 0.005
3473.48206 13.316 0.005
3575.94071 13.364 0.005
3592.93256 13.356 0.005
3619.83448 13.358 0.005
3629.90796 13.366 0.005
3633.87299 13.363 0.005
3639.78547 13.345 0.005
3644.82209 13.320 0.005
3651.76525 13.362 0.005
3654.81277 13.316 0.005
3658.77679 13.314 0.005
3661.84749 13.365 0.005
3668.82022 13.331 0.005
3672.80849 13.315 0.005
3676.76528 13.304 0.005
3684.82727 13.355 0.005
3687.80168 13.352 0.005
3690.72154 13.312 0.005
3693.75556 13.367 0.005
3695.78832 13.321 0.005
3698.77007 13.347 0.005
3700.79865 13.335 0.005
3703.72953 13.311 0.005
3705.79670 13.351 0.005
3708.78463 13.314 0.005
3712.74225 13.320 0.005
3714.81248 13.355 0.005
3717.67492 13.305 0.005
3719.84744 13.363 0.005
3721.80841 13.322 0.005
3726.70425 13.310 0.005
3730.73649 13.321 0.005
3732.72858 13.347 0.005
3734.85942 13.353 0.005
3737.76036 13.387 0.005
3739.83034 13.328 0.005
3741.84328 13.346 0.005
3743.74041 13.352 0.005
3746.78292 13.365 0.005
3748.73612 13.328 0.005
3749.74170 13.305 0.005
3751.75306 13.367 0.005
3753.70456 13.305 0.005
3755.70556 13.354 0.005
3757.69542 13.341 0.005
3759.76021 13.339 0.005
3762.78172 13.312 0.005
3765.76881 13.368 0.005
3770.64132 13.364 0.005
3773.70740 13.354 0.005
3776.67772 13.305 0.005
3779.63230 13.366 0.005
3782.74590 13.329 0.005
3787.60911 13.357 0.005
3792.55983 13.388 0.005
3800.54182 13.343 0.005
3809.54906 13.333 0.005
3823.50916 13.354 0.005
3946.93135 13.375 0.005
3964.88773 13.362 0.005
3969.91854 13.372 0.005
3981.88634 13.333 0.005
3989.91496 13.312 0.005
3998.87866 13.313 0.005
3999.84114 13.344 0.005
4001.89016 13.363 0.005
4004.85413 13.344 0.005
4005.86808 13.363 0.005
4008.73435 13.330 0.005
4011.90124 13.314 0.005
4018.86402 13.348 0.005
4024.73147 13.354 0.005
4026.80453 13.316 0.005
4029.75376 13.329 0.005
4032.76906 13.368 0.005
4038.73513 13.340 0.005
4041.69639 13.369 0.005
4043.70124 13.315 0.005
4046.79297 13.369 0.005
4049.66390 13.333 0.005
4052.72531 13.319 0.005
4054.71211 13.358 0.005
4056.77013 13.351 0.005
4058.80246 13.331 0.005
4063.70106 13.351 0.005
4066.75837 13.310 0.005
4068.66326 13.356 0.005
4070.68835 13.323 0.005
4074.75598 13.354 0.005
4077.80450 13.359 0.005
4079.84939 13.318 0.005
4083.69496 13.358 0.005
4085.76069 13.338 0.005
4093.74522 13.321 0.005
4102.85775 13.309 0.005
4105.81779 13.374 0.005
4109.78766 13.367 0.005
4113.74349 13.354 0.005
4120.77372 13.311 0.005
4122.73018 13.352 0.005
4125.78445 13.311 0.005
4132.67221 13.368 0.005
4142.72319 13.354 0.005
4156.55829 13.354 0.005
4168.51294 13.357 0.005
4197.49220 13.329 0.005
4341.92462 13.359 0.005
4347.87554 13.307 0.005
4353.80951 13.349 0.005
4358.90781 13.360 0.005
4364.87223 13.354 0.005
4367.89668 13.359 0.005
4371.76197 13.347 0.005
4377.81834 13.364 0.005
4380.83327 13.343 0.005
4386.80899 13.370 0.005
4390.77090 13.364 0.005
4394.72705 13.356 0.005
4399.74500 13.364 0.005
4412.72350 13.349 0.005
4418.81690 13.364 0.005
4421.86271 13.350 0.005
4426.76061 13.363 0.005
4430.68799 13.344 0.005
4432.74718 13.343 0.005
4436.78711 13.372 0.005
4439.85219 13.344 0.005
4443.74022 13.323 0.005
4449.70309 13.368 0.005
4451.71284 13.311 0.005
4455.71192 13.349 0.005
4457.74238 13.338 0.005
4460.81402 13.314 0.005
4463.73231 13.369 0.005
4466.72131 13.333 0.005
4470.66877 13.314 0.005
4473.71150 13.350 0.005
4477.76998 13.365 0.005
4482.77380 13.344 0.005
4486.75162 13.364 0.005
4491.72515 13.358 0.005
4494.67051 13.352 0.005
4498.70324 13.333 0.005
4501.70049 13.303 0.005
4506.63461 13.301 0.005
4508.65764 13.359 0.005
4510.72722 13.303 0.005
4517.66144 13.377 0.005
4521.64198 13.344 0.005
4524.60471 13.304 0.005
4530.63068 13.342 0.005
4532.65643 13.353 0.005
4536.62867 13.369 0.005
4539.51064 13.341 0.005
4541.61978 13.350 0.005
