2187.76828 15.793 0.008
2193.83746 15.802 0.007
2202.83722 16.054 0.008
2215.79004 15.789 0.007
2222.78989 16.008 0.008
2224.83747 16.049 0.008
2227.74842 16.046 0.008
2229.75412 15.856 0.008
2231.72266 15.815 0.007
2233.69087 15.975 0.008
2237.61010 15.846 0.010
2239.67114 15.865 0.007
2241.76278 16.045 0.008
2243.83304 15.857 0.008
2248.69258 15.800 0.007
2250.72402 15.906 0.007
2252.82114 16.066 0.008
2254.73909 15.910 0.007
2257.75664 16.002 0.007
2260.76622 16.056 0.008
2263.65909 16.042 0.008
2265.70467 15.917 0.007
2266.78463 16.034 0.008
2270.81610 15.823 0.007
2272.66367 15.912 0.008
2274.79460 16.081 0.008
2276.84995 15.802 0.007
2278.80896 15.864 0.008
2280.78867 16.013 0.007
2282.79247 16.007 0.008
2290.68385 15.952 0.007
2293.80333 15.967 0.008
2295.82719 15.792 0.007
2297.81397 15.945 0.008
2299.83042 16.073 0.010
2302.79972 16.032 0.010
2303.72250 15.834 0.008
2321.69535 16.053 0.010
2328.57235 15.790 0.008
2334.57045 15.925 0.008
2340.56210 16.067 0.010
2346.50274 16.002 0.010
2360.49764 15.968 0.010
2540.87638 16.062 0.010
2548.81343 16.069 0.010
2553.78014 15.913 0.010
2557.84554 15.980 0.008
2561.84355 15.795 0.007
2565.84917 16.049 0.010
2574.80625 15.910 0.008
2578.86284 15.898 0.008
2586.76414 15.846 0.007
2590.83745 16.006 0.008
2596.84446 15.951 0.008
2606.74074 16.063 0.008
2609.85009 16.058 0.010
2614.81178 15.945 0.008
2619.68846 15.802 0.007
2621.81575 15.901 0.008
2624.71286 15.809 0.007
2630.60235 15.848 0.008
2632.75321 15.884 0.007
2636.70305 15.960 0.008
2638.74730 15.809 0.008
2641.79570 15.780 0.007
2643.79302 15.914 0.008
2645.79083 16.049 0.008
2649.66639 15.796 0.008
2651.74618 15.979 0.008
2653.74011 16.067 0.010
2655.77458 15.806 0.008
2657.75860 15.888 0.008
2659.81976 16.057 0.010
2661.61991 16.056 0.008
2663.86500 15.808 0.010
2666.60382 15.875 0.007
2668.83158 15.913 0.008
2673.77756 15.997 0.008
2676.75785 15.950 0.008
2678.80380 16.031 0.008
2684.57812 15.944 0.010
2688.55181 15.843 0.008
2692.52624 16.002 0.008
2697.54114 16.043 0.008
2702.54275 15.903 0.010
2708.56956 16.044 0.008
2725.50205 16.020 0.010
2875.86951 16.017 0.010
2884.89277 15.923 0.008
2890.91271 15.839 0.010
2896.86764 15.810 0.008
2902.79868 16.020 0.008
2907.85934 15.802 0.006
2917.81085 15.920 0.008
2923.81356 15.826 0.008
2926.86601 15.816 0.007
2931.79475 15.891 0.008
2934.83492 15.847 0.007
2940.81519 15.802 0.007
2943.81997 15.808 0.007
2947.82816 16.014 0.008
2954.77052 15.801 0.008
2956.81078 15.855 0.007
2958.85530 16.023 0.008
2963.74669 16.075 0.010
2966.76691 16.040 0.007
2968.73564 15.891 0.007
2971.79766 15.938 0.008
2974.82070 16.031 0.008
2976.68058 15.832 0.007
2979.66452 15.914 0.008
2981.68509 15.816 0.010
2983.81696 16.020 0.008
2985.78403 16.039 0.008
2987.74055 15.792 0.007
2989.68074 15.882 0.007
2991.75461 16.058 0.008
2993.76074 15.915 0.007
2995.83604 15.828 0.007
2997.80716 15.977 0.008
2998.75261 15.788 0.007
3000.76113 15.904 0.008
3002.75270 16.057 0.008
3004.74566 15.892 0.007
3006.73886 15.805 0.007
3008.69843 15.959 0.010
3010.79955 16.028 0.008
3012.80511 15.790 0.008
3016.74954 16.022 0.008
3018.78018 15.944 0.008
3020.84377 15.809 0.007
3021.86872 15.968 0.008
3023.73006 15.797 0.007
3025.73322 15.878 0.007
3027.75178 16.048 0.008
3029.73623 15.949 0.007
3031.80821 15.814 0.007
3034.63330 15.806 0.007
3036.66353 15.883 0.007
3039.60557 15.795 0.007
3041.68839 16.001 0.010
3042.71341 15.804 0.008
3044.65247 15.936 0.008
3046.63863 16.051 0.008
3048.67178 15.835 0.007
3050.66358 15.851 0.007
3052.66504 16.002 0.007
3054.67057 16.024 0.008
3056.65837 15.789 0.007
3058.65159 15.920 0.007
3060.70106 16.052 0.008
3066.58882 15.967 0.008
3068.61697 16.061 0.010
3071.51534 16.012 0.008
3073.70543 15.856 0.008
3076.62900 15.990 0.010
3079.63139 16.060 0.008
3082.69818 16.062 0.007
3085.60162 16.002 0.007
3088.55840 15.965 0.008
3091.56275 15.910 0.008
3096.60922 16.035 0.010
3100.52087 15.782 0.008
3102.64499 15.952 0.008
3106.56093 15.856 0.007
3109.54546 15.971 0.007
3113.56297 15.903 0.008
3127.52091 15.894 0.007
3133.53658 15.810 0.008
3230.91132 15.917 0.007
3242.88572 15.815 0.007
3249.85270 15.969 0.010
3260.84466 15.970 0.008
3264.88667 15.788 0.006
3271.83507 15.979 0.008
3274.83839 15.952 0.008
3279.79206 16.003 0.008
3282.85764 16.017 0.007
3295.80104 16.036 0.007
3297.79250 15.790 0.006
3299.86041 15.920 0.006
3301.87190 16.048 0.008
3305.76281 15.804 0.007
3307.78763 15.976 0.010
3309.82412 16.045 0.007
3311.81765 15.772 0.007
3315.85711 16.036 0.008
3321.72421 15.900 0.007
3324.83214 15.894 0.007
3327.83836 15.870 0.007
3333.82193 15.798 0.007
3336.66391 15.911 0.007
3339.84580 15.877 0.007
3353.74737 16.008 0.007
3357.77499 15.922 0.007
3360.75286 15.861 0.007
3363.82741 15.840 0.007
3370.78467 16.064 0.008
3376.73673 15.981 0.007
3378.76195 16.034 0.008
3394.64544 15.890 0.007
3396.67181 15.830 0.007
3399.79901 15.833 0.008
3402.70901 15.776 0.007
3409.55752 15.992 0.008
3413.55617 15.795 0.007
3413.60073 15.786 0.006
3426.54411 15.884 0.007
3432.52996 15.801 0.007
3439.50607 16.019 0.008
3447.53150 16.058 0.008
3457.50842 15.782 0.008
3594.92119 15.985 0.008
3603.86240 16.019 0.008
3619.91800 16.021 0.010
3620.89872 15.948 0.007
3630.80983 16.042 0.010
3640.80644 15.808 0.007
3651.83900 15.819 0.007
3654.88513 15.781 0.007
3658.85111 16.055 0.008
3660.84848 15.837 0.007
3664.85808 16.003 0.007
3668.84198 15.787 0.007
3672.83064 16.042 0.007
3676.71740 15.787 0.007
3685.78729 15.952 0.007
3688.72142 16.050 0.007
3690.79618 15.796 0.007
3693.69788 15.869 0.007
3695.86279 15.869 0.008
3699.75328 16.021 0.007
3701.80638 15.797 0.007
3703.80509 15.925 0.007
3706.68067 15.835 0.007
3711.71587 15.970 0.007
3713.80375 16.037 0.008
3715.78027 15.798 0.007
3718.74917 15.870 0.007
3722.64407 15.949 0.007
3726.72624 15.813 0.007
3728.78857 15.905 0.007
3730.75833 16.045 0.007
3732.83381 15.887 0.007
3734.82670 15.830 0.007
3735.67504 16.044 0.007
3737.83358 15.796 0.006
3739.85226 15.939 0.007
3741.59052 15.995 0.007
3743.76246 15.911 0.007
3746.80485 15.993 0.008
3748.78360 15.780 0.008
3750.79837 15.939 0.007
3753.67143 15.840 0.007
3755.75302 16.024 0.008
3757.77246 15.959 0.007
3760.75213 16.062 0.008
3763.70505 16.056 0.006
3766.72184 16.022 0.008
3770.74929 15.799 0.007
3774.62263 16.037 0.008
3777.58121 16.006 0.007
3779.70547 15.972 0.008
3781.74552 15.807 0.007
3786.59791 15.859 0.007
3793.54755 16.079 0.008
3801.53748 16.024 0.007
3811.53003 15.811 0.008
3828.49389 15.807 0.007
3958.91930 15.885 0.007
3965.87275 16.053 0.007
3970.89291 15.839 0.007
3982.84349 16.038 0.007
4002.85706 15.923 0.007
4004.87535 16.055 0.007
4006.78484 15.921 0.007
4008.80590 15.817 0.006
4013.81749 15.918 0.007
4019.82028 15.829 0.007
4024.81178 15.927 0.007
4026.88082 16.050 0.008
4029.82683 16.052 0.007
4032.86160 16.002 0.007
4039.69380 15.906 0.007
4041.76754 15.829 0.007
4043.77261 16.008 0.008
4046.86565 15.988 0.008
4049.73579 15.892 0.006
4052.79731 15.870 0.006
4054.78410 16.023 0.007
4056.84259 15.959 0.007
4059.73726 16.063 0.007
4064.85103 15.831 0.006
4066.80745 15.833 0.007
4068.84229 15.988 0.007
4070.76468 16.061 0.008
4074.80352 15.879 0.007
4077.85231 15.877 0.007
4080.73206 15.786 0.007
4083.71872 15.790 0.007
4095.64364 16.037 0.007
4103.77408 15.993 0.008
4112.77915 16.021 0.007
4117.76166 16.032 0.008
4121.77366 15.885 0.007
4126.75316 16.000 0.008
4129.78676 15.948 0.007
4143.56358 15.845 0.007
4157.56157 15.833 0.008
4169.51850 16.016 0.008
4199.48791 15.847 0.008
4343.88040 15.815 0.008
4348.85313 15.910 0.008
4353.88070 16.033 0.008
4358.83289 16.057 0.010
4363.84973 15.865 0.008
4367.83790 15.968 0.008
4371.78743 15.801 0.008
4378.72686 15.957 0.008
4381.76245 15.930 0.010
4386.87998 16.063 0.010
4390.84201 15.820 0.007
4395.70884 15.870 0.010
4399.86748 15.869 0.008
4408.72134 16.027 0.010
4412.80485 15.825 0.008
4427.75637 16.042 0.010
4430.75972 16.070 0.010
4433.77717 16.035 0.008
4437.70376 15.803 0.008
4440.72340 15.798 0.007
4443.84100 15.801 0.008
4449.78276 16.000 0.010
4451.81837 15.782 0.008
4455.78806 16.055 0.008
4458.76673 16.037 0.008
4462.76077 15.791 0.007
4464.80632 15.933 0.008
4467.77743 15.884 0.008
4472.69335 15.961 0.007
4476.78035 15.802 0.007
4480.73079 16.031 0.007
4484.81021 15.811 0.007
4488.73111 16.064 0.010
4492.75037 15.856 0.008
4497.75467 15.974 0.008
4500.62773 15.864 0.007
4502.73753 16.046 0.010
4507.74154 15.999 0.008
4509.69224 15.775 0.007
4512.74062 15.800 0.007
4518.68939 15.980 0.011
4521.72689 16.052 0.010
4524.62648 16.052 0.008
4530.65253 15.886 0.008
4533.61820 15.917 0.007
4538.63569 16.021 0.010
4542.54244 15.799 0.008
