2167.83489 17.866 0.027
2173.84223 17.812 0.024
2190.78000 17.822 0.025
2192.81510 17.798 0.022
2212.86909 17.672 0.025
2214.78245 17.676 0.026
2224.73922 17.788 0.021
2226.84340 17.800 0.029
2229.65532 17.646 0.026
2230.79406 17.815 0.024
2232.81391 17.775 0.025
2234.80832 17.720 0.020
2239.59328 17.770 0.030
2241.65482 17.797 0.030
2243.71340 17.807 0.028
2248.79004 17.752 0.020
2252.64504 17.723 0.024
2254.63597 17.647 0.020
2257.63986 17.670 0.019
2261.75419 17.671 0.019
2266.63751 17.827 0.026
2270.63360 17.813 0.021
2271.78443 17.665 0.019
2273.72089 17.784 0.024
2275.82132 17.667 0.024
2277.64296 17.770 0.019
2279.81530 17.656 0.024
2281.80213 17.761 0.021
2283.83636 17.754 0.020
2288.74249 17.747 0.020
2290.78088 17.736 0.022
2292.75737 17.618 0.028
2296.74281 17.610 0.027
2300.71526 17.772 0.027
2302.69304 17.804 0.026
2304.73738 17.801 0.033
2321.66512 17.623 0.025
2327.55086 17.729 0.026
2332.59127 17.720 0.033
2333.54958 17.650 0.032
2333.56084 17.606 0.029
2339.53732 17.549 0.031
2357.50851 17.537 0.040
2395.50941 17.541 0.031
2526.90161 17.798 0.021
2537.91008 17.821 0.051
2542.88089 17.688 0.021
2552.83172 17.818 0.028
2556.82326 17.810 0.025
2559.87156 17.828 0.027
2564.83975 17.726 0.024
2573.83948 17.664 0.024
2578.76383 17.870 0.031
2583.81828 17.824 0.029
2589.84934 17.804 0.024
2596.73398 17.642 0.027
2605.73700 17.768 0.024
2609.73325 17.803 0.030
2614.69949 17.652 0.022
2618.72383 17.648 0.025
2621.63128 17.764 0.021
2623.81498 17.673 0.022
2627.67871 17.799 0.033
2629.70176 17.712 0.032
2631.75383 17.692 0.032
2634.75598 17.777 0.025
2635.67555 17.780 0.021
2638.64662 17.736 0.024
2639.64676 17.682 0.018
2641.71410 17.733 0.024
2643.72278 17.704 0.025
2645.71073 17.680 0.020
2650.82981 17.692 0.021
2652.73132 17.649 0.022
2654.66613 17.789 0.030
2656.63820 17.758 0.026
2658.60210 17.763 0.030
2660.61951 17.774 0.026
2662.60237 17.757 0.024
2664.60990 17.687 0.021
2666.66811 17.749 0.019
2670.62301 17.604 0.024
2672.73228 17.713 0.026
2674.63065 17.623 0.022
2676.61723 17.702 0.020
2678.70488 17.619 0.022
2680.61557 17.738 0.024
2682.66620 17.723 0.028
2687.53875 17.592 0.035
2691.60912 17.669 0.032
2696.53188 17.582 0.027
2701.51403 17.725 0.031
2707.51142 17.792 0.031
2714.51031 17.718 0.032
2879.90139 17.660 0.025
2888.90589 17.853 0.021
2894.84096 17.692 0.022
2899.84253 17.642 0.021
2905.83154 17.728 0.027
2908.89258 17.676 0.020
2911.79091 17.812 0.020
2916.84111 17.817 0.020
2922.82497 17.634 0.027
2926.75165 17.714 0.022
2930.82614 17.616 0.020
2933.87057 17.624 0.022
2940.70705 17.738 0.020
2942.82947 17.780 0.020
2947.72202 17.632 0.024
2952.86636 17.766 0.028
2956.70476 17.796 0.022
2958.73106 17.800 0.027
2962.74289 17.808 0.022
2965.76232 17.816 0.020
2967.86177 17.699 0.025
2972.86061 17.850 0.029
2975.83510 17.777 0.024
2976.83036 17.806 0.024
2978.81097 17.703 0.022
2982.68210 17.717 0.026
2984.72962 17.675 0.021
2986.81222 17.632 0.024
2988.77680 17.728 0.021
2989.79275 17.693 0.021
2991.63315 17.742 0.021
2993.62056 17.662 0.019
2995.72020 17.777 0.020
2997.69914 17.743 0.021
2999.72089 17.722 0.020
3001.75755 17.784 0.022
3003.72866 17.623 0.019
3005.60444 17.770 0.026
3007.66699 17.629 0.025
3009.73327 17.641 0.021
3011.70752 17.631 0.028
3013.71348 17.738 0.024
3017.71488 17.747 0.024
3019.64289 17.751 0.025
3021.76165 17.794 0.020
3023.62343 17.694 0.018
3024.82457 17.629 0.025
3026.82123 17.799 0.018
3029.62560 17.625 0.018
3031.69554 17.674 0.018
3033.75905 17.697 0.018
3035.76609 17.686 0.019
3038.74357 17.636 0.024
3040.71421 17.698 0.027
3042.65814 17.796 0.027
3044.59202 17.749 0.027
3045.68101 17.865 0.028
3047.63473 17.778 0.026
3049.64044 17.775 0.018
3051.60864 17.685 0.021
3053.60292 17.674 0.020
3055.60210 17.592 0.020
3057.62752 17.602 0.019
3059.57142 17.721 0.020
3061.56448 17.733 0.022
3068.50579 17.721 0.030
3070.56144 17.771 0.026
3073.56217 17.644 0.030
3075.67513 17.680 0.028
3078.60712 17.759 0.024
3082.58461 17.633 0.022
3084.66168 17.682 0.019
3087.62434 17.635 0.021
3090.58778 17.669 0.026
3096.49478 17.694 0.035
3099.57573 17.825 0.032
3102.55453 17.757 0.029
3105.58726 17.729 0.027
3108.56519 17.674 0.021
3112.54247 17.641 0.022
3116.52383 17.694 0.024
3127.49022 17.710 0.020
3140.47985 17.664 0.026
3223.88008 17.687 0.027
3241.86636 17.770 0.027
3248.82980 17.590 0.031
3257.85766 17.646 0.018
3263.90364 17.619 0.017
3270.84665 17.815 0.022
3273.89465 17.777 0.026
3281.87350 17.714 0.018
3287.73553 17.745 0.018
3289.88723 17.626 0.022
3295.68781 17.760 0.016
3297.68634 17.674 0.017
3299.74637 17.760 0.016
3299.75085 17.851 0.018
3301.74835 17.690 0.022
3304.80429 17.717 0.024
3307.67912 17.667 0.031
3309.71450 17.710 0.020
3311.71236 17.751 0.021
3320.75512 17.829 0.019
3323.68998 17.814 0.026
3327.72673 17.710 0.019
3330.68558 17.669 0.025
3334.78482 17.704 0.027
3338.83130 17.677 0.020
3340.84637 17.705 0.022
3350.66480 17.744 0.016
3354.71121 17.766 0.020
3358.79216 17.798 0.017
3361.82498 17.771 0.020
3365.72739 17.632 0.025
3372.74368 17.721 0.017
3378.65640 17.745 0.020
3387.64297 17.643 0.027
3391.72411 17.646 0.020
3394.73566 17.636 0.021
3396.61473 17.812 0.024
3399.69289 17.773 0.024
3403.68012 17.831 0.026
3408.58955 17.643 0.019
3412.63484 17.660 0.024
3417.56226 17.746 0.022
3425.57048 17.766 0.032
3437.53393 17.581 0.019
3445.53929 17.747 0.024
3455.49595 17.700 0.034
3460.48748 17.639 0.022
3477.48221 17.812 0.030
3593.92260 17.660 0.024
3601.85954 17.826 0.026
3618.89365 17.642 0.018
3629.87492 17.775 0.024
3634.84156 17.737 0.019
3639.83485 17.640 0.016
3643.84423 17.537 0.024
3644.78965 17.717 0.018
3650.87853 17.664 0.018
3654.77775 17.788 0.019
3657.85997 17.800 0.019
3660.79445 17.714 0.024
3668.78750 17.637 0.021
3672.77573 17.688 0.019
3675.85542 17.592 0.016
3684.76352 17.755 0.017
3687.76918 17.765 0.019
3690.65963 17.702 0.032
3693.72304 17.619 0.020
3695.74365 17.608 0.017
3698.73727 17.669 0.022
3700.76612 17.651 0.019
3702.85380 17.633 0.017
3705.76057 17.806 0.018
3708.71916 17.715 0.025
3712.70603 17.693 0.019
3714.71639 17.634 0.018
3716.85802 17.842 0.038
3719.80966 17.798 0.025
3725.80355 17.643 0.020
3730.67134 17.803 0.017
3732.69607 17.779 0.017
3734.79412 17.711 0.018
3736.81040 17.745 0.019
3737.69874 17.760 0.018
3739.79787 17.838 0.020
3742.68371 17.702 0.025
3745.75940 17.743 0.020
3747.76208 17.636 0.029
3749.65378 17.576 0.029
3750.73879 17.628 0.021
3752.74947 17.638 0.019
3754.76719 17.606 0.020
3756.59075 17.784 0.021
3758.76040 17.667 0.022
3761.77597 17.706 0.018
3764.73041 17.798 0.019
3767.59027 17.579 0.017
3770.60666 17.587 0.018
3773.61082 17.650 0.021
3776.61019 17.678 0.018
3779.59977 17.764 0.025
3782.65046 17.719 0.020
3787.57544 17.736 0.020
3792.52283 17.611 0.024
3799.60599 17.592 0.028
3809.51634 17.743 0.031
3822.49621 17.648 0.031
3946.89840 17.615 0.024
3964.85528 17.667 0.016
3969.87514 17.577 0.020
3975.92528 17.605 0.024
3981.85420 17.820 0.025
3989.88121 17.750 0.022
3995.90495 17.709 0.028
4001.85795 17.631 0.016
4007.83978 17.762 0.020
4011.84007 17.741 0.020
4018.83166 17.747 0.019
4023.86383 17.757 0.020
4026.77229 17.624 0.015
4029.71352 17.821 0.032
4031.79390 17.756 0.018
4038.70299 17.737 0.019
4040.86985 17.760 0.030
4043.66847 17.656 0.024
4046.76060 17.696 0.025
4048.85011 17.751 0.030
4052.69301 17.726 0.019
4054.67998 17.815 0.024
4056.73706 17.684 0.022
4058.76936 17.732 0.016
4063.66894 17.740 0.019
4066.72619 17.756 0.018
4068.81370 17.765 0.018
4070.65615 17.630 0.018
4073.81553 17.804 0.025
4076.78368 17.712 0.021
4079.74600 17.586 0.022
4083.66286 17.751 0.025
4085.72836 17.652 0.021
4092.84681 17.643 0.019
4102.82334 17.811 0.026
4105.68224 17.616 0.018
4109.72516 17.680 0.017
4109.75536 17.637 0.016
4113.71112 17.741 0.016
4120.74154 17.791 0.020
4122.69794 17.785 0.018
4125.74919 17.784 0.021
4131.60251 17.672 0.016
4142.63911 17.723 0.028
4156.52574 17.720 0.025
4166.56697 17.785 0.030
4196.51636 17.697 0.029
4341.89231 17.757 0.029
4347.84222 17.706 0.024
4357.90363 17.618 0.026
4362.77941 17.778 0.027
4365.82086 17.740 0.038
4368.89819 17.643 0.034
4371.84878 17.789 0.024
4377.78461 17.630 0.022
4380.80113 17.630 0.019
4386.77680 17.703 0.024
4390.73878 17.821 0.025
4393.85286 17.698 0.025
4398.86413 17.796 0.025
4403.87109 17.720 0.034
4411.86262 17.657 0.021
4418.78383 17.707 0.019
4422.84985 17.721 0.021
4426.72818 17.717 0.027
4429.83416 17.652 0.037
4432.71506 17.601 0.019
4436.75443 17.600 0.020
4439.82002 17.623 0.028
4443.68974 17.817 0.028
4448.85689 17.646 0.028
4449.67446 17.687 0.019
4451.68405 17.716 0.025
4454.70052 17.677 0.020
4455.68282 17.660 0.022
4458.74121 17.669 0.022
4461.65813 17.649 0.020
4465.74122 17.627 0.019
4468.70979 17.707 0.018
4473.67915 17.751 0.020
4477.73723 17.772 0.026
4481.67483 17.726 0.020
4485.72288 17.718 0.025
4489.70637 17.665 0.031
4493.69620 17.650 0.027
4498.67307 17.789 0.021
4501.67040 17.776 0.024
4506.60432 17.641 0.025
4508.61435 17.658 0.020
4510.69437 17.694 0.024
4521.60443 17.594 0.025
4523.62029 17.740 0.025
4525.53969 17.749 0.024
4531.56169 17.653 0.021
4533.56408 17.658 0.025
4537.61408 17.665 0.025
4539.53306 17.622 0.024
4541.58529 17.466 0.025
