2166.84527 16.945 0.012
2172.89528 16.968 0.012
2183.88857 16.976 0.016
2189.85098 16.926 0.014
2192.75518 16.972 0.011
2201.76460 16.874 0.011
2212.79969 16.684 0.011
2217.78412 16.789 0.012
2223.80468 16.689 0.011
2226.77904 16.953 0.013
2228.82250 16.899 0.011
2230.73592 16.843 0.012
2232.75614 16.778 0.010
2234.75009 16.705 0.010
2238.70073 16.819 0.011
2240.82972 16.689 0.011
2242.83543 16.846 0.014
2248.71670 16.911 0.011
2251.74635 16.757 0.010
2253.76224 16.839 0.010
2255.69223 16.909 0.013
2258.69170 16.756 0.010
2261.66450 16.961 0.012
2264.80033 16.788 0.010
2269.77320 16.899 0.011
2271.71667 16.769 0.011
2273.81183 16.858 0.012
2275.78531 16.798 0.012
2277.78809 16.695 0.010
2279.78494 16.796 0.010
2281.74777 16.874 0.010
2283.80494 16.875 0.010
2289.74178 16.992 0.012
2291.74788 16.924 0.014
2293.71624 16.906 0.014
2295.73731 16.907 0.011
2297.72824 16.856 0.012
2299.76062 16.802 0.012
2301.66605 16.765 0.012
2303.66143 16.763 0.013
2323.56235 16.693 0.011
2326.56935 16.953 0.015
2332.51272 16.791 0.015
2338.53528 16.787 0.012
2344.52833 16.908 0.012
2355.50065 16.940 0.018
2387.49089 16.955 0.018
2521.91075 16.817 0.012
2542.82342 16.902 0.012
2544.88082 16.906 0.014
2551.87104 16.764 0.011
2555.89501 16.751 0.014
2559.80900 16.913 0.012
2563.85423 16.943 0.014
2573.78176 16.771 0.013
2577.84452 16.765 0.011
2583.74103 16.938 0.013
2589.78081 16.950 0.012
2594.79763 16.852 0.018
2599.85244 16.866 0.012
2609.65869 16.950 0.014
2611.66273 16.953 0.014
2617.80940 16.939 0.014
2620.77840 16.863 0.011
2623.75167 16.816 0.011
2626.67676 16.935 0.011
2627.61856 16.807 0.015
2630.83256 16.966 0.016
2632.62334 16.794 0.011
2635.61868 16.959 0.012
2637.74436 16.934 0.012
2637.75885 16.927 0.012
2639.77506 16.930 0.011
2641.64936 16.927 0.012
2643.66070 16.884 0.012
2645.65286 16.856 0.011
2647.57959 16.727 0.011
2651.64728 16.760 0.012
2653.67072 16.734 0.012
2655.65691 16.779 0.011
2657.79064 16.762 0.012
2659.65781 16.903 0.012
2661.67845 16.930 0.011
2665.78441 16.917 0.012
2671.78870 16.934 0.014
2675.72078 16.841 0.011
2677.75515 16.802 0.013
2679.74620 16.823 0.012
2682.60415 16.896 0.012
2686.57336 16.758 0.013
2691.52408 16.920 0.015
2695.58144 16.891 0.013
2700.53242 16.969 0.014
2706.51382 16.881 0.016
2713.51746 16.975 0.018
2735.49753 16.958 0.014
2841.91745 16.947 0.014
2868.88420 16.828 0.012
2890.82734 16.737 0.013
2895.86310 16.887 0.011
2900.81876 16.975 0.012
2906.84981 16.941 0.011
2910.88311 16.854 0.010
2915.88331 16.925 0.011
2921.88202 16.906 0.012
2925.85188 16.815 0.011
2930.76447 16.917 0.013
2933.80890 16.881 0.011
2939.81731 16.943 0.013
2941.83541 16.944 0.011
2943.71016 16.913 0.012
2946.81322 16.822 0.013
2948.80351 16.890 0.013
2952.79961 16.942 0.013
2955.85449 16.798 0.014
2958.66979 16.845 0.013
2962.68077 16.742 0.011
2965.69781 16.989 0.013
2967.79715 16.972 0.011
2970.71033 16.890 0.011
2974.70233 16.930 0.012
2976.73617 16.950 0.012
2978.63071 16.916 0.012
2980.65711 16.942 0.012
2982.61630 16.856 0.012
2984.65747 16.830 0.011
2986.74526 16.896 0.012
2988.71327 16.833 0.011
2990.64662 16.685 0.010
2992.73315 16.777 0.011
2994.64341 16.815 0.011
2996.73003 16.723 0.011
2998.68909 16.946 0.012
2999.78111 16.933 0.012
3001.65986 16.751 0.011
3003.65550 16.763 0.010
3005.61250 16.734 0.011
3007.73092 16.714 0.011
3009.66678 16.896 0.011
3011.61236 16.919 0.013
3013.64300 16.976 0.012
3017.61828 16.959 0.010
3018.71011 16.729 0.012
3020.78530 16.817 0.011
3022.81185 16.759 0.011
3024.76037 16.744 0.010
3026.75771 16.897 0.011
3028.76516 16.910 0.010
3030.77004 16.950 0.011
3033.69733 16.687 0.009
3035.70363 16.803 0.011
3038.68193 16.851 0.013
3040.68156 16.840 0.013
3042.62512 16.758 0.013
3044.55905 16.820 0.013
3046.57451 16.894 0.011
3048.55946 16.924 0.010
3050.57833 16.944 0.011
3052.57534 16.959 0.012
3054.57620 16.936 0.012
3056.57336 16.977 0.012
3058.56709 16.883 0.012
3060.58760 16.906 0.011
3064.58551 16.805 0.012
3067.64910 16.958 0.012
3069.60916 16.951 0.012
3073.51854 16.871 0.014
3075.61326 16.895 0.012
3078.53311 16.973 0.014
3082.52208 16.982 0.014
3084.59806 16.950 0.011
3087.55955 16.934 0.012
3090.51523 16.761 0.012
3093.49508 16.987 0.015
3098.60546 16.689 0.013
3101.56317 16.799 0.016
3104.53632 16.977 0.013
3107.51628 16.699 0.012
3111.50985 16.878 0.014
3114.50383 16.834 0.012
3115.52817 16.975 0.015
3126.46824 16.945 0.013
3144.48280 16.733 0.013
3224.88373 16.919 0.014
3239.91774 16.931 0.011
3247.88870 16.925 0.012
3256.86706 16.941 0.011
3263.83398 16.945 0.010
3268.85768 16.703 0.009
3273.82931 16.866 0.012
3276.84738 16.926 0.014
3281.81226 16.779 0.009
3289.82576 16.923 0.010
3294.82394 16.720 0.009
3301.68022 16.775 0.012
3303.84927 16.852 0.015
3306.82386 16.930 0.011
3308.84087 16.965 0.013
3310.87311 16.954 0.015
3320.68412 16.787 0.010
3323.63710 16.846 0.011
3329.81317 16.866 0.010
3334.71300 16.944 0.012
3338.76877 16.885 0.011
3351.76986 16.915 0.010
3354.73798 16.933 0.011
3358.62435 16.910 0.011
3361.72009 16.813 0.010
3372.68253 16.785 0.009
3377.71873 16.908 0.012
3386.74448 16.944 0.010
3391.58980 16.956 0.012
3395.65383 16.937 0.013
3398.70156 16.749 0.011
3402.64684 16.892 0.010
3404.57464 16.944 0.012
3408.52807 16.965 0.012
3412.55798 16.895 0.014
3414.59524 16.887 0.012
3419.57225 16.996 0.012
3426.51142 16.939 0.013
3433.56249 16.690 0.010
3443.53304 16.937 0.014
3453.49938 16.813 0.012
3574.93419 16.873 0.012
3588.92492 16.885 0.012
3589.87595 16.904 0.011
3614.91627 16.916 0.013
3617.87295 16.979 0.011
3629.81249 16.806 0.012
3634.77858 16.939 0.012
3639.88883 16.818 0.009
3641.82250 16.930 0.012
3650.81788 16.854 0.010
3653.84585 16.859 0.010
3657.79634 16.739 0.009
3660.76216 16.946 0.013
3664.79757 16.898 0.010
3668.73386 16.713 0.011
3671.86946 16.961 0.012
3676.84486 16.746 0.010
3684.78903 16.929 0.010
3687.70810 16.896 0.010
3689.80669 16.770 0.010
3692.73110 16.855 0.011
3694.80499 16.849 0.011
3696.68033 16.757 0.010
3699.69258 16.917 0.010
3701.74344 16.924 0.011
3704.70999 16.906 0.010
3706.76422 16.932 0.010
3711.65518 16.794 0.010
3713.66887 16.915 0.010
3716.71793 16.883 0.014
3719.72244 16.956 0.013
3722.76524 16.764 0.011
3726.66815 16.830 0.010
3728.64087 16.932 0.010
3731.74142 16.881 0.010
3733.62761 16.718 0.009
3734.73055 16.961 0.010
3736.74945 16.968 0.011
3737.63803 16.757 0.010
3739.70018 16.768 0.010
3741.72753 16.855 0.011
3743.70429 16.903 0.012
3746.74671 16.868 0.013
3748.69930 16.766 0.011
3750.70550 16.712 0.010
3752.71359 16.783 0.010
3754.73481 16.746 0.010
3755.65460 16.850 0.013
3757.62873 16.801 0.011
3759.59434 16.689 0.011
3762.67923 16.977 0.011
3765.70110 16.691 0.008
3769.74175 16.867 0.010
3772.70998 16.830 0.010
3775.70188 16.956 0.013
3778.68041 16.822 0.011
3782.58857 16.958 0.012
3786.56461 16.948 0.012
3791.56091 16.913 0.010
3798.56057 16.737 0.009
3805.54773 16.882 0.011
3820.49307 16.788 0.011
3938.94217 16.930 0.015
3961.92341 16.774 0.011
3968.90548 16.820 0.010
3974.89453 16.698 0.011
3981.79448 16.798 0.011
3987.91853 16.804 0.013
3995.82949 16.926 0.011
4002.82558 16.880 0.009
4005.77564 16.806 0.010
4007.77984 16.811 0.009
4011.76026 16.735 0.010
4018.74194 16.801 0.011
4023.79434 16.960 0.011
4026.71006 16.863 0.010
4028.84608 16.721 0.009
4031.73381 16.770 0.010
4037.84277 16.748 0.009
4040.81012 16.976 0.011
4042.82489 16.903 0.011
4046.70068 16.751 0.010
4048.78964 16.742 0.010
4052.63252 16.905 0.010
4053.83021 16.925 0.010
4059.66102 16.707 0.009
4064.62553 16.858 0.009
4066.60512 16.804 0.011
4069.67247 16.919 0.010
4071.59683 16.937 0.011
4076.65068 16.849 0.012
4079.68588 16.875 0.012
4082.67627 16.972 0.012
4084.75611 16.927 0.012
4087.67559 16.744 0.009
4093.76458 16.806 0.009
4102.63452 16.785 0.010
4104.79959 16.772 0.012
4109.66044 16.835 0.009
4113.67905 16.724 0.009
4119.61726 16.930 0.011
4122.66614 16.789 0.010
4125.71354 16.953 0.012
4129.71293 16.937 0.010
4142.57111 16.900 0.012
4150.54759 16.705 0.010
4154.52936 16.851 0.015
4165.57528 16.698 0.011
4183.52155 16.840 0.013
4340.89599 16.956 0.011
4346.88302 16.848 0.014
4350.90266 16.794 0.011
4357.83630 16.836 0.013
4363.76479 16.693 0.011
4365.78838 16.831 0.014
4369.78401 16.953 0.014
4372.75867 16.761 0.011
4376.84923 16.763 0.012
4379.85582 16.950 0.012
4383.85988 16.909 0.014
4388.79994 16.972 0.014
4393.72776 16.918 0.013
4398.80295 16.839 0.012
4403.74364 16.963 0.016
4411.73882 16.739 0.010
4417.82166 16.704 0.010
4421.73408 16.917 0.011
4425.80730 16.935 0.014
4429.71807 16.929 0.016
4431.85912 16.979 0.022
4436.68611 16.959 0.013
4439.73029 16.732 0.012
4442.70769 16.921 0.013
4448.76336 16.871 0.011
4450.76804 16.814 0.012
4453.74385 16.974 0.012
4456.75718 16.687 0.012
4459.66725 16.806 0.011
4462.66923 16.980 0.013
4465.70942 16.742 0.010
4469.66260 16.847 0.013
4474.66457 16.831 0.011
4478.76735 16.818 0.012
4481.76611 16.945 0.012
4484.67586 16.890 0.015
4487.73821 16.862 0.016
4492.69079 16.936 0.013
4494.72524 16.979 0.013
4499.60711 16.944 0.012
4502.67994 16.796 0.012
4507.63866 16.932 0.013
4509.63592 16.903 0.014
4516.54407 16.945 0.016
4520.63303 16.930 0.015
4522.54302 16.837 0.013
4524.55703 16.779 0.012
4530.56219 16.733 0.013
4532.55422 16.874 0.014
4537.55227 16.830 0.013
4540.60099 16.962 0.014
