 726.84759 15.127 0.005
 729.74300 15.266 0.006
 741.79563 15.219 0.006
 744.79037 15.181 0.005
 746.81113 15.143 0.005
 747.75528 15.358 0.006
 748.71285 15.128 0.005
 749.84693 15.342 0.006
 750.82360 15.138 0.005
 751.82133 15.302 0.006
 754.77182 15.312 0.006
 759.68104 15.122 0.005
 761.83104 15.127 0.005
 769.80435 15.376 0.006
 776.79242 15.270 0.005
 778.82155 15.337 0.006
 780.80126 15.376 0.006
 782.78079 15.347 0.006
 789.81318 15.333 0.006
 792.71968 15.131 0.005
 795.80509 15.340 0.006
 796.75922 15.173 0.005
 798.82392 15.232 0.006
 817.72803 15.318 0.005
 824.74635 15.363 0.006
 826.71104 15.352 0.006
 827.71142 15.114 0.005
 828.70136 15.326 0.005
 830.77682 15.296 0.006
 831.56758 15.305 0.006
 832.55034 15.197 0.006
 833.55442 15.358 0.006
 834.67576 15.163 0.005
 834.80793 15.203 0.006
 835.66675 15.369 0.005
 837.68690 15.370 0.005
 838.73500 15.123 0.005
 839.68538 15.321 0.006
 841.72816 15.288 0.005
 842.76430 15.206 0.005
 843.80148 15.261 0.005
 844.54407 15.354 0.006
 846.79149 15.348 0.005
 850.78205 15.356 0.006
 855.67939 15.315 0.008
 856.75238 15.209 0.006
 857.75013 15.353 0.006
 858.73669 15.159 0.005
 859.77991 15.363 0.006
 860.62599 15.122 0.005
 866.60728 15.330 0.006
 874.59062 15.281 0.005
 876.62546 15.243 0.005
 876.72763 15.271 0.005
 878.63274 15.199 0.005
 880.64923 15.156 0.005
 885.56090 15.280 0.007
 887.69372 15.263 0.006
 890.71724 15.348 0.006
 891.55254 15.144 0.005
 892.51699 15.336 0.005
 893.68305 15.123 0.005
 896.53277 15.282 0.006
 900.58641 15.190 0.005
 919.58750 15.203 0.006
 925.59540 15.367 0.006
 934.54696 15.363 0.006
 937.56390 15.134 0.006
 950.54067 15.133 0.005
 952.53142 15.186 0.005
 953.51208 15.264 0.006
1074.84443 15.367 0.006
1076.82611 15.372 0.006
1080.78466 15.268 0.005
1083.84786 15.307 0.005
1084.84390 15.179 0.005
1086.86873 15.146 0.005
1090.74920 15.169 0.006
1092.76615 15.245 0.006
1093.80809 15.232 0.005
1106.79220 15.193 0.005
1108.81082 15.138 0.005
1114.81916 15.202 0.005
1120.76690 15.367 0.006
1126.78790 15.257 0.005
1129.85011 15.336 0.005
1132.84574 15.117 0.005
1135.79514 15.310 0.005
1140.84426 15.325 0.005
1142.79581 15.373 0.005
1152.75357 15.157 0.006
1154.77872 15.123 0.005
1156.74367 15.134 0.005
1158.81227 15.162 0.005
1160.80964 15.228 0.005
1164.79165 15.373 0.005
1165.83734 15.134 0.005
1167.76056 15.118 0.005
1168.71994 15.318 0.006
1171.76168 15.238 0.005
1175.76086 15.361 0.006
1179.81116 15.334 0.006
1181.77210 15.262 0.006
1184.71854 15.338 0.005
1187.71002 15.129 0.005
1188.72385 15.361 0.005
1189.77290 15.116 0.005
1191.78711 15.151 0.005
1192.79552 15.292 0.005
1193.83499 15.192 0.005
1194.71056 15.225 0.006
1201.79898 15.340 0.006
1202.80811 15.134 0.005
1204.71454 15.221 0.006
1206.81462 15.266 0.006
1207.72537 15.190 0.006
1208.78845 15.354 0.006
1212.78608 15.349 0.006
1214.69710 15.294 0.006
1215.60184 15.266 0.006
1216.71075 15.245 0.006
1217.76008 15.273 0.006
1218.73510 15.201 0.006
1219.67442 15.372 0.006
1220.78174 15.165 0.006
1221.64781 15.361 0.006
1223.73681 15.344 0.006
1226.62686 15.238 0.006
1227.63169 15.225 0.005
1230.69856 15.353 0.006
1232.73768 15.366 0.007
1235.63216 15.150 0.006
1238.60374 15.235 0.006
1240.72755 15.215 0.006
1242.59706 15.135 0.006
1243.69480 15.369 0.006
1245.67163 15.347 0.006
1248.54995 15.255 0.006
1251.54783 15.175 0.006
1255.55707 15.125 0.006
1256.59834 15.335 0.006
1258.63362 15.300 0.006
1259.64127 15.191 0.005
1261.59534 15.295 0.006
1266.52793 15.118 0.006
1267.58256 15.344 0.006
1268.59593 15.141 0.006
1274.59910 15.358 0.007
1277.58396 15.122 0.005
1279.56924 15.141 0.006
1281.59146 15.192 0.006
1289.48111 15.337 0.007
1290.55057 15.135 0.006
1298.48008 15.373 0.006
1301.55433 15.130 0.006
1305.58302 15.251 0.006
1312.55970 15.117 0.006
1317.49273 15.201 0.005
1319.54415 15.179 0.006
1327.48471 15.259 0.009
1329.47183 15.352 0.007
1330.53641 15.190 0.006
1335.48926 15.318 0.006
1431.88805 15.291 0.006
1433.88504 15.240 0.006
1436.80260 15.371 0.006
1439.89382 15.126 0.005
1443.83399 15.231 0.007
1447.84626 15.359 0.007
1449.88805 15.368 0.007
1454.85262 15.213 0.006
1459.81962 15.155 0.005
1461.85767 15.131 0.006
1462.84803 15.347 0.006
1471.84407 15.373 0.006
1476.73671 15.244 0.006
1478.81437 15.292 0.006
1481.85281 15.158 0.005
1484.80257 15.348 0.006
1488.83485 15.262 0.006
1491.81357 15.347 0.006
1494.81896 15.123 0.006
1496.70161 15.157 0.006
1498.72336 15.210 0.005
1502.71941 15.366 0.006
1505.75418 15.116 0.006
1507.75514 15.138 0.006
1508.65737 15.280 0.006
1509.82160 15.164 0.005
1511.67683 15.307 0.006
1514.72496 15.153 0.006
1516.69441 15.125 0.005
1518.66640 15.144 0.005
1520.69201 15.193 0.006
1522.77221 15.255 0.006
1523.66522 15.205 0.007
1524.83216 15.320 0.006
1526.66981 15.369 0.006
1527.83607 15.140 0.006
1529.73929 15.130 0.005
1531.84200 15.139 0.005
1538.79818 15.143 0.005
1542.82281 15.153 0.005
1543.85553 15.305 0.006
1544.76464 15.231 0.005
1548.79752 15.365 0.006
1549.81010 15.145 0.005
1552.73343 15.332 0.005
1553.80840 15.138 0.005
1554.82364 15.310 0.005
1555.81763 15.190 0.005
1562.80962 15.127 0.005
1566.65909 15.246 0.006
1568.68069 15.312 0.006
1571.74539 15.152 0.005
1574.79740 15.347 0.005
1576.65127 15.270 0.006
1578.75159 15.247 0.006
1581.70092 15.364 0.006
1583.74019 15.376 0.006
1585.68631 15.336 0.006
1588.66105 15.220 0.006
1591.62477 15.189 0.007
1595.64053 15.129 0.006
1596.75378 15.360 0.006
1599.74571 15.182 0.005
1600.72326 15.260 0.006
1601.75155 15.245 0.006
1602.73305 15.213 0.006
1605.52438 15.360 0.006
1606.69974 15.134 0.005
1609.71318 15.330 0.006
1610.73074 15.179 0.006
1611.70807 15.268 0.006
1613.69873 15.226 0.006
1614.69426 15.342 0.006
1615.70872 15.162 0.006
1617.68996 15.135 0.005
1618.68838 15.343 0.007
1620.50614 15.274 0.006
1621.68527 15.181 0.006
1623.67114 15.269 0.006
1625.67555 15.342 0.006
1626.67656 15.173 0.006
1628.66489 15.136 0.005
1630.68412 15.121 0.005
1633.64740 15.266 0.005
1634.64082 15.266 0.006
1635.65451 15.225 0.006
1644.60466 15.266 0.005
1650.59823 15.138 0.007
1653.56420 15.301 0.006
1655.59999 15.271 0.006
1657.58915 15.234 0.006
1659.59278 15.172 0.005
1662.58227 15.356 0.006
1665.56428 15.175 0.006
1671.54206 15.382 0.006
1684.48399 15.353 0.007
1695.50979 15.359 0.006
1788.88723 15.143 0.005
1809.86848 15.363 0.005
1811.89345 15.372 0.006
1815.87695 15.302 0.005
1822.75860 15.369 0.006
1830.86690 15.199 0.005
1851.81493 15.281 0.006
1858.74681 15.154 0.006
1861.77455 15.254 0.006
1863.81644 15.219 0.005
1866.76709 15.374 0.006
1868.77151 15.351 0.005
1869.80602 15.131 0.005
1872.78957 15.268 0.006
2168.86801 15.246 0.006
2187.80969 15.142 0.006
2193.87506 15.341 0.006
2194.76885 15.137 0.006
2202.87513 15.253 0.006
2206.78415 15.378 0.006
2215.82802 15.337 0.006
2222.82753 15.190 0.006
2225.71038 15.187 0.006
2227.78543 15.157 0.006
2229.79127 15.124 0.006
2231.75965 15.132 0.006
2233.72796 15.194 0.006
2237.64730 15.361 0.006
2239.70824 15.364 0.006
2241.79999 15.351 0.006
2244.67963 15.199 0.006
2249.78951 15.173 0.005
2251.69780 15.118 0.005
2254.78450 15.328 0.006
2257.80799 15.216 0.005
2260.81537 15.195 0.006
2262.83304 15.149 0.005
2265.80764 15.339 0.006
2269.75767 15.236 0.006
2272.73797 15.367 0.006
2274.70640 15.354 0.006
2276.72660 15.322 0.006
2278.84609 15.307 0.006
2280.66883 15.216 0.006
2282.83017 15.212 0.006
2288.81208 15.116 0.005
2291.84560 15.264 0.006
2293.84678 15.220 0.006
2296.84069 15.360 0.007
2298.83368 15.350 0.006
2301.76443 15.187 0.006
2321.73584 15.118 0.006
2328.61301 15.136 0.006
2335.52288 15.205 0.006
2341.52024 15.122 0.006
2358.51264 15.321 0.006
2391.53928 15.255 0.007
2548.85365 15.355 0.007
2553.82108 15.297 0.007
2557.88592 15.369 0.006
2561.88856 15.313 0.006
2574.86785 15.257 0.006
2579.76772 15.365 0.006
2586.80484 15.257 0.006
2591.77377 15.127 0.006
2598.75664 15.213 0.006
2606.78549 15.171 0.006
2610.68339 15.358 0.007
2615.81059 15.130 0.005
2619.65403 15.296 0.006
2622.76908 15.192 0.006
2625.63437 15.350 0.006
2628.63198 15.191 0.006
2630.66893 15.270 0.006
2632.79014 15.291 0.006
2636.74010 15.358 0.006
2638.85720 15.352 0.007
2641.83260 15.172 0.006
2643.83285 15.266 0.006
2645.83188 15.334 0.006
2649.74304 15.334 0.006
2651.78588 15.310 0.006
2653.81310 15.257 0.006
2655.83995 15.218 0.006
2657.83197 15.159 0.006
2658.82414 15.377 0.007
2660.77873 15.353 0.006
2662.75220 15.309 0.006
2664.76866 15.263 0.007
2669.62172 15.371 0.007
2672.61963 15.162 0.006
2674.82185 15.161 0.006
2676.79908 15.244 0.006
2678.84083 15.302 0.006
2680.74918 15.372 0.006
2684.62629 15.294 0.006
2688.60380 15.183 0.006
2693.56545 15.333 0.006
2697.58152 15.238 0.006
2702.58806 15.361 0.007
2709.53352 15.316 0.006
2726.49971 15.342 0.007
2875.91077 15.366 0.007
2885.90137 15.151 0.006
2893.88202 15.295 0.007
2897.89865 15.374 0.006
2908.81932 15.366 0.006
2912.84250 15.298 0.006
2917.85067 15.350 0.006
2923.85340 15.316 0.006
2927.76178 15.194 0.007
2931.83992 15.128 0.006
2934.87479 15.324 0.006
2935.73434 15.217 0.006
2940.85484 15.177 0.006
2943.85963 15.351 0.006
2947.86803 15.280 0.006
2951.74498 15.154 0.006
2954.81212 15.357 0.007
2956.85552 15.331 0.006
2961.78683 15.329 0.006
2963.83780 15.371 0.006
2964.73518 15.129 0.006
2966.81446 15.122 0.005
2968.77532 15.164 0.006
2971.77855 15.221 0.006
2974.86092 15.347 0.007
2978.68756 15.310 0.006
2980.78185 15.289 0.006
2982.83090 15.239 0.006
2985.73357 15.370 0.006
2987.78122 15.371 0.007
2989.72222 15.329 0.006
2991.79570 15.291 0.006
2993.80911 15.255 0.006
2996.77933 15.362 0.006
2998.79211 15.375 0.006
3000.80323 15.354 0.006
3002.79355 15.301 0.006
3004.81929 15.260 0.006
3006.80584 15.209 0.006
3008.76847 15.147 0.006
3010.83915 15.131 0.006
3013.76489 15.297 0.006
3016.78919 15.282 0.006
3020.62950 15.357 0.006
3022.66179 15.319 0.006
3023.76978 15.132 0.006
3025.77292 15.182 0.005
3027.79156 15.267 0.007
3029.77622 15.343 0.006
3032.62504 15.124 0.006
3034.67308 15.139 0.005
3036.70319 15.206 0.006
3039.64515 15.190 0.006
3041.73033 15.162 0.006
3042.75341 15.376 0.007
3044.69223 15.355 0.006
3046.67836 15.311 0.007
3048.71154 15.272 0.006
3050.70851 15.213 0.006
3052.70477 15.164 0.005
3054.71087 15.137 0.006
3056.69796 15.134 0.005
3058.69128 15.174 0.005
3059.63751 15.251 0.006
3061.65454 15.226 0.007
3066.62851 15.351 0.006
3068.65672 15.320 0.006
3071.55514 15.304 0.006
3074.55998 15.158 0.006
3076.67439 15.129 0.006
3079.67399 15.321 0.006
3085.64238 15.175 0.006
3088.59973 15.353 0.006
3091.60325 15.165 0.006
3097.52773 15.368 0.007
3100.56526 15.124 0.006
3103.57338 15.258 0.006
3106.60273 15.297 0.006
3109.58586 15.130 0.005
3126.54084 15.235 0.006
3132.54386 15.357 0.007
3147.48567 15.276 0.007
3242.92540 15.205 0.006
3249.90293 15.126 0.006
3260.88450 15.133 0.006
3271.87482 15.131 0.005
3274.87803 15.318 0.006
3279.83153 15.353 0.006
3288.73977 15.302 0.006
3295.84070 15.119 0.005
3297.83200 15.169 0.005
3300.69611 15.179 0.006
3302.69082 15.151 0.006
3305.80241 15.343 0.006
3307.82723 15.329 0.007
3309.86359 15.290 0.006
3315.79956 15.133 0.005
3321.76395 15.257 0.005
3324.81337 15.174 0.005
3328.86221 15.122 0.005
3335.81105 15.190 0.006
3340.69486 15.308 0.006
3353.78696 15.309 0.006
3357.81457 15.203 0.005
3360.79417 15.377 0.006
3366.75822 15.251 0.005
3373.84583 15.373 0.006
3378.80150 15.269 0.006
3385.59142 15.196 0.006
3387.79951 15.170 0.006
3394.69049 15.126 0.005
3402.74878 15.347 0.006
3404.68044 15.392 0.006
3410.53826 15.227 0.005
3416.54584 15.127 0.005
3430.54897 15.296 0.006
3436.59984 15.160 0.005
3448.53146 15.386 0.006
3458.50155 15.145 0.005
3603.90193 15.304 0.005
3621.87965 15.371 0.005
3624.90343 15.128 0.005
3630.85056 15.365 0.006
3637.80166 15.206 0.006
3640.84583 15.207 0.005
3651.87827 15.218 0.005
3655.79548 15.121 0.005
3659.77883 15.194 0.006
3663.74279 15.358 0.006
3669.83791 15.329 0.006
3673.71530 15.197 0.005
3685.84224 15.324 0.005
3688.76110 15.131 0.005
3690.83567 15.143 0.006
3693.84200 15.319 0.006
3696.77964 15.340 0.005
3699.79252 15.150 0.005
3701.84749 15.137 0.005
3703.84428 15.145 0.005
3706.71953 15.224 0.005
3711.75506 15.367 0.006
3713.84308 15.365 0.006
3715.81938 15.315 0.006
3718.85050 15.270 0.006
3724.79382 15.354 0.006
3728.82810 15.271 0.006
3731.83528 15.348 0.006
3733.73462 15.373 0.006
3735.71463 15.340 0.005
3738.74817 15.199 0.005
3740.81307 15.261 0.005
3742.83252 15.342 0.006
3745.84999 15.140 0.006
3747.85298 15.113 0.005
3749.80023 15.172 0.006
3751.81410 15.238 0.006
3753.76421 15.349 0.006
3755.79239 15.376 0.006
3757.81232 15.367 0.005
3760.62396 15.226 0.006
3763.74467 15.218 0.005
3766.76123 15.381 0.007
3771.67066 15.192 0.005
3774.66217 15.218 0.005
3777.62050 15.381 0.006
3780.68462 15.121 0.006
3784.53258 15.329 0.006
3788.61097 15.366 0.006
3794.58051 15.249 0.006
3802.52133 15.152 0.006
3812.53415 15.357 0.006
3830.48753 15.360 0.006
3959.89005 15.371 0.006
3965.91596 15.296 0.005
3973.82990 15.127 0.006
3982.88225 15.161 0.005
3990.82914 15.298 0.006
3999.89846 15.167 0.005
4003.77425 15.367 0.005
4006.82358 15.135 0.005
4008.84460 15.128 0.005
4013.85648 15.224 0.006
4019.86109 15.116 0.005
4024.85065 15.232 0.005
4027.75520 15.380 0.006
4029.86583 15.357 0.006
4036.74435 15.355 0.006
4039.73250 15.121 0.005
4041.80626 15.117 0.005
4045.67456 15.297 0.007
4047.67094 15.351 0.006
4050.64671 15.121 0.005
4052.83596 15.117 0.005
4054.82282 15.150 0.005
4057.74785 15.232 0.005
4060.68728 15.365 0.005
4065.77131 15.154 0.005
4067.72748 15.228 0.005
4070.78618 15.196 0.006
4074.84227 15.132 0.005
4078.76019 15.219 0.005
4080.77157 15.295 0.006
4083.84623 15.177 0.006
4085.82104 15.132 0.005
4096.65433 15.125 0.005
4103.81357 15.212 0.005
4106.64493 15.358 0.006
4112.82178 15.274 0.005
4122.74986 15.166 0.005
4128.61946 15.363 0.006
4145.65952 15.268 0.006
4158.52970 15.182 0.006
4169.55905 15.197 0.006
4344.86178 15.147 0.006
4348.89204 15.132 0.006
4354.82035 15.346 0.007
4358.88195 15.353 0.006
4363.89735 15.246 0.006
4367.81962 15.369 0.006
4371.83037 15.315 0.006
4378.78426 15.380 0.007
4381.80117 15.135 0.006
4387.74369 15.346 0.005
4390.88076 15.135 0.006
4396.78147 15.251 0.006
4400.78940 15.369 0.007
4408.80110 15.223 0.006
4415.86669 15.339 0.007
4423.82879 15.152 0.006
4427.79518 15.144 0.006
4430.79843 15.245 0.006
4433.81588 15.357 0.006
4437.74237 15.338 0.007
4440.76218 15.214 0.006
4444.70717 15.369 0.007
4449.82171 15.122 0.006
4451.85727 15.168 0.007
4454.79699 15.206 0.006
4456.79936 15.159 0.006
4458.80608 15.115 0.006
4463.78948 15.262 0.006
4465.80625 15.220 0.006
4470.72622 15.352 0.006
4473.76926 15.187 0.006
4478.81072 15.183 0.006
4481.85285 15.380 0.006
4486.85064 15.207 0.006
4490.66874 15.363 0.006
4493.73934 15.119 0.006
4497.79151 15.225 0.006
4500.66450 15.152 0.006
4502.77435 15.146 0.006
4507.76545 15.286 0.006
4509.72913 15.230 0.006
4518.72851 15.300 0.007
4522.52884 15.150 0.006
4524.66923 15.128 0.006
4530.69364 15.210 0.006
4534.66029 15.375 0.006
4538.67559 15.347 0.006
4540.67564 15.284 0.006
4542.59281 15.218 0.006
