 726.83329 15.466 0.008
 739.86710 15.495 0.009
 744.77540 15.573 0.008
 745.86005 15.394 0.008
 746.84590 15.578 0.008
 747.74135 15.355 0.008
 748.69332 15.569 0.009
 750.80628 15.559 0.008
 751.80712 15.367 0.008
 752.86493 15.536 0.008
 754.81117 15.485 0.008
 755.78915 15.498 0.008
 759.71499 15.590 0.008
 761.79625 15.580 0.008
 766.84594 15.386 0.008
 773.80153 15.391 0.008
 776.82674 15.586 0.008
 780.78712 15.524 0.008
 782.81574 15.495 0.008
 788.84325 15.393 0.006
 792.75330 15.350 0.008
 795.83862 15.528 0.008
 798.76293 15.495 0.008
 817.76127 15.586 0.008
 819.83798 15.576 0.008
 824.70864 15.421 0.008
 826.80130 15.438 0.008
 827.69813 15.431 0.008
 828.75775 15.532 0.008
 829.70537 15.383 0.008
 830.76347 15.583 0.008
 831.60074 15.349 0.008
 832.77034 15.588 0.008
 833.58992 15.351 0.006
 834.69391 15.560 0.008
 835.81170 15.337 0.006
 837.67359 15.400 0.006
 839.67204 15.459 0.008
 841.76105 15.493 0.008
 842.75097 15.438 0.008
 844.60591 15.369 0.008
 846.77785 15.370 0.006
 850.76871 15.362 0.006
 854.79359 15.412 0.009
 855.71564 15.447 0.008
 856.67765 15.554 0.009
 857.73632 15.418 0.008
 858.69946 15.586 0.008
 859.76621 15.383 0.006
 860.65919 15.575 0.008
 865.57650 15.429 0.009
 867.63157 15.469 0.009
 874.69530 15.362 0.006
 876.61135 15.345 0.006
 876.71385 15.344 0.006
 878.70136 15.353 0.006
 880.63570 15.422 0.008
 885.59485 15.406 0.009
 887.67994 15.376 0.008
 890.70357 15.558 0.009
 892.55032 15.532 0.008
 893.71657 15.366 0.008
 896.51831 15.440 0.008
 900.57179 15.382 0.008
 919.57366 15.348 0.008
 925.52671 15.522 0.009
 931.58467 15.579 0.009
 934.53350 15.356 0.008
 947.54826 15.352 0.009
 950.52666 15.514 0.008
1079.81755 15.587 0.008
1080.82119 15.345 0.006
1083.83173 15.514 0.008
1084.82712 15.415 0.008
1086.85517 15.474 0.008
1090.78279 15.579 0.009
1092.83322 15.583 0.008
1093.84531 15.355 0.006
1106.77419 15.359 0.006
1108.79520 15.350 0.008
1114.80463 15.455 0.006
1119.84789 15.385 0.006
1120.75245 15.574 0.008
1126.77226 15.500 0.008
1129.83657 15.466 0.008
1131.84252 15.509 0.008
1132.83214 15.402 0.008
1137.81432 15.563 0.008
1138.85563 15.345 0.006
1142.78232 15.445 0.006
1152.73997 15.539 0.008
1154.75552 15.502 0.008
1155.71177 15.425 0.008
1157.76565 15.465 0.008
1159.77138 15.527 0.008
1161.83536 15.565 0.008
1163.83727 15.593 0.008
1164.85220 15.366 0.006
1166.76965 15.350 0.008
1167.79590 15.561 0.009
1168.77853 15.383 0.008
1171.74743 15.471 0.006
1175.74483 15.394 0.008
1179.79428 15.346 0.008
1181.75775 15.373 0.008
1183.84269 15.376 0.006
1185.84004 15.423 0.006
1187.79537 15.502 0.006
1189.73183 15.564 0.008
1191.77053 15.594 0.008
1192.82931 15.383 0.006
1193.82127 15.594 0.006
1194.69691 15.358 0.008
1201.78541 15.452 0.008
1202.79463 15.523 0.008
1204.70121 15.583 0.008
1206.80133 15.585 0.008
1207.71159 15.344 0.008
1211.76952 15.363 0.009
1214.68365 15.452 0.008
1215.58846 15.551 0.008
1216.66488 15.398 0.008
1217.74657 15.552 0.008
1219.66026 15.585 0.009
1220.76823 15.356 0.008
1221.63412 15.564 0.008
1223.72272 15.556 0.009
1226.61235 15.439 0.008
1227.61716 15.473 0.008
1230.68195 15.547 0.009
1233.57798 15.343 0.008
1235.71577 15.351 0.008
1238.63829 15.526 0.009
1240.71405 15.503 0.008
1242.53198 15.426 0.008
1244.66850 15.433 0.008
1247.52632 15.586 0.009
1248.62650 15.358 0.008
1251.58103 15.532 0.009
1254.59554 15.436 0.008
1255.62876 15.492 0.009
1256.63278 15.477 0.009
1258.61996 15.546 0.008
1261.52580 15.361 0.008
1264.53679 15.538 0.008
1267.55834 15.410 0.008
1272.53862 15.399 0.008
1274.57045 15.390 0.009
1276.56893 15.350 0.008
1278.57249 15.349 0.008
1279.55527 15.545 0.009
1290.53659 15.587 0.009
1298.51312 15.449 0.009
1301.58749 15.548 0.009
1306.50448 15.335 0.008
1315.53684 15.419 0.009
1318.51939 15.590 0.009
1320.51213 15.575 0.009
1330.52229 15.406 0.009
1335.51544 15.555 0.009
1431.87474 15.482 0.008
1433.86966 15.445 0.009
1436.78313 15.580 0.008
1439.86144 15.344 0.008
1441.88013 15.346 0.008
1443.90178 15.380 0.008
1447.83278 15.527 0.009
1449.87461 15.556 0.009
1454.83910 15.346 0.009
1455.81941 15.550 0.009
1459.75535 15.463 0.008
1462.83295 15.531 0.009
1471.83063 15.383 0.008
1476.72224 15.406 0.008
1478.80064 15.385 0.008
1484.78883 15.358 0.008
1488.85282 15.446 0.008
1489.77075 15.435 0.006
1491.79943 15.407 0.008
1493.74144 15.353 0.008
1496.63834 15.544 0.008
1498.70540 15.527 0.008
1500.84566 15.519 0.008
1503.68097 15.530 0.009
1505.78827 15.561 0.008
1507.73923 15.591 0.009
1508.69194 15.342 0.008
1509.71723 15.573 0.008
1511.71048 15.559 0.008
1512.81521 15.345 0.008
1514.75886 15.410 0.008
1517.72398 15.439 0.008
1519.67756 15.406 0.008
1522.75773 15.589 0.008
1523.70267 15.348 0.008
1525.67917 15.352 0.008
1527.79864 15.357 0.008
1528.80702 15.522 0.008
1529.85022 15.377 0.008
1531.82837 15.443 0.008
1538.78476 15.349 0.008
1542.80934 15.368 0.008
1544.75124 15.445 0.008
1547.82384 15.446 0.008
1548.83335 15.531 0.008
1549.84326 15.413 0.008
1552.71983 15.574 0.008
1553.79487 15.353 0.008
1554.81009 15.564 0.008
1555.79846 15.349 0.008
1555.85154 15.340 0.008
1561.59146 15.574 0.008
1562.79625 15.422 0.008
1566.64421 15.335 0.008
1568.66712 15.368 0.008
1571.73036 15.497 0.008
1575.69314 15.407 0.006
1577.76025 15.404 0.008
1579.73016 15.357 0.008
1581.67812 15.344 0.008
1584.65420 15.510 0.008
1586.66307 15.483 0.008
1589.76022 15.486 0.008
1592.63693 15.374 0.006
1593.55434 15.586 0.009
1595.62691 15.563 0.008
1596.74030 15.346 0.008
1599.73217 15.524 0.008
1600.66000 15.426 0.008
1601.73814 15.488 0.008
1602.71952 15.443 0.008
1604.71180 15.523 0.009
1606.68611 15.569 0.008
1609.69959 15.343 0.006
1610.71718 15.575 0.009
1611.69444 15.345 0.008
1613.68516 15.376 0.008
1615.69519 15.431 0.008
1616.63213 15.454 0.008
1617.67532 15.489 0.008
1618.51663 15.386 0.008
1620.54018 15.356 0.008
1620.69004 15.396 0.008
1622.68448 15.347 0.008
1624.68255 15.340 0.009
1625.66219 15.560 0.008
1627.67873 15.535 0.008
1629.65369 15.481 0.008
1630.67068 15.453 0.008
1633.50815 15.375 0.008
1634.62747 15.581 0.008
1635.64100 15.365 0.008
1644.56751 15.448 0.008
1650.49842 15.350 0.008
1653.53452 15.536 0.009
1654.58596 15.357 0.008
1656.60270 15.405 0.008
1658.53026 15.496 0.008
1662.51531 15.587 0.008
1665.55062 15.326 0.008
1670.50996 15.494 0.008
1682.48646 15.381 0.012
1782.90968 15.568 0.008
1783.90081 15.345 0.008
1790.88769 15.491 0.008
1813.82193 15.345 0.006
1818.87433 15.509 0.008
1826.87390 15.366 0.008
1843.80993 15.353 0.006
1844.82507 15.547 0.008
1845.71605 15.397 0.006
1850.72740 15.406 0.008
1855.80165 15.595 0.008
1860.77536 15.407 0.008
1864.76160 15.543 0.008
1866.80010 15.568 0.008
1868.75818 15.574 0.008
1869.79257 15.348 0.006
2187.78771 15.334 0.006
2190.88352 15.530 0.006
2193.85417 15.448 0.006
2202.85392 15.346 0.006
2215.80673 15.335 0.006
2222.80654 15.448 0.006
2224.85418 15.436 0.006
2227.76504 15.583 0.006
2229.77078 15.557 0.006
2231.73932 15.537 0.006
2233.70751 15.492 0.006
2237.62674 15.393 0.006
2239.68778 15.375 0.006
2241.77942 15.365 0.006
2243.84969 15.347 0.006
2248.70919 15.493 0.006
2250.74068 15.447 0.006
2252.83775 15.435 0.006
2254.75951 15.393 0.006
2257.77708 15.580 0.006
2260.79236 15.347 0.006
2265.73037 15.445 0.006
2266.80127 15.486 0.006
2270.83277 15.565 0.006
2272.68494 15.562 0.006
2274.81125 15.548 0.006
2276.86661 15.530 0.006
2278.82563 15.487 0.006
2280.80532 15.453 0.006
2282.80913 15.423 0.006
2290.69484 15.396 0.006
2293.80993 15.498 0.008
2295.83383 15.458 0.006
2297.82059 15.398 0.006
2299.83702 15.376 0.006
2301.73113 15.334 0.006
2302.80634 15.565 0.008
2303.72910 15.369 0.006
2321.71364 15.471 0.006
2328.59066 15.575 0.008
2340.58040 15.346 0.006
2346.52109 15.413 0.006
2360.51602 15.486 0.008
2391.51696 15.470 0.008
2540.89479 15.462 0.008
2548.83170 15.348 0.006
2553.79838 15.463 0.008
2557.86380 15.389 0.006
2561.86647 15.335 0.006
2565.85578 15.383 0.006
2574.81291 15.349 0.006
2574.82593 15.358 0.006
2578.86943 15.357 0.006
2586.78236 15.589 0.006
2590.85567 15.579 0.006
2596.86336 15.474 0.008
2606.75899 15.343 0.006
2610.66100 15.512 0.008
2614.83004 15.560 0.006
2619.70636 15.349 0.006
2621.83366 15.365 0.006
2624.73077 15.457 0.006
2627.83921 15.518 0.008
2630.60891 15.347 0.006
2632.75979 15.337 0.006
2636.70962 15.401 0.006
2638.75388 15.447 0.006
2641.80228 15.413 0.006
2643.81093 15.383 0.006
2645.79740 15.353 0.006
2649.68432 15.358 0.006
2651.76405 15.413 0.006
2653.74672 15.482 0.006
2655.78118 15.522 0.006
2657.76524 15.564 0.008
2659.82636 15.590 0.008
2661.62652 15.542 0.006
2666.61042 15.499 0.006
2668.83877 15.460 0.006
2673.78420 15.363 0.006
2676.76450 15.564 0.006
2678.81043 15.531 0.006
2680.70263 15.481 0.006
2684.59613 15.383 0.006
2688.56978 15.336 0.006
2692.54426 15.433 0.006
2697.55920 15.389 0.006
2702.56075 15.559 0.008
2709.51148 15.530 0.006
2725.52008 15.389 0.006
2875.88879 15.364 0.006
2884.91086 15.489 0.008
2896.88766 15.379 0.006
2902.81666 15.569 0.006
2907.87813 15.336 0.006
2912.82060 15.466 0.006
2917.82883 15.578 0.008
2923.83151 15.535 0.008
2926.88397 15.400 0.006
2931.81792 15.383 0.006
2934.85290 15.578 0.006
2940.83313 15.488 0.006
2943.83796 15.512 0.006
2947.84611 15.599 0.006
2950.76251 15.352 0.006
2954.78838 15.426 0.008
2956.82867 15.460 0.006
2961.76196 15.370 0.006
2963.76460 15.365 0.006
2966.78885 15.544 0.006
2968.75353 15.482 0.006
2971.81549 15.495 0.006
2974.83855 15.402 0.006
2976.69852 15.353 0.006
2979.68238 15.541 0.006
2981.70295 15.521 0.009
2983.83480 15.496 0.006
2985.80188 15.446 0.006
2987.75841 15.403 0.006
2989.69863 15.373 0.006
2991.77247 15.352 0.006
2993.77862 15.355 0.006
2995.85388 15.358 0.006
2997.82503 15.419 0.006
2998.77048 15.475 0.006
3000.77905 15.438 0.006
3002.77060 15.391 0.006
3004.76352 15.368 0.006
3006.75671 15.334 0.006
3008.71631 15.374 0.006
3010.81747 15.369 0.006
3016.76741 15.564 0.006
3018.79807 15.593 0.006
3020.86167 15.582 0.008
3022.63977 15.530 0.006
3023.74794 15.359 0.006
3025.75115 15.402 0.006
3027.76968 15.466 0.006
3029.75411 15.539 0.006
3031.82607 15.565 0.006
3034.65119 15.345 0.006
3036.68145 15.363 0.006
3039.62343 15.469 0.006
3041.70632 15.454 0.006
3042.73139 15.498 0.006
3044.67042 15.588 0.008
3046.65655 15.581 0.008
3048.68977 15.558 0.006
3050.68653 15.543 0.006
3052.68297 15.524 0.006
3054.68851 15.469 0.006
3056.67629 15.438 0.006
3058.66960 15.399 0.006
3066.60674 15.413 0.006
3068.63500 15.438 0.006
3071.53326 15.401 0.006
3074.53294 15.587 0.008
3076.65202 15.585 0.008
3079.64937 15.363 0.006
3083.51644 15.531 0.006
3085.62022 15.530 0.006
3088.57644 15.367 0.006
3091.58073 15.557 0.006
3097.49782 15.446 0.008
3100.53896 15.563 0.008
3103.54656 15.356 0.006
3106.57897 15.545 0.006
3113.58109 15.549 0.008
3127.53897 15.423 0.006
3133.55465 15.355 0.006
3230.92938 15.485 0.006
3242.90374 15.406 0.006
3249.87072 15.396 0.006
3260.86265 15.450 0.006
3264.90462 15.391 0.006
3271.85306 15.504 0.006
3274.85635 15.512 0.006
3279.80996 15.365 0.006
3282.87558 15.561 0.006
3291.79854 15.593 0.006
3295.81897 15.574 0.006
3297.81041 15.540 0.006
3305.78072 15.394 0.006
3307.80555 15.394 0.008
3309.84201 15.355 0.006
3321.74210 15.583 0.006
3327.85624 15.537 0.006
3333.83985 15.433 0.006
3336.68178 15.578 0.006
3340.83392 15.537 0.006
3353.76526 15.553 0.006
3357.79290 15.496 0.006
3360.77074 15.553 0.006
3363.84531 15.392 0.006
3370.80255 15.513 0.006
3376.75462 15.401 0.006
3378.77977 15.368 0.006
3387.77770 15.459 0.006
3394.66867 15.561 0.006
3396.68969 15.535 0.006
3399.82012 15.402 0.006
3402.72695 15.432 0.006
3404.65854 15.393 0.006
3409.57530 15.547 0.006
3413.57397 15.463 0.006
3413.61847 15.478 0.006
3418.57044 15.573 0.006
3426.56731 15.482 0.006
3432.54777 15.384 0.006
3439.52387 15.498 0.006
3447.54931 15.378 0.006
3457.52627 15.535 0.006
3603.88030 15.451 0.006
3620.91659 15.497 0.006
3630.82768 15.517 0.006
3637.77019 15.601 0.006
3640.82426 15.346 0.006
3651.85675 15.371 0.006
3655.77305 15.343 0.006
3658.86893 15.529 0.006
3660.86624 15.465 0.006
3664.87584 15.419 0.006
3668.85972 15.351 0.006
3672.84842 15.381 0.006
3676.73519 15.543 0.006
3685.80502 15.368 0.006
3688.73917 15.481 0.006
3690.81394 15.447 0.006
3693.71563 15.589 0.006
3696.75806 15.350 0.006
3699.77099 15.523 0.006
3701.82414 15.511 0.006
3703.82278 15.493 0.006
3706.69838 15.579 0.006
3711.73357 15.349 0.006
3713.82150 15.345 0.006
3715.79795 15.404 0.006
3718.76689 15.449 0.006
3722.66184 15.365 0.006
3726.74399 15.352 0.006
3728.80628 15.372 0.006
3730.77603 15.414 0.006
3732.85157 15.442 0.006
3734.84441 15.515 0.006
3735.69278 15.389 0.006
3737.85130 15.386 0.006
3740.78943 15.557 0.006
3741.62366 15.408 0.006
3743.78020 15.385 0.006
3748.80129 15.455 0.006
3750.81610 15.424 0.006
3753.68917 15.575 0.006
3755.77075 15.569 0.006
3757.79023 15.545 0.006
3760.76985 15.444 0.006
3763.72283 15.417 0.006
3766.73956 15.591 0.006
3770.76701 15.568 0.006
3774.64050 15.454 0.006
3777.59894 15.575 0.006
3781.76611 15.583 0.006
3786.61567 15.448 0.006
3793.56534 15.365 0.006
3801.55531 15.471 0.006
3812.51259 15.407 0.006
3829.48729 15.490 0.006
3965.89040 15.445 0.006
3970.91056 15.575 0.006
3982.86109 15.384 0.006
4002.87461 15.553 0.006
4004.89289 15.508 0.006
4006.80244 15.461 0.006
4008.82343 15.416 0.006
4013.83507 15.591 0.006
4019.83788 15.485 0.006
4027.73156 15.345 0.006
4029.84437 15.340 0.006
4039.71129 15.577 0.006
4041.78506 15.583 0.006
4049.75328 15.451 0.006
4052.81483 15.548 0.006
4054.80164 15.575 0.006
4056.86011 15.602 0.006
4060.72311 15.499 0.006
4065.75042 15.536 0.006
4066.82494 15.429 0.006
4068.85978 15.392 0.006
4070.78222 15.355 0.006
4074.82097 15.369 0.006
4078.73885 15.501 0.006
4080.74953 15.554 0.006
4083.73623 15.368 0.006
4085.79978 15.348 0.006
4095.66115 15.578 0.006
4106.62234 15.531 0.006
4112.79667 15.572 0.006
4121.79554 15.483 0.006
4126.77067 15.374 0.006
4129.80425 15.559 0.006
4143.58127 15.362 0.006
4157.58795 15.532 0.008
4169.53750 15.348 0.006
4199.50556 15.347 0.006
4343.89803 15.361 0.006
4348.87077 15.520 0.006
4353.89834 15.472 0.006
4358.85046 15.347 0.008
4363.86730 15.502 0.008
4367.85556 15.436 0.006
4371.80499 15.351 0.006
4378.74437 15.473 0.008
4381.77999 15.500 0.008
4387.72243 15.563 0.006
4390.85954 15.332 0.006
4400.71116 15.566 0.006
4408.73893 15.457 0.008
4412.82233 15.398 0.006
4427.77392 15.362 0.006
4430.77720 15.562 0.008
4433.79468 15.372 0.006
4437.72127 15.485 0.008
4440.74090 15.382 0.006
4443.85851 15.574 0.008
4449.80032 15.506 0.008
4451.83585 15.480 0.008
4455.80555 15.395 0.006
4458.78422 15.573 0.006
4462.77825 15.517 0.006
4464.82383 15.494 0.006
4467.79495 15.491 0.006
4472.71085 15.339 0.006
4476.79792 15.358 0.006
4480.74829 15.460 0.006
4484.82775 15.558 0.006
4488.74862 15.565 0.008
4492.76787 15.508 0.006
4497.77118 15.532 0.006
4500.64422 15.346 0.006
4502.75408 15.328 0.006
4507.75812 15.480 0.006
4509.70880 15.427 0.006
4512.75817 15.557 0.006
4518.70702 15.534 0.008
4521.74445 15.416 0.008
4524.64407 15.416 0.006
4530.67017 15.346 0.006
4534.63868 15.407 0.006
4538.65404 15.525 0.006
4542.56625 15.588 0.008
