 455.65681 15.917 0.006
 455.73560 15.890 0.006
 455.78318 15.887 0.006
 456.60327 15.974 0.006
 456.65299 15.979 0.007
 456.72373 15.990 0.006
 456.77119 15.972 0.006
 456.82263 15.978 0.006
 457.57097 15.893 0.006
 457.61491 15.898 0.006
 457.67355 15.903 0.006
 457.73213 15.908 0.006
 457.79079 15.933 0.006
 457.84950 15.949 0.007
 458.64736 15.864 0.006
 458.70600 15.860 0.007
 459.56457 15.986 0.007
 459.61074 15.982 0.006
 459.66931 15.959 0.006
 459.72876 15.953 0.006
 459.77259 15.941 0.006
 459.81638 15.919 0.006
 461.57546 15.854 0.006
 461.61926 15.866 0.006
 461.67791 15.880 0.006
 461.74405 15.889 0.006
 461.80607 15.913 0.007
 462.57599 15.936 0.006
 462.63463 15.904 0.006
 462.68061 15.875 0.006
 465.67947 15.855 0.006
 465.72716 15.862 0.007
 465.81193 15.879 0.006
 466.66319 15.936 0.006
 466.72970 15.920 0.006
 466.81471 15.884 0.006
 467.66684 15.965 0.006
 467.77145 15.991 0.006
 467.83740 15.983 0.007
 468.67353 15.895 0.006
 468.74371 15.913 0.006
 468.80230 15.919 0.006
 468.85346 15.934 0.006
 469.67440 15.864 0.007
 469.75252 15.846 0.006
 469.81143 15.836 0.006
 470.74917 15.957 0.007
 471.66024 15.957 0.007
 471.79702 15.963 0.007
 472.63483 15.850 0.006
 472.67869 15.861 0.006
 472.72248 15.876 0.006
 472.78843 15.871 0.007
 474.71439 15.980 0.007
 474.78084 16.000 0.007
 475.54878 15.898 0.007
 475.60757 15.910 0.006
 475.67371 15.917 0.007
 475.72584 15.925 0.007
 476.75984 15.857 0.007
 477.54552 15.986 0.007
 477.59684 15.979 0.006
 477.74430 15.937 0.006
 477.82517 15.906 0.007
 478.55167 15.933 0.006
 478.77206 15.967 0.006
 478.83103 15.979 0.006
 479.55050 15.863 0.006
 479.59442 15.866 0.006
 479.75732 15.896 0.006
 479.83203 15.920 0.007
 480.58657 15.907 0.006
 480.66774 15.901 0.007
 480.80542 15.852 0.006
 481.57175 15.981 0.006
 481.72012 15.984 0.007
 481.76410 15.979 0.007
 481.80806 15.959 0.006
 482.72099 15.944 0.006
 482.79889 15.964 0.006
 483.58726 15.867 0.006
 483.63171 15.863 0.006
 483.67556 15.866 0.006
 483.71957 15.872 0.006
 483.80737 15.885 0.006
 484.58593 15.962 0.006
 484.69460 15.920 0.006
 484.73898 15.894 0.006
 484.78297 15.894 0.006
 486.58608 15.875 0.006
 486.63159 15.894 0.006
 486.72814 15.933 0.006
 486.77334 15.931 0.006
 487.66132 15.869 0.006
 487.75324 15.848 0.006
 487.79742 15.849 0.006
 488.59854 15.984 0.006
 488.64250 15.967 0.006
 488.71136 15.956 0.007
 488.75537 15.947 0.006
 488.79942 15.927 0.007
 489.57428 15.930 0.006
 489.66326 15.938 0.006
 489.70718 15.956 0.006
 489.75109 15.965 0.006
 490.70472 15.880 0.006
 490.74881 15.884 0.006
 490.79283 15.901 0.006
 491.59203 15.942 0.006
 491.64385 15.917 0.007
 491.68798 15.894 0.006
 491.80138 15.858 0.006
 492.57620 15.976 0.007
 492.65053 15.988 0.007
 493.57924 15.890 0.006
 493.62373 15.908 0.006
 494.57396 15.853 0.006
 494.61788 15.857 0.006
 494.66210 15.849 0.006
 494.70643 15.853 0.006
 494.75141 15.861 0.006
 495.57676 15.981 0.007
 495.65042 15.954 0.007
 495.70387 15.952 0.007
 496.57215 15.962 0.007
 496.61692 15.954 0.007
 496.70586 15.969 0.007
 497.74532 15.920 0.007
 498.57121 15.898 0.006
 498.61526 15.878 0.006
 498.72901 15.859 0.006
 498.77294 15.836 0.006
 499.56617 15.983 0.006
 499.61186 15.981 0.006
 499.75217 15.979 0.007
 500.56456 15.922 0.007
 500.60889 15.922 0.007
 500.65379 15.928 0.007
 500.70493 15.954 0.007
 500.74938 15.953 0.007
 501.57307 15.848 0.006
 501.69182 15.856 0.007
 507.56152 15.933 0.006
 507.60669 15.949 0.007
 507.67851 15.972 0.007
 509.55737 15.925 0.006
 509.60444 15.911 0.006
 509.65676 15.898 0.006
 510.59899 15.988 0.007
 510.64456 15.979 0.007
 510.69215 15.981 0.007
 511.68444 15.943 0.007
 512.59111 15.846 0.006
 512.63945 15.874 0.007
 512.71375 15.865 0.006
 512.75926 15.858 0.006
 513.57140 15.964 0.006
 513.61699 15.948 0.006
 513.70867 15.924 0.006
 513.75589 15.922 0.006
 514.57965 15.952 0.006
 514.64871 15.972 0.006
 514.69907 15.980 0.006
 514.74593 15.979 0.006
 515.57380 15.867 0.006
 515.62855 15.873 0.006
 515.67679 15.884 0.006
 516.58011 15.900 0.007
 516.63432 15.871 0.007
 516.68124 15.850 0.006
 516.72779 15.846 0.006
 517.57810 15.972 0.006
 517.62793 15.976 0.007
 517.67792 15.980 0.007
 517.72410 15.978 0.007
 518.61547 15.946 0.007
 518.66070 15.939 0.007
 518.70977 15.949 0.007
 519.57608 15.847 0.006
 519.62269 15.859 0.006
 519.70512 15.873 0.006
 520.71685 15.894 0.007
 521.57236 15.985 0.007
 521.61751 15.998 0.007
 521.68026 15.989 0.007
 523.58151 15.867 0.006
 523.63406 15.866 0.006
 523.68393 15.848 0.007
 524.57387 15.981 0.007
 524.62390 15.968 0.007
 526.56104 15.906 0.007
 526.66302 15.881 0.007
 527.68619 15.870 0.007
 530.57632 15.866 0.007
 531.57374 15.956 0.007
 532.56323 15.977 0.007
 533.58045 15.875 0.007
 536.53337 15.927 0.006
 536.57861 15.929 0.006
 536.62904 15.957 0.007
 537.52800 15.854 0.006
 537.62816 15.875 0.006
 537.67503 15.872 0.007
 538.51594 15.955 0.007
 538.56774 15.933 0.006
 539.52458 15.966 0.007
 539.63572 15.983 0.006
 539.67980 15.970 0.006
 540.68585 15.936 0.006
 541.53499 15.876 0.006
 541.59202 15.855 0.006
 542.52407 15.981 0.006
 542.57598 15.969 0.006
 542.62344 15.979 0.006
 542.66758 15.966 0.007
 543.56228 15.947 0.006
 543.60637 15.961 0.006
 543.64343 15.966 0.007
 544.51508 15.859 0.006
 544.55939 15.892 0.007
 544.60366 15.859 0.006
 544.64888 15.872 0.007
 551.50481 15.871 0.006
 552.51313 15.896 0.007
 553.52157 15.983 0.007
 553.63230 15.972 0.008
 554.49833 15.922 0.007
 554.58379 15.954 0.008
 555.50464 15.862 0.007
 557.60522 15.979 0.008
 558.55199 15.911 0.008
 559.53581 15.866 0.007
 560.51386 15.969 0.008
 561.51390 15.954 0.008
 562.51546 15.857 0.007
 564.51658 16.010 0.008
 565.52241 15.922 0.007
 566.51641 15.838 0.007
 567.51746 15.957 0.007
 569.51256 15.880 0.007
 571.49836 15.979 0.007
 572.52760 15.936 0.007
 573.53146 15.869 0.007
 574.48983 15.958 0.007
 575.48847 15.977 0.007
 576.50355 15.895 0.007
 577.49744 15.874 0.007
 578.51049 15.972 0.007
 582.49315 15.986 0.008
 583.49589 15.909 0.007
 672.88128 15.859 0.007
 689.91176 15.909 0.007
 699.91517 15.979 0.007
 701.83210 15.893 0.007
 704.87459 15.864 0.007
 706.85603 15.987 0.008
 714.82346 15.921 0.007
 716.78807 15.974 0.007
 720.84441 16.006 0.007
 728.78325 15.949 0.007
 729.78325 15.866 0.007
 730.73880 15.937 0.007
 733.82979 15.880 0.007
 741.83304 15.914 0.007
 745.78786 15.974 0.007
 747.83628 15.881 0.007
 753.78424 15.985 0.007
 759.82469 15.902 0.007
 766.79887 15.900 0.007
 772.81794 15.902 0.007
 775.79967 15.958 0.007
 779.81833 15.925 0.007
 787.79474 15.860 0.007
 789.77874 15.963 0.007
 790.78923 15.910 0.007
 795.74683 15.910 0.007
 796.81875 15.986 0.007
 797.74650 15.909 0.007
 798.71847 15.847 0.007
 805.80339 15.871 0.007
 816.77442 15.846 0.007
 817.69362 15.973 0.007
 819.79332 15.921 0.008
 822.80751 15.954 0.007
 824.83679 15.881 0.007
 826.66026 15.889 0.007
 829.73087 15.965 0.007
 832.68710 15.972 0.007
 836.78592 15.978 0.007
 840.66528 15.927 0.007
 850.63932 15.988 0.007
 854.67008 15.955 0.007
 855.64406 15.861 0.007
 856.61037 15.898 0.007
 858.58295 15.917 0.007
 864.68611 15.980 0.007
 866.64505 15.874 0.007
 875.55825 16.004 0.007
 879.64479 15.970 0.007
 880.54388 15.870 0.007
 887.55715 15.911 0.007
 892.64071 15.900 0.007
 895.53160 15.850 0.007
 898.53843 15.894 0.007
 922.60579 15.996 0.007
 931.55367 15.865 0.007
 947.50307 16.005 0.008
 951.55304 15.981 0.007
1045.89143 15.954 0.007
1052.90691 15.910 0.007
1053.88709 15.988 0.007
1055.87528 15.858 0.007
1059.88805 15.878 0.007
1061.89779 15.936 0.007
1076.86718 15.879 0.007
1081.87030 15.922 0.007
1087.81737 15.874 0.007
1091.81988 15.849 0.007
1102.80232 15.853 0.006
1106.85735 15.885 0.007
1107.78511 15.981 0.007
1113.79790 15.889 0.007
1119.80263 15.891 0.007
1131.69646 15.902 0.007
1132.74843 15.989 0.007
1136.78171 15.986 0.007
1138.80587 15.846 0.007
1142.67289 15.934 0.007
1144.74183 15.923 0.007
1158.76449 15.959 0.007
1161.74242 15.989 0.007
1165.76314 15.978 0.007
1169.75805 15.969 0.007
1174.73187 15.859 0.007
1179.74869 16.000 0.007
1187.83644 15.963 0.007
1196.71515 15.914 0.007
1207.60081 15.958 0.007
1211.63856 15.970 0.007
1214.63942 15.910 0.007
1217.61430 15.849 0.007
1220.61913 15.880 0.007
1223.64536 15.940 0.007
1225.58628 15.945 0.007
1227.66682 15.901 0.007
1234.61095 15.924 0.007
1236.61844 15.962 0.007
1240.57091 15.976 0.007
1242.67260 15.876 0.007
1244.62224 15.968 0.007
1247.55277 16.008 0.008
1252.66867 15.956 0.008
1256.53752 15.877 0.007
1260.56303 15.857 0.007
1265.53798 15.973 0.007
1273.58388 15.976 0.008
1277.52015 15.936 0.007
1281.57917 15.916 0.007
1288.51843 15.931 0.008
1290.58581 15.943 0.007
1296.52319 15.871 0.007
1301.50283 15.974 0.007
1305.54861 15.985 0.007
1308.47812 15.963 0.007
1313.52461 15.944 0.007
1316.51649 15.998 0.006
1319.49273 15.967 0.007
1329.51710 15.863 0.008
1332.49234 15.858 0.008
1340.46424 15.895 0.008
1412.85105 15.922 0.007
1418.84829 15.991 0.007
1430.90276 15.931 0.007
1432.83663 15.976 0.008
1435.81266 15.920 0.008
1437.79654 15.926 0.007
1440.84422 15.985 0.008
1446.85630 15.926 0.008
1447.88181 16.001 0.008
1451.77695 15.954 0.007
1455.84489 15.952 0.008
1459.78355 15.892 0.007
1462.78782 15.960 0.007
1470.84820 15.884 0.007
1475.76080 15.950 0.007
1481.68987 15.863 0.007
1487.71924 15.954 0.007
1490.71609 15.989 0.007
1492.70918 15.856 0.007
1495.70769 15.889 0.007
1499.66548 15.862 0.007
1502.66070 15.899 0.007
1505.70131 15.949 0.007
1507.83477 15.869 0.007
1510.81077 15.868 0.007
1512.70748 15.980 0.007
1514.81861 15.876 0.007
1517.65406 15.858 0.007
1519.72773 15.984 0.007
1521.66346 15.872 0.007
1523.78422 15.972 0.007
1525.77857 15.876 0.007
1527.70752 15.941 0.007
1528.75386 15.862 0.007
1529.77500 15.915 0.007
1531.76809 15.914 0.007
1538.72465 15.915 0.007
1541.68075 15.969 0.007
1542.71063 15.887 0.007
1544.63659 15.995 0.007
1547.76355 15.901 0.007
1548.74114 15.971 0.007
1549.73540 15.908 0.007
1552.60015 15.934 0.007
1554.72662 15.919 0.007
1555.73334 15.986 0.007
1562.73629 15.992 0.007
1564.61486 15.856 0.007
1567.70750 15.922 0.007
1570.61281 15.930 0.007
1574.77002 15.937 0.007
1577.72173 15.983 0.007
1580.75577 15.958 0.007
1583.64112 15.933 0.007
1585.72777 15.934 0.007
1588.73547 15.973 0.007
1591.70836 15.976 0.009
1593.58496 15.857 0.007
1595.72347 15.993 0.008
1599.62527 15.918 0.007
1601.70133 15.910 0.007
1604.58282 15.876 0.007
1606.61775 15.966 0.007
1609.65909 15.972 0.007
1610.64418 15.933 0.007
1613.53524 15.959 0.007
1615.56717 15.909 0.007
1617.63854 15.952 0.007
1619.62221 15.919 0.007
1620.57338 15.993 0.007
1622.52353 15.873 0.007
1624.52011 15.939 0.007
1626.52094 15.933 0.007
1627.64205 15.979 0.007
1629.52106 15.859 0.007
1630.60249 15.951 0.007
1632.53903 15.890 0.007
1634.51673 15.979 0.007
1646.50761 15.930 0.008
1650.56358 15.909 0.008
1654.54609 15.861 0.007
1656.53227 15.982 0.007
1659.53975 15.979 0.007
1664.52538 15.913 0.007
1667.53058 15.980 0.007
1670.55234 15.977 0.007
1672.54130 15.858 0.007
1681.49272 15.997 0.009
1691.54062 15.913 0.007
1694.49719 15.855 0.007
1771.91105 15.862 0.008
1772.89088 15.978 0.007
1775.89198 15.906 0.007
1784.87657 15.947 0.007
1789.86526 15.873 0.007
1804.81486 15.945 0.007
1808.89545 15.970 0.007
1812.81000 15.991 0.007
1816.82133 15.978 0.007
1821.81191 15.863 0.007
1823.85403 15.988 0.007
1826.83710 15.977 0.007
1830.82412 15.992 0.007
1834.86308 15.989 0.007
1845.86050 15.976 0.007
1859.80022 15.979 0.007
1861.59228 15.926 0.009
1861.81744 15.859 0.007
1864.79485 15.875 0.007
1865.77504 15.899 0.007
1868.81441 15.857 0.007
1870.74772 15.984 0.007
1871.83168 15.914 0.007
1873.79127 15.979 0.007
2167.86446 15.960 0.008
2190.82369 15.854 0.007
2192.86690 15.960 0.008
2193.78846 15.863 0.009
2201.85453 15.851 0.007
2202.78795 15.979 0.008
2214.83563 15.946 0.008
2221.77762 15.952 0.008
2224.79006 15.975 0.008
2227.70093 15.969 0.008
2229.70640 15.869 0.008
2231.67480 15.991 0.008
2233.64310 15.862 0.007
2236.65544 15.880 0.008
2239.62349 15.930 0.009
2241.71043 15.905 0.008
2243.76412 15.928 0.008
2247.84603 15.911 0.007
2248.84868 15.860 0.007
2250.77870 15.942 0.007
2252.69570 15.936 0.007
2254.68697 15.879 0.007
2257.69518 15.954 0.007
2260.70066 15.944 0.007
2260.70395 15.991 0.007
2264.70623 15.966 0.007
2266.69201 15.880 0.007
2270.73280 15.911 0.007
2271.83993 15.997 0.007
2274.73272 15.956 0.007
2276.79830 15.898 0.008
2278.66255 15.972 0.008
2280.74090 15.860 0.007
2282.73680 15.976 0.007
2289.80028 16.001 0.007
2292.81670 15.923 0.008
2294.78481 15.915 0.009
2296.80551 15.977 0.009
2298.79913 15.870 0.008
2300.77677 15.987 0.008
2302.74988 15.872 0.008
2304.78832 15.986 0.010
2324.53319 15.964 0.009
2328.52009 15.985 0.009
2334.51340 15.872 0.008
2364.50284 15.986 0.010
2385.52029 15.916 0.009
2529.86450 15.920 0.008
2539.86806 15.982 0.009
2545.83192 15.918 0.008
2552.89019 15.855 0.008
2556.87890 15.909 0.007
2560.78812 15.976 0.008
2561.78963 15.958 0.008
2565.79636 15.910 0.008
2574.74640 15.958 0.008
2578.81476 15.986 0.008
2583.86940 15.921 0.009
2590.78486 15.946 0.008
2596.79160 15.959 0.008
2605.83138 15.898 0.009
2609.79644 15.883 0.008
2614.77383 15.975 0.009
2618.80429 15.997 0.008
2621.72962 15.973 0.008
2624.64914 15.903 0.008
2627.75843 15.866 0.008
2629.77936 15.985 0.009
2632.67919 15.981 0.008
2635.77980 15.883 0.008
2638.69760 15.847 0.008
2640.79429 15.991 0.010
2642.75235 15.863 0.008
2644.75134 15.958 0.008
2646.71121 15.919 0.008
2650.76230 15.978 0.008
2654.78589 15.999 0.009
2656.69138 15.866 0.008
2658.65378 15.962 0.008
2660.67297 15.895 0.008
2662.68755 15.951 0.008
2664.66254 15.944 0.008
2666.72807 15.912 0.007
2668.71895 15.962 0.008
2674.71854 15.868 0.008
2676.70356 15.961 0.009
2678.78007 15.839 0.010
2682.71193 15.907 0.008
2687.60034 15.955 0.008
2696.59026 15.887 0.008
2701.58192 15.992 0.009
2708.51158 15.989 0.010
2715.50720 16.002 0.010
2870.92550 15.874 0.008
2890.86000 15.966 0.009
2895.89589 15.861 0.007
2900.86012 15.985 0.008
2911.84555 15.977 0.008
2917.75951 15.895 0.008
2922.88168 15.993 0.009
2926.81462 15.972 0.008
2931.74287 15.863 0.007
2934.78364 15.898 0.007
2943.76839 15.970 0.008
2947.77702 15.982 0.008
2949.86686 15.861 0.008
2950.69083 15.982 0.008
2954.71418 15.993 0.008
2956.75946 15.861 0.009
2958.80117 15.974 0.008
2962.79829 15.956 0.007
2965.82136 15.980 0.007
2968.68904 15.963 0.008
2973.76251 15.957 0.007
2978.83003 15.848 0.007
2980.74503 15.954 0.008
2982.75308 15.896 0.007
2984.78467 15.939 0.008
2987.66604 15.971 0.008
2989.62271 15.901 0.007
2991.68813 15.937 0.008
2993.70847 15.928 0.008
2995.78330 15.942 0.008
2997.75392 15.960 0.008
2999.65357 15.866 0.008
3000.70249 15.901 0.007
3002.69078 15.931 0.007
3004.69165 15.947 0.007
3006.63513 15.889 0.007
3008.79004 15.970 0.008
3010.70961 15.866 0.008
3011.76457 15.892 0.008
3015.78214 15.936 0.009
3017.76983 15.909 0.008
3019.72354 15.998 0.008
3021.81653 15.890 0.007
3023.67861 15.980 0.007
3025.65003 15.873 0.007
3027.69559 15.972 0.007
3029.68054 15.916 0.007
3033.81415 15.932 0.007
3036.61264 15.903 0.007
3039.55454 15.860 0.008
3041.66255 15.994 0.010
3043.67327 15.875 0.009
3045.73615 15.963 0.008
3047.68978 15.906 0.008
3048.62100 15.993 0.007
3050.63801 15.863 0.007
3052.63942 15.961 0.008
3054.64387 15.895 0.007
3056.63202 15.940 0.007
3058.62594 15.947 0.008
3060.67560 15.916 0.008
3066.52187 15.983 0.009
3068.56143 15.861 0.008
3070.63368 15.975 0.009
3073.65353 15.983 0.009
3076.57737 15.975 0.009
3078.66414 15.913 0.008
3082.64117 15.890 0.007
3085.54361 15.916 0.008
3088.50659 15.958 0.008
3090.64831 15.884 0.007
3093.53086 15.867 0.009
3098.64020 15.976 0.008
3102.61091 15.998 0.008
3105.61664 15.952 0.009
3108.59459 15.884 0.007
3111.54296 15.869 0.008
3129.48526 15.868 0.009
3134.50612 15.988 0.008
3242.83473 15.853 0.007
3248.88753 15.973 0.008
3274.78725 15.884 0.008
3278.84220 15.862 0.007
3282.81838 15.874 0.007
3287.79177 15.964 0.007
3291.72814 15.964 0.007
3295.74942 15.929 0.007
3297.74149 15.968 0.007
3299.80563 15.902 0.007
3301.80298 15.982 0.008
3304.86742 15.885 0.007
3309.76903 15.959 0.007
3311.76698 15.882 0.007
3320.81461 15.968 0.007
3327.78252 15.969 0.008
3330.74088 15.975 0.008
3334.84036 15.977 0.009
3339.78820 15.877 0.007
3353.83450 15.932 0.008
3357.62479 15.862 0.007
3360.66363 15.915 0.007
3363.77189 15.990 0.008
3369.84919 15.860 0.007
3375.78551 15.895 0.007
3378.71103 15.938 0.007
3387.70410 15.910 0.008
3394.59414 15.914 0.008
3396.64501 15.922 0.007
3399.74762 15.994 0.008
3403.73498 15.947 0.007
3408.61941 15.864 0.007
3412.65350 15.904 0.008
3417.59151 15.968 0.007
3425.59966 15.905 0.009
3431.58766 15.987 0.007
3437.56317 15.890 0.007
3446.53227 15.955 0.008
3456.49380 15.985 0.010
3474.48037 15.998 0.008
3596.93354 15.872 0.008
3603.92049 15.882 0.007
3619.86442 15.938 0.007
3633.84209 15.873 0.007
3639.80857 15.892 0.007
3644.84463 15.897 0.007
3644.84810 15.882 0.007
3651.78707 15.888 0.007
3654.83482 15.866 0.007
3654.83832 15.838 0.007
3658.79846 15.873 0.007
3660.82325 15.932 0.008
3660.82671 15.955 0.008
3665.81723 15.840 0.007
3670.78698 15.980 0.007
3670.79042 15.995 0.008
3673.79706 15.943 0.007
3676.78898 15.870 0.007
3684.85115 15.948 0.007
3687.82351 15.882 0.007
3690.74344 15.834 0.007
3693.77743 15.905 0.007
3695.81017 15.968 0.007
3698.80187 15.879 0.007
3698.80528 15.876 0.007
3700.82046 15.944 0.008
3703.75453 15.957 0.007
3705.81875 15.859 0.007
3708.80654 15.859 0.007
3712.76406 15.854 0.007
3714.83483 15.967 0.007
3717.72721 15.983 0.008
3720.81529 15.924 0.007
3724.73296 15.974 0.007
3727.80477 15.886 0.007
3731.77384 15.951 0.007
3732.75050 15.945 0.007
3735.61332 15.971 0.007
3737.78320 15.866 0.007
3740.74512 15.888 0.007
3742.75245 15.990 0.009
3745.78840 15.905 0.007
3747.79101 15.922 0.012
3748.75819 15.856 0.007
3750.76840 15.969 0.007
3752.77845 15.871 0.007
3754.79623 15.948 0.007
3757.57718 15.944 0.007
3757.58065 15.943 0.008
3759.78228 15.854 0.007
3763.65423 15.932 0.007
3766.61061 15.859 0.007
3770.69713 15.880 0.007
3773.72992 15.853 0.007
3776.70160 15.887 0.010
3779.65490 15.949 0.008
3783.57152 15.883 0.007
3788.54424 15.928 0.007
3792.58171 15.966 0.009
3800.56359 15.970 0.007
3810.52162 15.990 0.008
3824.49179 15.950 0.008
3950.91543 15.905 0.007
3964.91420 15.941 0.007
3970.83907 15.981 0.007
3981.90763 15.948 0.007
3981.91111 15.990 0.008
3990.89639 15.881 0.007
3998.90017 15.853 0.007
4003.71387 15.961 0.007
4005.88958 15.862 0.007
4006.73519 15.985 0.007
4008.75595 15.849 0.007
4008.75938 15.844 0.007
4013.75649 15.962 0.007
4018.88906 15.978 0.009
4024.75305 15.956 0.007
4024.75646 15.976 0.007
4026.83068 15.883 0.007
4029.77527 15.893 0.007
4029.77869 15.931 0.007
4032.80611 15.953 0.008
4032.80953 15.995 0.008
4038.75786 15.900 0.007
4038.76126 15.929 0.007
4041.71783 15.876 0.007
4043.72277 15.932 0.007
4046.81615 15.977 0.007
4049.68530 15.960 0.007
4052.74664 15.865 0.008
4052.75003 15.859 0.007
4054.73358 15.923 0.009
4054.73699 15.945 0.008
4056.79260 15.920 0.007
4058.83974 15.952 0.007
4063.72257 15.884 0.007
4063.72598 15.898 0.007
4065.84572 15.948 0.009
4067.68762 15.953 0.007
4067.69102 15.953 0.007
4070.70988 15.849 0.007
4070.71325 15.873 0.007
4074.77859 15.909 0.007
4077.82739 15.854 0.007
4080.70396 15.860 0.007
4080.70734 15.857 0.007
4084.63226 15.833 0.007
4084.63566 15.868 0.007
4086.78800 15.990 0.007
4093.82938 15.981 0.007
4105.84759 15.928 0.007
4111.76670 15.986 0.007
4117.70712 15.844 0.007
4117.71051 15.871 0.007
4121.68505 15.952 0.008
4124.76734 15.851 0.007
4132.72324 15.928 0.007
4142.74838 15.874 0.010
4156.58004 15.848 0.008
4168.54051 15.956 0.008
4168.54399 15.977 0.008
4198.49465 15.927 0.009
4343.83063 15.957 0.008
4347.89773 15.948 0.008
4353.83090 15.951 0.008
4358.78231 15.911 0.009
4363.82481 15.873 0.009
4367.78460 15.920 0.008
4370.82140 15.847 0.008
4373.82083 15.873 0.007
4377.83983 15.858 0.008
4377.84327 15.834 0.008
4380.88450 15.880 0.011
4380.88794 15.902 0.008
4386.83036 15.976 0.009
4386.83380 15.984 0.009
4390.79236 15.948 0.008
4390.79580 15.964 0.008
4394.80995 15.917 0.007
4394.81339 15.909 0.008
4399.76655 15.848 0.009
4407.72950 15.956 0.008
4412.75311 15.939 0.009
4412.75651 15.942 0.009
4418.83862 15.934 0.007
4418.84202 15.974 0.008
4422.73073 15.980 0.008
4427.70638 15.857 0.008
4427.70978 15.840 0.008
4430.70967 15.913 0.008
4430.71310 15.919 0.009
4433.72732 15.962 0.008
4436.80870 15.938 0.008
4436.81208 15.971 0.009
4440.66957 15.987 0.008
4443.76203 15.934 0.009
4449.72466 15.840 0.007
4449.72804 15.847 0.007
4452.74355 15.888 0.008
4452.74693 15.906 0.008
4455.73371 15.939 0.008
4455.73711 15.980 0.009
4457.76391 15.873 0.008
4457.76732 15.881 0.009
4459.72859 15.898 0.008
4459.73199 15.933 0.008
4462.70642 15.944 0.008
4462.70980 15.982 0.008
4464.77673 15.834 0.008
4464.78014 15.858 0.008
4467.75250 15.845 0.007
4467.75588 15.878 0.007
4471.81041 15.863 0.008
4471.81380 15.803 0.008
4472.63978 15.977 0.007
4476.69333 15.972 0.007
4480.79680 15.977 0.007
4480.80021 15.988 0.008
4483.78510 15.958 0.008
4486.81138 15.873 0.009
4492.66913 15.863 0.008
4492.67256 15.873 0.008
4497.73097 15.916 0.007
4500.57264 15.902 0.009
4502.71383 15.942 0.009
4502.71711 15.965 0.009
4507.71669 15.824 0.008
4507.72000 15.857 0.008
4509.66840 15.918 0.009
4509.67169 15.959 0.008
4517.69602 15.930 0.009
4521.66487 15.841 0.008
4521.66832 15.865 0.008
4523.64989 15.969 0.008
4523.65334 15.987 0.008
4525.61455 15.856 0.008
4531.59400 15.926 0.007
4533.59291 15.943 0.008
4533.59637 15.935 0.008
4537.64300 15.945 0.008
4537.64645 15.974 0.008
4539.56211 15.865 0.008
4539.56558 15.849 0.008
4541.64428 15.967 0.008
4541.64776 15.995 0.008
