2167.85309 17.678 0.023
2173.86044 17.618 0.017
2192.83171 17.514 0.017
2214.79898 17.749 0.023
2224.75575 17.555 0.017
2229.67178 17.536 0.017
2230.81566 17.569 0.018
2232.83036 17.787 0.026
2232.83548 17.724 0.023
2234.83018 17.475 0.014
2239.60975 17.704 0.026
2241.67601 17.495 0.020
2243.72986 17.597 0.021
2248.81028 17.596 0.016
2250.85615 17.688 0.020
2252.66148 17.737 0.019
2254.65240 17.492 0.017
2257.65630 17.579 0.016
2264.76550 17.515 0.015
2266.65396 17.552 0.019
2270.65493 17.640 0.019
2271.80086 17.679 0.016
2273.75074 17.476 0.018
2275.83779 17.726 0.023
2277.65946 17.687 0.017
2279.83178 17.782 0.019
2281.81864 17.546 0.016
2283.85285 17.443 0.014
2288.75897 17.605 0.017
2290.79734 17.487 0.017
2292.77389 17.698 0.025
2294.74895 17.542 0.026
2296.75933 17.753 0.029
2298.77876 17.565 0.021
2300.73173 17.739 0.021
2302.70960 17.443 0.018
2304.75396 17.666 0.028
2321.68322 17.700 0.022
2327.56980 17.439 0.019
2333.57904 17.761 0.027
2339.55549 17.476 0.018
2357.52678 17.676 0.033
2395.52785 17.459 0.022
2529.82424 17.695 0.021
2542.89757 17.465 0.018
2552.84981 17.666 0.023
2556.84132 17.693 0.018
2564.85781 17.795 0.022
2573.85600 17.689 0.021
2578.78036 17.491 0.018
2583.83476 17.560 0.022
2590.73926 17.560 0.019
2596.75198 17.426 0.018
2605.75497 17.634 0.017
2609.75117 17.474 0.018
2614.71355 17.722 0.022
2618.73783 17.719 0.021
2621.65580 17.635 0.016
2623.82903 17.467 0.017
2627.69517 17.723 0.027
2629.71818 17.492 0.023
2634.77004 17.508 0.017
2635.69198 17.753 0.017
2638.66312 17.575 0.017
2639.66321 17.748 0.017
2641.72818 17.652 0.018
2643.73689 17.387 0.016
2645.72719 17.657 0.018
2650.84387 17.755 0.018
2652.75238 17.629 0.020
2654.68262 17.568 0.021
2656.65618 17.769 0.023
2658.61860 17.547 0.023
2660.63607 17.694 0.021
2662.61887 17.515 0.017
2664.62647 17.564 0.018
2666.68991 17.716 0.016
2668.67736 17.528 0.018
2670.63952 17.677 0.023
2672.74881 17.453 0.017
2674.65133 17.732 0.020
2676.63380 17.473 0.017
2678.72148 17.548 0.019
2680.63214 17.445 0.015
2682.68046 17.706 0.024
2687.55655 17.559 0.026
2691.62693 17.698 0.027
2696.54971 17.491 0.020
2701.53185 17.420 0.018
2707.52932 17.736 0.025
2714.52824 17.489 0.023
2840.91746 17.765 0.025
2867.93009 17.667 0.023
2894.85885 17.491 0.017
2899.86041 17.453 0.016
2905.84939 17.704 0.024
2911.80871 17.569 0.017
2916.85892 17.452 0.015
2922.84271 17.717 0.024
2926.77014 17.651 0.018
2930.84387 17.690 0.019
2934.74562 17.622 0.017
2940.72594 17.530 0.016
2942.85199 17.623 0.017
2947.73968 17.633 0.019
2949.82984 17.477 0.017
2953.69656 17.463 0.018
2956.72235 17.563 0.017
2958.74860 17.700 0.023
2962.76053 17.507 0.017
2965.77990 17.554 0.016
2968.72344 17.664 0.017
2973.86352 17.717 0.024
2975.85266 17.503 0.017
2976.84793 17.485 0.018
2979.85414 17.521 0.019
2982.69964 17.461 0.018
2984.74720 17.549 0.018
2986.82981 17.730 0.024
2988.80021 17.564 0.017
2989.81757 17.708 0.019
2991.65067 17.579 0.017
2993.63812 17.673 0.017
2995.73892 17.538 0.016
2997.71675 17.672 0.018
2999.73974 17.571 0.017
3001.77555 17.517 0.017
3003.74628 17.627 0.017
3005.65150 17.715 0.023
3007.68458 17.583 0.018
3009.75090 17.527 0.017
3011.72660 17.733 0.026
3013.73104 17.421 0.016
3017.73252 17.453 0.017
3019.66049 17.677 0.019
3021.77928 17.586 0.017
3023.64106 17.664 0.016
3024.84216 17.647 0.018
3026.83889 17.546 0.013
3029.64324 17.521 0.016
3031.71319 17.553 0.017
3033.77677 17.701 0.017
3035.78376 17.496 0.015
3038.76124 17.560 0.021
3040.73191 17.731 0.028
3042.67585 17.522 0.018
3044.60979 17.717 0.022
3045.69878 17.697 0.022
3047.65243 17.489 0.017
3049.65816 17.670 0.015
3051.62637 17.428 0.017
3055.61989 17.489 0.017
3057.64532 17.723 0.018
3059.58919 17.550 0.015
3061.58223 17.717 0.023
3068.52361 17.734 0.024
3070.57929 17.601 0.027
3073.58163 17.773 0.026
3075.69299 17.731 0.023
3078.62501 17.721 0.020
3082.60252 17.716 0.017
3084.67959 17.597 0.017
3087.64230 17.736 0.024
3090.60570 17.667 0.021
3099.59371 17.721 0.027
3102.57299 17.425 0.018
3105.60528 17.612 0.020
3108.58320 17.715 0.019
3112.56055 17.738 0.020
3116.54191 17.700 0.022
3127.50931 17.577 0.017
3140.49859 17.566 0.022
3223.89817 17.748 0.026
3241.88429 17.713 0.021
3248.84768 17.724 0.026
3257.87554 17.678 0.017
3270.86452 17.677 0.017
3277.84847 17.549 0.018
3281.89222 17.546 0.015
3287.75326 17.690 0.016
3295.70549 17.701 0.014
3297.70406 17.529 0.013
3301.76601 17.573 0.021
3304.82625 17.669 0.019
3307.69676 17.753 0.027
3309.73209 17.570 0.017
3311.73001 17.618 0.017
3320.77273 17.476 0.014
3323.70759 17.384 0.016
3327.74436 17.512 0.016
3330.70314 17.620 0.020
3334.80242 17.743 0.023
3338.84885 17.524 0.017
3350.68242 17.770 0.016
3354.73003 17.491 0.016
3358.81038 17.536 0.014
3361.84255 17.741 0.017
3365.74495 17.641 0.019
3372.76130 17.661 0.016
3378.67399 17.516 0.015
3387.66060 17.453 0.021
3391.74175 17.547 0.017
3394.75332 17.743 0.023
3396.63332 17.685 0.021
3399.71055 17.641 0.019
3403.69786 17.628 0.020
3408.60727 17.436 0.016
3417.57984 17.745 0.019
3425.58812 17.405 0.019
3431.57031 17.721 0.017
3437.55161 17.543 0.017
3445.55699 17.531 0.017
3455.51378 17.713 0.027
3460.50534 17.724 0.018
3477.50008 17.766 0.024
3601.87741 17.639 0.019
3618.91141 17.520 0.015
3629.89261 17.690 0.018
3634.85914 17.535 0.015
3639.85253 17.448 0.012
3644.80726 17.628 0.015
3654.79769 17.662 0.017
3657.87758 17.435 0.015
3660.81202 17.477 0.020
3664.84708 17.551 0.015
3668.80500 17.572 0.019
3672.79320 17.513 0.017
3684.78105 17.658 0.015
3687.78665 17.805 0.018
3690.70652 17.730 0.023
3693.74045 17.437 0.016
3695.76201 17.655 0.017
3698.75484 17.503 0.017
3700.78358 17.812 0.020
3703.71482 17.770 0.017
3705.78198 17.707 0.016
3708.73659 17.732 0.023
3712.72711 17.683 0.017
3714.73381 17.569 0.015
3717.65984 17.637 0.017
3719.82708 17.636 0.024
3725.82097 17.479 0.021
3727.79343 17.661 0.017
3730.68879 17.652 0.015
3732.71357 17.514 0.013
3734.81156 17.668 0.017
3736.82785 17.642 0.017
3737.71619 17.620 0.015
3739.81532 17.669 0.016
3745.77688 17.551 0.017
3747.77956 17.774 0.026
3749.67125 17.507 0.020
3750.75627 17.582 0.018
3752.76694 17.753 0.023
3754.78469 17.435 0.015
3756.60822 17.527 0.016
3758.78109 17.527 0.024
3761.79352 17.737 0.017
3764.74801 17.763 0.017
3767.60781 17.731 0.017
3770.62550 17.611 0.015
3773.62833 17.625 0.018
3776.62774 17.701 0.019
3779.61737 17.494 0.021
3782.66808 17.610 0.017
3787.59309 17.590 0.017
3792.54488 17.755 0.020
3800.52228 17.687 0.020
3809.53415 17.786 0.026
3822.51997 17.794 0.022
3946.91649 17.409 0.017
3964.87306 17.710 0.015
3969.89717 17.712 0.017
3981.87187 17.720 0.022
3989.89886 17.656 0.018
4001.87551 17.522 0.014
4005.85316 17.533 0.015
4007.85735 17.716 0.017
4011.85759 17.740 0.019
4018.84913 17.530 0.015
4023.88127 17.584 0.019
4026.78975 17.548 0.013
4029.73875 17.499 0.018
4031.81132 17.479 0.014
4038.72036 17.509 0.015
4041.68158 17.600 0.019
4043.68587 17.789 0.026
4046.77801 17.587 0.025
4048.86749 17.502 0.023
4052.71043 17.695 0.015
4054.69735 17.542 0.018
4056.75441 17.638 0.018
4058.78757 17.741 0.015
4063.68632 17.451 0.014
4066.74358 17.750 0.017
4068.83110 17.597 0.016
4070.67346 17.657 0.017
4073.83291 17.565 0.019
4076.80105 17.692 0.022
4079.76339 17.691 0.019
4083.68016 17.657 0.022
4085.74570 17.560 0.018
4092.86412 17.543 0.019
4102.84069 17.717 0.022
4105.69960 17.621 0.018
4109.77278 17.749 0.017
4113.72850 17.723 0.014
4120.75894 17.567 0.015
4122.71535 17.733 0.015
4125.76661 17.538 0.017
4131.61995 17.458 0.014
4142.65669 17.767 0.026
4156.54336 17.470 0.017
4166.58468 17.455 0.020
4196.53420 17.731 0.027
4341.91000 17.547 0.021
4347.85989 17.776 0.020
4362.83033 17.585 0.021
4365.83841 17.668 0.028
4369.82003 17.649 0.024
4371.86633 17.471 0.016
4377.80211 17.754 0.022
4380.81864 17.665 0.021
4386.79430 17.592 0.018
4390.75621 17.601 0.018
4393.87027 17.597 0.018
4399.73032 17.555 0.028
4404.72837 17.399 0.019
4412.86898 17.751 0.031
4418.80117 17.395 0.014
4424.81765 17.800 0.023
4426.74552 17.560 0.023
4429.85151 17.809 0.033
4432.73236 17.736 0.018
4436.77173 17.693 0.021
4439.83731 17.577 0.023
4443.70357 17.600 0.024
4449.68831 17.733 0.017
4451.69786 17.510 0.019
4454.71434 17.606 0.017
4455.69663 17.458 0.019
4458.75505 17.758 0.021
4461.67194 17.751 0.021
4465.75508 17.518 0.017
4468.72363 17.459 0.013
4473.69645 17.478 0.016
4477.75463 17.564 0.023
4481.69225 17.557 0.016
4485.74027 17.523 0.021
4489.72374 17.558 0.026
4493.71597 17.626 0.024
4498.68950 17.578 0.019
4501.68689 17.650 0.019
4506.62084 17.436 0.018
4508.63805 17.710 0.019
4510.71191 17.654 0.018
4521.62197 17.763 0.024
4523.63783 17.488 0.017
4525.55724 17.689 0.018
4531.57930 17.563 0.017
4533.58168 17.761 0.019
4537.63171 17.476 0.017
4539.55070 17.466 0.019
4541.60295 17.549 0.023
