 726.84419 17.106 0.015
 729.73959 17.100 0.018
 741.79219 17.107 0.018
 744.78694 17.094 0.018
 745.87153 17.087 0.020
 746.80770 17.155 0.020
 747.75185 17.059 0.017
 748.70941 17.009 0.017
 749.84350 17.123 0.020
 750.82018 17.013 0.017
 751.81790 17.124 0.020
 753.82546 17.069 0.018
 754.76838 17.142 0.023
 759.67761 17.031 0.017
 761.81251 16.939 0.018
 761.82763 16.970 0.015
 769.80092 17.048 0.018
 776.78898 17.114 0.018
 778.81810 17.017 0.018
 780.79783 17.015 0.015
 782.77738 17.146 0.018
 789.80974 17.038 0.018
 792.71624 17.000 0.020
 795.80166 17.101 0.017
 796.75579 17.108 0.020
 798.82046 17.138 0.021
 817.72458 17.048 0.017
 824.74290 17.096 0.018
 826.70757 17.125 0.018
 827.70797 17.108 0.017
 828.69790 16.966 0.015
 830.77337 17.016 0.018
 831.56411 16.932 0.018
 832.54688 17.107 0.023
 833.56626 17.107 0.017
 834.67228 17.046 0.017
 834.80449 17.114 0.023
 835.66331 17.132 0.017
 837.68343 17.078 0.014
 838.73155 17.142 0.021
 839.68190 17.012 0.017
 841.72489 17.061 0.017
 842.76104 17.074 0.018
 843.79821 17.145 0.017
 844.54078 17.144 0.021
 846.78802 17.137 0.017
 850.77861 17.000 0.017
 855.67594 17.114 0.033
 856.74893 17.095 0.020
 857.74667 17.117 0.021
 858.73323 16.969 0.017
 859.77644 17.146 0.020
 860.62253 17.135 0.018
 866.60378 17.102 0.020
 874.58716 17.166 0.018
 876.62199 17.107 0.017
 876.72414 17.131 0.015
 878.62926 17.020 0.017
 880.64572 17.116 0.018
 885.55741 17.161 0.032
 887.69026 17.151 0.021
 890.71377 17.142 0.027
 891.54537 17.116 0.018
 892.51350 16.926 0.015
 893.67960 17.145 0.024
 896.52924 17.148 0.018
 900.58294 16.984 0.017
 909.60235 17.069 0.032
 919.58400 17.063 0.021
 925.59192 16.983 0.020
 931.59470 17.062 0.029
 934.54347 17.099 0.024
 937.56043 17.107 0.026
 950.53717 16.996 0.017
 952.52794 17.090 0.018
 953.50858 17.023 0.020
 963.49090 17.167 0.029
1074.84096 17.086 0.020
1076.82267 16.967 0.017
1080.78122 17.107 0.018
1083.84444 17.151 0.017
1084.84048 17.032 0.015
1086.86530 17.142 0.018
1090.74579 17.015 0.021
1092.76273 17.138 0.021
1093.80468 17.029 0.017
1106.78877 17.117 0.015
1108.80740 17.149 0.017
1114.81573 17.109 0.015
1120.76346 17.096 0.021
1126.78447 16.974 0.018
1129.84665 16.997 0.015
1132.84230 17.077 0.017
1135.79173 17.061 0.015
1140.84082 17.001 0.015
1142.79240 17.084 0.015
1152.75017 17.067 0.021
1154.77528 17.017 0.015
1156.74022 17.130 0.018
1158.80882 17.122 0.018
1160.80622 17.107 0.017
1164.78821 17.098 0.015
1165.83392 17.000 0.017
1167.75712 17.094 0.017
1168.71647 16.981 0.017
1171.75823 17.031 0.013
1175.75745 17.121 0.015
1179.80772 17.053 0.020
1181.76864 17.001 0.024
1184.71508 17.009 0.014
1187.70658 16.954 0.015
1188.72039 17.104 0.015
1189.76944 17.115 0.015
1191.78365 17.151 0.015
1192.79206 17.073 0.014
1193.83153 17.070 0.017
1194.70712 17.163 0.018
1201.79551 17.023 0.017
1202.80465 17.134 0.018
1204.71108 17.027 0.018
1206.81119 16.956 0.015
1207.72193 17.043 0.020
1208.78499 17.132 0.021
1212.78261 16.991 0.020
1214.69362 17.115 0.020
1215.59838 16.947 0.014
1216.70731 17.116 0.018
1217.75663 17.078 0.020
1218.73164 17.044 0.021
1219.67095 17.152 0.021
1220.77828 16.982 0.018
1221.64435 17.020 0.018
1223.73336 16.987 0.017
1226.62340 17.033 0.018
1227.62824 17.107 0.017
1230.69509 17.137 0.020
1232.73422 17.062 0.021
1235.62869 17.044 0.018
1238.60028 17.071 0.023
1240.72409 17.021 0.020
1242.59361 17.116 0.021
1243.69134 17.042 0.020
1245.66817 17.046 0.020
1248.54644 17.110 0.021
1251.54435 17.093 0.026
1255.55358 17.113 0.023
1256.59486 17.108 0.018
1258.63016 17.145 0.017
1259.63778 17.041 0.017
1261.59187 17.147 0.018
1266.52446 17.061 0.021
1267.57908 17.116 0.023
1268.59243 17.022 0.021
1274.59562 17.085 0.023
1277.58046 17.132 0.021
1279.56576 16.953 0.018
1281.58797 17.112 0.021
1289.47763 17.145 0.029
1290.54708 17.015 0.021
1298.47659 17.096 0.024
1301.55086 16.950 0.023
1305.57953 17.114 0.021
1312.55622 17.038 0.024
1317.48926 17.105 0.017
1319.54067 17.134 0.023
1327.48124 17.113 0.048
1329.46836 16.954 0.023
1330.53294 17.105 0.027
1335.48577 17.051 0.020
1431.88463 17.096 0.017
1433.88160 17.059 0.023
1436.79916 17.026 0.018
1439.89039 17.131 0.017
1443.83056 17.083 0.029
1447.84284 16.981 0.023
1449.88464 17.021 0.023
1454.84919 17.122 0.024
1459.81618 17.139 0.018
1461.85422 17.064 0.020
1462.84458 17.119 0.023
1471.84064 17.069 0.017
1476.73328 17.153 0.021
1478.81094 17.069 0.017
1481.84939 17.129 0.021
1484.79913 17.152 0.018
1488.83142 16.929 0.015
1491.81013 16.942 0.017
1494.81552 17.006 0.020
1496.69818 17.099 0.021
1498.71991 17.132 0.018
1502.71598 17.092 0.021
1505.75075 17.000 0.023
1507.75172 17.094 0.020
1508.65393 17.028 0.017
1509.81818 17.171 0.018
1510.84189 17.006 0.017
1511.67340 17.036 0.018
1514.72155 17.069 0.020
1516.69096 16.987 0.015
1518.66296 17.176 0.020
1520.68857 17.101 0.020
1522.76877 17.071 0.017
1523.66178 17.134 0.033
1524.82872 16.917 0.015
1526.66638 17.137 0.018
1527.83264 16.962 0.015
1529.73585 17.114 0.017
1531.83857 17.152 0.018
1538.79473 17.036 0.018
1542.81938 17.164 0.020
1543.85209 16.966 0.017
1544.76122 17.041 0.017
1548.79407 17.120 0.018
1549.80666 16.934 0.015
1552.72999 16.921 0.014
1553.80495 17.140 0.018
1554.82020 17.105 0.015
1555.81417 17.031 0.017
1562.80616 17.115 0.020
1566.65559 17.044 0.020
1568.67722 17.112 0.018
1571.74194 16.989 0.017
1574.79396 16.993 0.014
1576.64780 17.156 0.020
1578.74814 17.129 0.021
1581.69745 17.142 0.021
1583.73675 17.080 0.020
1585.68284 17.084 0.020
1588.65758 17.051 0.021
1591.62130 17.021 0.026
1595.63707 17.139 0.021
1596.75030 16.994 0.018
1599.74224 17.013 0.018
1600.71980 17.068 0.024
1601.74808 17.117 0.021
1602.72959 17.027 0.018
1605.52091 16.980 0.018
1606.69626 17.134 0.020
1609.70969 17.132 0.018
1610.72728 16.966 0.021
1611.70461 17.100 0.020
1613.69526 16.952 0.021
1614.69080 17.132 0.020
1615.70525 17.116 0.020
1617.68649 17.137 0.018
1618.68488 17.083 0.021
1620.50265 17.070 0.021
1621.68178 17.039 0.027
1623.66764 17.143 0.023
1625.67208 17.097 0.020
1626.67308 17.142 0.018
1628.66139 17.090 0.018
1630.68062 17.048 0.017
1633.64393 17.055 0.017
1634.63735 17.152 0.018
1635.65104 16.954 0.018
1644.60115 16.966 0.015
1650.59473 17.036 0.032
1653.56073 17.064 0.020
1655.59650 17.015 0.020
1657.58566 17.114 0.026
1659.58929 17.175 0.024
1662.57877 17.160 0.021
1665.56077 17.145 0.027
1671.53860 17.149 0.024
1684.48049 17.130 0.029
1695.50631 17.115 0.021
1783.91089 17.079 0.017
1788.88379 17.161 0.018
1809.86506 16.992 0.014
1815.87353 17.102 0.018
1822.75518 17.142 0.018
1830.86343 17.126 0.018
1851.81150 17.053 0.024
1858.74338 17.125 0.024
1861.77114 17.102 0.020
1863.81299 17.120 0.015
1866.76367 17.123 0.017
1868.76808 17.103 0.015
1869.80260 17.107 0.020
1872.78612 17.094 0.018
2187.78771 17.130 0.018
2190.88352 16.944 0.013
2193.85417 16.931 0.011
2202.85392 17.068 0.014
2215.80673 16.998 0.014
2222.80654 17.107 0.017
2224.85418 17.056 0.015
2227.76504 17.038 0.014
2229.77078 17.012 0.014
2231.73932 17.139 0.015
2233.70751 17.058 0.014
2237.62674 17.133 0.018
2239.68778 17.133 0.014
2241.77942 17.040 0.014
2243.84969 17.021 0.017
2248.70919 17.133 0.014
2250.74068 17.125 0.014
2252.83775 17.163 0.017
2254.75951 16.944 0.011
2257.77708 16.914 0.011
2260.79236 17.036 0.015
2265.73037 17.045 0.013
2266.80127 17.083 0.015
2270.83277 17.029 0.013
2272.68494 17.100 0.015
2274.81125 17.069 0.015
2276.86661 16.950 0.015
2278.82563 17.132 0.017
2280.80532 17.134 0.014
2282.80913 16.988 0.014
2290.69484 17.086 0.014
2293.80993 16.968 0.017
2295.83383 17.010 0.013
2297.82059 17.171 0.015
2299.83702 17.061 0.015
2301.73113 16.971 0.015
2302.80634 17.111 0.018
2303.72910 17.119 0.018
2321.71364 16.962 0.015
2328.59066 17.184 0.017
2340.58040 17.095 0.015
2346.52109 17.013 0.015
2360.51602 17.012 0.015
2391.51696 17.041 0.017
2540.89479 17.130 0.018
2548.83170 17.121 0.015
2553.79838 17.063 0.018
2557.86380 17.147 0.015
2561.86647 17.004 0.014
2565.85578 17.133 0.018
2574.81291 17.108 0.015
2574.82593 17.098 0.015
2578.86943 17.065 0.017
2586.78236 16.972 0.014
2590.85567 17.126 0.015
2596.86336 17.114 0.018
2606.75899 17.061 0.014
2610.66100 17.178 0.018
2614.83004 17.087 0.014
2619.70636 16.960 0.011
2621.83366 17.115 0.013
2624.73077 17.126 0.014
2627.83921 17.014 0.020
2630.60891 17.136 0.018
2632.75979 17.146 0.014
2636.70962 16.985 0.013
2638.75388 17.028 0.014
2641.80228 16.926 0.013
2643.81093 17.124 0.014
2645.79740 17.159 0.017
2649.68432 17.119 0.013
2651.76405 17.151 0.015
2653.74672 17.071 0.015
2655.78118 16.957 0.013
2657.76524 17.131 0.015
2659.82636 17.164 0.020
2661.62652 16.997 0.013
2666.61042 17.131 0.014
2668.83877 17.118 0.017
2673.78420 17.163 0.017
2676.76450 17.149 0.014
2678.81043 17.157 0.014
2680.70263 16.945 0.011
2684.59613 17.095 0.014
2688.56978 17.142 0.017
2692.54426 16.971 0.014
2697.55920 16.988 0.013
2702.56075 17.177 0.017
2709.51148 17.035 0.014
2725.52008 16.968 0.014
2875.88879 17.156 0.018
2884.91086 16.982 0.015
2896.88766 17.092 0.017
2902.81666 17.189 0.014
2907.87813 17.098 0.013
2912.82060 16.986 0.011
2917.82883 17.076 0.014
2923.83151 16.920 0.014
2926.88397 17.008 0.014
2931.81792 17.075 0.014
2934.85290 16.954 0.014
2940.83313 17.001 0.013
2943.83796 17.042 0.013
2947.84611 17.131 0.014
2950.76251 17.158 0.015
2954.78838 17.009 0.017
2956.82867 16.969 0.013
2961.76196 17.099 0.014
2963.76460 17.111 0.017
2966.78885 17.147 0.013
2968.75353 17.025 0.013
2971.81549 17.098 0.015
2974.83855 17.143 0.014
2976.69852 16.950 0.013
2979.68238 16.972 0.014
2981.70295 17.140 0.024
2983.83480 17.125 0.015
2985.80188 17.149 0.014
2987.75841 16.924 0.013
2989.69863 17.135 0.013
2991.77247 17.173 0.014
2993.77862 17.042 0.013
2995.85388 16.999 0.014
2997.82503 17.112 0.015
2998.77048 17.005 0.013
3000.77905 17.133 0.014
3002.77060 17.142 0.014
3004.76352 17.034 0.013
3006.75671 16.979 0.013
3008.71631 17.175 0.017
3010.81747 17.147 0.015
3016.76741 17.147 0.015
3018.79807 17.063 0.013
3020.86167 17.004 0.017
3022.63977 17.177 0.014
3023.74794 16.970 0.013
3025.75115 17.103 0.013
3027.76968 17.163 0.015
3029.75411 17.055 0.014
3031.82607 16.983 0.014
3034.65119 16.997 0.011
3036.68145 17.153 0.014
3039.62343 17.124 0.014
3041.70632 17.138 0.017
3042.73139 17.065 0.015
3044.67042 17.112 0.015
3046.65655 17.076 0.014
3048.68977 16.975 0.011
3050.68653 17.142 0.013
3052.68297 17.148 0.013
3054.68851 17.028 0.014
3056.67629 17.020 0.011
3058.66960 17.163 0.014
3066.60674 17.125 0.017
3068.63500 17.048 0.014
3071.53326 17.013 0.014
3074.53294 17.067 0.014
3076.65202 16.970 0.015
3079.64937 16.991 0.013
3083.51644 17.152 0.014
3085.62022 17.068 0.013
3088.57644 17.136 0.017
3091.58073 17.142 0.015
3097.49782 17.138 0.020
3100.53896 17.149 0.020
3103.54656 17.117 0.014
3106.57897 17.128 0.014
3113.58109 17.100 0.015
3127.53897 17.125 0.015
3133.55465 17.121 0.017
3230.92938 17.021 0.014
3242.90374 17.149 0.015
3249.87072 17.047 0.014
3260.86265 16.975 0.014
3264.90462 17.151 0.013
3271.85306 17.059 0.014
3274.85635 17.049 0.015
3279.80996 17.127 0.015
3282.87558 16.938 0.011
3291.79854 16.915 0.011
3295.81897 17.123 0.010
3297.81041 17.047 0.008
3305.78072 17.009 0.014
3307.80555 17.018 0.017
3309.84201 17.158 0.013
3321.74210 17.142 0.011
3327.85624 16.951 0.013
3333.83985 17.090 0.017
3336.68178 17.015 0.014
3340.83392 17.085 0.014
3353.76526 17.173 0.014
3357.79290 17.068 0.013
3360.77074 17.037 0.011
3363.84531 17.059 0.013
3370.80255 17.184 0.015
3376.75462 17.119 0.013
3378.77977 17.134 0.013
3387.77770 17.085 0.017
3394.66867 17.022 0.013
3396.68969 16.966 0.013
3399.82012 16.999 0.018
3402.72695 17.001 0.011
3404.65854 17.140 0.014
3409.57530 17.116 0.013
3413.57397 17.078 0.013
3413.61847 17.016 0.013
3418.57044 17.066 0.013
3426.56731 17.173 0.014
3432.54777 17.103 0.013
3439.52387 17.058 0.014
3447.54931 16.948 0.013
3457.52627 17.115 0.015
3603.88030 16.929 0.013
3620.91659 17.065 0.014
3630.82768 17.089 0.017
3637.77019 16.926 0.014
3640.82426 17.059 0.011
3651.85675 17.108 0.013
3655.77305 17.124 0.013
3658.86893 17.036 0.014
3660.86624 17.076 0.015
3664.87584 16.942 0.011
3668.85972 17.153 0.017
3672.84842 16.934 0.011
3676.73519 17.020 0.013
3685.80502 17.103 0.011
3688.73917 17.123 0.013
3690.81394 17.114 0.014
3693.71563 17.092 0.013
3696.75806 17.145 0.013
3699.77099 17.167 0.011
3701.82414 17.089 0.013
3703.82278 17.022 0.011
3706.69838 16.941 0.010
3711.73357 17.021 0.013
3713.82150 17.122 0.014
3715.79795 17.163 0.013
3718.76689 17.157 0.014
3722.66184 17.116 0.014
3726.74399 17.066 0.014
3728.80628 17.034 0.013
3730.77603 17.104 0.013
3732.85157 17.162 0.013
3734.84441 17.125 0.013
3735.69278 17.161 0.011
3737.85130 17.116 0.011
3740.78943 17.165 0.013
3741.62366 17.177 0.015
3743.78020 17.165 0.014
3748.80129 17.143 0.018
3750.81610 16.958 0.015
3753.68917 16.997 0.013
3755.77075 17.078 0.014
3757.79023 17.158 0.013
3760.76985 17.178 0.015
3763.72283 17.130 0.010
3766.73956 17.158 0.015
3770.76701 17.098 0.015
3774.64050 17.164 0.015
3777.59894 17.155 0.015
3781.76611 17.030 0.015
3786.61567 17.059 0.014
3793.56534 17.110 0.013
3801.55531 17.049 0.013
3812.51259 16.973 0.013
3829.48729 17.089 0.015
3965.89040 17.009 0.011
3970.91056 17.121 0.014
3982.86109 16.992 0.013
4002.87461 17.079 0.011
4004.89289 16.990 0.011
4006.80244 17.140 0.013
4008.82343 17.107 0.011
4013.83507 17.036 0.014
4019.83788 17.130 0.013
4027.73156 16.985 0.013
4029.84437 17.015 0.011
4039.71129 17.165 0.015
4041.78506 17.082 0.013
4049.75328 17.005 0.011
4052.81483 17.081 0.011
4054.80164 16.978 0.011
4056.86011 17.128 0.014
4060.72311 16.977 0.010
4065.75042 17.022 0.010
4066.82494 17.106 0.013
4068.85978 16.987 0.013
4070.78222 17.127 0.014
4074.82097 17.074 0.014
4078.73885 17.117 0.014
4080.74953 17.140 0.015
4083.73623 17.167 0.015
4085.79978 17.005 0.014
4095.66115 17.150 0.013
4106.62234 17.124 0.015
4112.79667 17.021 0.013
4121.79554 17.028 0.014
4126.77067 16.960 0.014
4129.80425 17.032 0.011
4143.58127 17.072 0.014
4157.58795 17.001 0.017
4169.53750 17.069 0.014
4199.50556 16.939 0.014
4343.89803 17.151 0.015
4348.87077 17.093 0.014
4353.89834 17.112 0.015
4358.85046 16.915 0.017
4363.86730 17.122 0.017
4367.85556 17.051 0.014
4371.80499 17.139 0.015
4378.74437 17.032 0.015
4381.77999 17.103 0.017
4387.72243 17.145 0.013
4390.85954 17.124 0.014
4400.71116 17.037 0.014
4408.73893 16.939 0.015
4412.82233 17.121 0.015
4427.77392 17.024 0.014
4430.77720 16.999 0.014
4433.79468 17.051 0.017
4437.72127 17.135 0.017
4440.74090 17.123 0.014
4443.85851 17.111 0.023
4449.80032 17.097 0.017
4451.83585 17.137 0.018
4455.80555 17.033 0.014
4458.78422 17.050 0.014
4462.77825 17.148 0.014
4464.82383 17.123 0.013
4467.79495 17.128 0.013
4472.71085 16.941 0.011
4476.79792 17.096 0.013
4480.74829 16.985 0.011
4484.82775 17.159 0.013
4488.74862 16.962 0.015
4492.76787 17.134 0.015
4497.77118 17.026 0.013
4500.64422 17.014 0.013
4502.75408 16.979 0.017
4507.75812 17.112 0.017
4509.70880 17.167 0.015
4512.75817 17.175 0.013
4518.70702 17.176 0.020
4521.74445 17.087 0.018
4524.64407 17.142 0.014
4530.67017 16.931 0.013
4534.63868 17.154 0.015
4538.65404 17.093 0.015
4542.56625 17.017 0.015
