 726.82756 15.651 0.008
 739.86135 15.690 0.008
 744.76969 15.699 0.008
 745.85430 15.582 0.007
 746.84018 15.725 0.008
 747.73563 15.522 0.007
 748.68761 15.735 0.008
 750.80056 15.732 0.008
 751.80137 15.491 0.007
 752.85920 15.709 0.008
 754.80545 15.685 0.009
 755.78342 15.574 0.008
 759.70929 15.723 0.008
 761.79050 15.743 0.008
 766.84022 15.500 0.008
 773.79581 15.601 0.008
 776.82101 15.739 0.008
 778.85410 15.755 0.009
 780.78138 15.731 0.008
 782.81001 15.700 0.008
 788.83749 15.609 0.007
 792.74754 15.510 0.008
 795.83289 15.735 0.008
 798.75719 15.542 0.007
 817.75552 15.682 0.007
 819.83220 15.721 0.008
 824.70290 15.490 0.008
 826.79555 15.499 0.008
 827.69236 15.651 0.008
 828.75200 15.567 0.007
 829.69960 15.627 0.007
 830.75773 15.617 0.007
 831.59500 15.584 0.008
 832.76460 15.673 0.008
 833.58419 15.541 0.007
 834.70347 15.745 0.008
 835.80594 15.540 0.007
 837.66783 15.502 0.007
 839.66625 15.533 0.009
 841.75531 15.519 0.007
 842.74522 15.663 0.008
 844.60016 15.599 0.008
 846.77210 15.605 0.007
 850.76296 15.520 0.007
 854.78783 15.499 0.008
 855.70987 15.690 0.009
 856.67189 15.548 0.008
 857.73056 15.664 0.008
 858.69370 15.614 0.008
 859.76045 15.636 0.008
 860.65341 15.682 0.008
 865.57073 15.510 0.008
 867.62582 15.491 0.007
 874.68952 15.616 0.007
 876.60558 15.565 0.007
 876.70806 15.585 0.006
 878.69560 15.542 0.007
 880.62991 15.492 0.007
 885.58906 15.668 0.009
 887.67417 15.653 0.008
 890.69778 15.695 0.008
 892.54455 15.754 0.007
 893.71080 15.537 0.008
 896.51252 15.706 0.008
 900.56600 15.641 0.008
 919.56789 15.559 0.008
 925.52094 15.513 0.008
 931.57892 15.642 0.009
 934.52770 15.558 0.008
 947.54250 15.600 0.009
 950.52087 15.752 0.008
1072.90346 15.739 0.008
1079.81182 15.541 0.007
1080.81545 15.646 0.007
1083.82598 15.672 0.008
1084.82141 15.583 0.007
1086.84944 15.548 0.007
1090.77709 15.494 0.008
1091.88489 15.725 0.008
1092.82750 15.510 0.007
1093.83956 15.695 0.008
1106.76847 15.706 0.007
1108.78948 15.680 0.007
1114.79891 15.572 0.007
1119.84215 15.744 0.008
1120.74674 15.498 0.007
1126.76656 15.650 0.008
1129.83086 15.570 0.007
1131.83678 15.549 0.008
1132.82639 15.738 0.008
1137.80859 15.529 0.007
1138.84989 15.672 0.008
1142.77657 15.586 0.007
1152.73423 15.564 0.009
1154.74977 15.606 0.007
1155.70602 15.612 0.008
1157.75990 15.594 0.008
1159.76562 15.553 0.007
1161.82965 15.529 0.007
1163.83155 15.497 0.007
1164.84646 15.725 0.007
1166.76393 15.686 0.008
1167.79017 15.549 0.008
1168.77281 15.642 0.008
1171.74169 15.690 0.007
1175.73911 15.739 0.007
1179.78850 15.716 0.008
1181.75202 15.684 0.008
1183.83695 15.657 0.007
1185.83430 15.626 0.007
1187.78962 15.577 0.007
1189.72608 15.522 0.007
1191.76479 15.502 0.007
1192.82358 15.733 0.007
1193.81552 15.488 0.007
1194.69116 15.704 0.008
1201.77967 15.693 0.008
1202.78888 15.574 0.008
1204.69544 15.516 0.008
1206.79560 15.514 0.008
1207.70584 15.711 0.009
1211.76376 15.665 0.009
1214.67789 15.669 0.008
1215.58269 15.556 0.007
1216.65910 15.729 0.008
1217.74081 15.557 0.008
1219.65451 15.497 0.008
1220.76250 15.736 0.009
1221.62835 15.492 0.008
1223.71696 15.507 0.008
1224.59691 15.670 0.007
1226.60657 15.623 0.008
1227.61138 15.652 0.008
1230.67619 15.581 0.010
1233.57223 15.747 0.008
1235.71002 15.733 0.008
1237.59230 15.698 0.010
1238.63253 15.507 0.008
1240.70827 15.548 0.008
1242.52621 15.701 0.008
1244.66273 15.696 0.008
1247.52052 15.493 0.008
1248.62075 15.734 0.008
1251.57524 15.514 0.008
1254.58976 15.650 0.008
1255.62299 15.589 0.008
1256.62702 15.630 0.008
1258.61420 15.591 0.008
1261.52000 15.748 0.008
1264.53101 15.489 0.008
1267.55258 15.677 0.009
1272.53286 15.710 0.009
1274.55066 15.744 0.009
1276.56316 15.747 0.008
1278.56672 15.732 0.009
1279.54949 15.504 0.008
1290.53082 15.520 0.008
1298.50735 15.601 0.009
1301.58175 15.604 0.009
1306.49870 15.737 0.008
1315.53108 15.669 0.009
1318.51363 15.524 0.008
1320.50635 15.513 0.008
1330.51654 15.675 0.009
1335.50968 15.498 0.008
1431.86900 15.494 0.007
1433.86393 15.530 0.008
1436.77473 15.615 0.008
1439.85569 15.708 0.008
1441.87438 15.746 0.008
1443.89606 15.747 0.008
1447.82707 15.692 0.009
1449.86888 15.661 0.009
1454.88239 15.724 0.010
1459.74961 15.536 0.008
1462.82722 15.684 0.009
1471.82489 15.759 0.008
1476.71654 15.547 0.008
1478.79490 15.574 0.008
1484.78307 15.742 0.008
1487.85395 15.518 0.007
1489.76502 15.496 0.007
1491.79371 15.532 0.008
1493.73574 15.612 0.008
1496.63263 15.559 0.008
1498.69969 15.533 0.007
1500.83993 15.532 0.007
1503.67524 15.706 0.009
1505.78254 15.692 0.008
1507.73351 15.654 0.008
1508.68622 15.639 0.008
1509.71150 15.615 0.008
1511.70475 15.570 0.008
1512.80948 15.703 0.008
1514.75313 15.744 0.009
1517.71825 15.502 0.007
1519.67181 15.525 0.007
1522.75200 15.650 0.008
1523.69693 15.636 0.009
1525.67342 15.709 0.008
1527.79290 15.715 0.008
1528.80130 15.550 0.007
1529.84448 15.734 0.008
1531.82264 15.737 0.008
1538.77902 15.606 0.008
1542.80359 15.718 0.008
1544.74550 15.750 0.008
1547.81809 15.493 0.007
1548.82761 15.723 0.007
1549.83751 15.506 0.007
1552.71408 15.631 0.007
1553.78910 15.605 0.007
1554.80434 15.621 0.007
1555.79272 15.670 0.008
1555.84579 15.648 0.008
1561.58571 15.704 0.008
1562.79049 15.494 0.008
1566.63845 15.610 0.008
1568.66136 15.688 0.009
1571.72460 15.562 0.007
1575.68741 15.490 0.007
1577.75447 15.498 0.007
1579.72440 15.541 0.008
1581.67235 15.628 0.008
1584.64847 15.567 0.007
1586.65733 15.536 0.007
1589.75446 15.750 0.009
1592.64640 15.526 0.007
1593.54855 15.651 0.008
1595.62114 15.623 0.008
1596.73454 15.605 0.009
1599.72639 15.589 0.008
1600.65423 15.723 0.009
1601.73238 15.555 0.008
1602.71377 15.744 0.008
1604.70604 15.739 0.010
1606.68035 15.706 0.008
1609.69381 15.561 0.007
1610.71140 15.649 0.008
1611.68865 15.622 0.008
1613.67939 15.697 0.009
1615.68941 15.723 0.008
1616.62635 15.518 0.007
1617.66952 15.747 0.008
1618.51084 15.496 0.008
1620.53440 15.518 0.008
1620.68426 15.497 0.008
1622.67872 15.512 0.008
1624.67677 15.564 0.008
1625.65643 15.619 0.008
1627.67294 15.590 0.008
1629.64789 15.552 0.008
1630.66490 15.736 0.008
1633.50237 15.500 0.007
1634.62168 15.712 0.008
1635.63521 15.502 0.007
1644.56172 15.530 0.007
1650.49263 15.544 0.008
1653.52872 15.615 0.008
1654.58021 15.630 0.008
1656.59690 15.685 0.009
1658.51685 15.729 0.008
1660.49486 15.738 0.009
1662.50953 15.712 0.008
1665.54486 15.530 0.008
1670.50418 15.581 0.008
1682.48069 15.633 0.012
1782.90396 15.746 0.008
1783.89508 15.493 0.007
1790.88196 15.647 0.007
1813.81619 15.488 0.007
1818.86862 15.658 0.008
1823.88531 15.709 0.008
1826.86819 15.529 0.007
1843.80420 15.500 0.007
1843.85245 15.497 0.007
1844.81931 15.711 0.008
1845.71032 15.556 0.007
1845.77929 15.533 0.007
1845.86840 15.494 0.007
1847.63433 15.645 0.008
1847.72255 15.601 0.008
1849.62312 15.727 0.009
1850.72164 15.585 0.008
1852.73755 15.533 0.007
1855.79592 15.753 0.008
1856.70258 15.496 0.008
1858.60441 15.547 0.008
1858.70809 15.510 0.008
1858.79774 15.496 0.008
1860.76960 15.539 0.008
1860.83946 15.522 0.007
1861.69950 15.643 0.008
1862.61721 15.673 0.009
1862.75170 15.609 0.007
1864.61367 15.719 0.008
1864.75586 15.660 0.007
1864.84797 15.621 0.007
1866.68161 15.739 0.008
1866.79439 15.715 0.008
1866.85041 15.686 0.007
1868.66124 15.751 0.008
1868.75246 15.753 0.007
1869.78686 15.528 0.007
1869.82664 15.535 0.008
1870.71663 15.742 0.008
1870.82694 15.746 0.008
1872.70241 15.705 0.008
1872.77792 15.734 0.008
2187.77182 15.624 0.007
2193.84077 15.532 0.006
2202.84053 15.643 0.007
2215.79335 15.663 0.007
2222.79320 15.741 0.007
2224.84078 15.745 0.007
2227.75171 15.496 0.007
2229.75743 15.528 0.007
2231.72595 15.617 0.007
2233.69416 15.688 0.007
2237.61338 15.734 0.008
2239.67443 15.736 0.007
2241.76606 15.710 0.007
2243.83635 15.707 0.007
2248.69587 15.699 0.007
2250.72733 15.734 0.007
2252.82443 15.751 0.007
2254.74240 15.727 0.007
2257.75991 15.500 0.006
2260.76951 15.646 0.007
2265.70795 15.738 0.007
2266.78790 15.535 0.007
2270.81940 15.487 0.006
2272.67158 15.532 0.007
2274.79791 15.542 0.007
2276.85325 15.585 0.007
2278.81226 15.666 0.007
2280.79197 15.726 0.007
2282.79576 15.744 0.007
2290.68716 15.619 0.007
2293.80664 15.677 0.008
2295.83050 15.724 0.007
2297.81727 15.750 0.007
2299.83372 15.746 0.007
2301.72782 15.699 0.007
2302.80303 15.506 0.007
2303.72580 15.649 0.007
2321.69890 15.664 0.007
2328.57592 15.508 0.007
2334.57401 15.668 0.007
2340.56567 15.747 0.008
2346.50633 15.631 0.007
2360.50124 15.585 0.007
2391.50219 15.604 0.008
2540.87996 15.533 0.008
2548.81699 15.745 0.008
2553.78368 15.511 0.007
2557.84910 15.609 0.007
2561.84712 15.734 0.007
2565.85245 15.749 0.008
2574.80959 15.702 0.007
2578.86613 15.747 0.008
2586.76766 15.616 0.007
2590.84098 15.550 0.007
2596.84798 15.486 0.007
2606.74428 15.749 0.007
2610.64630 15.690 0.007
2614.81524 15.663 0.007
2619.69192 15.739 0.007
2621.81921 15.750 0.007
2624.71632 15.487 0.007
2627.83593 15.705 0.008
2630.60563 15.688 0.008
2632.75650 15.690 0.007
2636.70635 15.741 0.007
2638.75058 15.729 0.007
2641.79899 15.504 0.007
2643.79647 15.548 0.007
2645.79412 15.615 0.007
2649.66987 15.750 0.007
2651.74962 15.742 0.007
2653.74342 15.740 0.008
2655.77789 15.710 0.007
2657.76193 15.675 0.007
2659.82307 15.661 0.008
2661.62322 15.559 0.006
2666.60713 15.727 0.007
2668.83489 15.735 0.008
2673.78087 15.571 0.007
2676.76116 15.599 0.007
2678.80712 15.577 0.007
2680.69930 15.513 0.007
2684.58162 15.548 0.007
2688.55530 15.688 0.007
2692.52976 15.746 0.007
2697.54466 15.524 0.007
2702.54625 15.611 0.008
2708.57309 15.502 0.007
2725.50556 15.501 0.007
2875.87425 15.500 0.007
2884.89631 15.602 0.007
2890.91627 15.517 0.008
2896.87115 15.575 0.007
2902.80219 15.743 0.007
2907.86286 15.501 0.006
2912.80609 15.589 0.006
2917.81436 15.745 0.007
2923.81706 15.674 0.007
2926.86951 15.602 0.007
2931.79824 15.531 0.007
2934.83839 15.746 0.007
2940.81866 15.631 0.007
2943.82345 15.692 0.007
2947.83164 15.744 0.007
2950.74803 15.500 0.007
2954.77398 15.600 0.007
2956.81423 15.650 0.007
2958.85873 15.695 0.007
2963.75014 15.492 0.007
2966.77038 15.693 0.007
2968.73912 15.653 0.007
2971.80110 15.665 0.007
2974.82415 15.556 0.007
2976.68405 15.508 0.007
2979.66796 15.697 0.007
2981.68854 15.666 0.009
2983.82042 15.667 0.007
2985.78748 15.605 0.007
2987.74400 15.571 0.007
2989.68421 15.518 0.006
2991.75807 15.507 0.007
2993.76421 15.496 0.007
2995.83948 15.498 0.007
2997.81063 15.530 0.007
2998.75604 15.644 0.007
3000.76461 15.609 0.007
3002.75616 15.575 0.007
3004.74911 15.529 0.007
3006.74234 15.498 0.007
3008.70190 15.509 0.008
3010.80302 15.500 0.006
3012.80856 15.544 0.008
3016.75298 15.701 0.007
3018.78365 15.724 0.007
3020.84726 15.752 0.007
3021.87220 15.519 0.007
3023.73352 15.491 0.006
3025.73671 15.530 0.006
3027.75526 15.565 0.007
3029.73969 15.657 0.007
3031.81169 15.691 0.007
3034.63678 15.498 0.006
3036.66699 15.492 0.007
3039.60902 15.664 0.007
3041.69187 15.641 0.007
3042.71691 15.596 0.007
3044.65597 15.689 0.007
3046.64211 15.739 0.007
3048.67526 15.751 0.007
3050.67206 15.732 0.007
3052.66852 15.714 0.007
3054.67406 15.678 0.007
3056.66185 15.641 0.007
3058.65511 15.592 0.007
3060.70455 15.573 0.007
3066.59232 15.492 0.007
3068.62050 15.545 0.007
3071.51883 15.595 0.007
3074.51844 15.742 0.008
3076.63753 15.749 0.008
3079.63489 15.487 0.007
3082.70253 15.709 0.007
3085.60574 15.616 0.007
3088.56195 15.563 0.007
3091.56628 15.742 0.007
3096.61276 15.500 0.007
3100.52443 15.658 0.008
3103.53208 15.553 0.007
3106.56447 15.753 0.007
3109.54901 15.502 0.006
3113.56653 15.594 0.007
3127.52447 15.663 0.007
3133.54014 15.552 0.007
3230.91488 15.757 0.007
3242.88923 15.542 0.007
3249.85622 15.686 0.007
3260.84816 15.736 0.007
3264.89017 15.673 0.006
3271.83859 15.755 0.008
3274.84189 15.485 0.007
3279.79554 15.644 0.007
3282.86113 15.668 0.006
3291.78407 15.526 0.006
3295.80453 15.635 0.006
3297.79599 15.701 0.006
3299.86390 15.713 0.006
3301.87538 15.756 0.008
3305.76628 15.691 0.007
3307.79110 15.685 0.008
3309.82757 15.649 0.007
3315.86057 15.546 0.006
3321.72767 15.557 0.007
3324.83559 15.648 0.007
3333.82538 15.736 0.007
3336.66739 15.588 0.007
3339.84926 15.634 0.007
3353.75080 15.631 0.006
3357.77845 15.735 0.007
3360.75631 15.506 0.006
3363.83087 15.736 0.007
3370.78815 15.680 0.007
3376.74022 15.736 0.007
3378.76539 15.714 0.007
3387.76329 15.753 0.008
3394.64891 15.567 0.006
3396.67527 15.614 0.007
3399.80248 15.608 0.007
3402.71250 15.744 0.007
3404.64407 15.755 0.007
3409.56098 15.626 0.007
3418.55610 15.494 0.006
3426.54759 15.704 0.007
3432.53343 15.735 0.007
3439.50953 15.656 0.007
3447.53499 15.744 0.007
3457.51194 15.547 0.007
3603.86589 15.669 0.007
3620.90222 15.636 0.006
3630.81330 15.498 0.007
3637.75397 15.571 0.007
3640.80991 15.721 0.006
3651.84243 15.701 0.007
3654.88857 15.555 0.007
3658.85458 15.495 0.006
3660.85195 15.503 0.007
3664.86152 15.606 0.006
3668.84541 15.718 0.007
3672.83407 15.750 0.007
3676.72084 15.647 0.007
3685.79072 15.743 0.007
3688.72486 15.522 0.006
3690.79960 15.535 0.006
3693.70130 15.615 0.007
3695.86622 15.600 0.007
3699.75669 15.514 0.006
3701.80982 15.499 0.006
3703.80850 15.502 0.006
3706.68409 15.629 0.006
3711.71931 15.730 0.007
3713.80719 15.755 0.007
3715.78370 15.739 0.007
3718.75260 15.508 0.006
3722.64747 15.689 0.007
3726.72967 15.740 0.007
3728.79200 15.742 0.007
3730.76174 15.731 0.006
3732.83724 15.728 0.007
3734.83011 15.701 0.007
3735.67846 15.603 0.006
3737.83701 15.594 0.006
3739.85568 15.645 0.006
3741.59395 15.760 0.007
3746.80828 15.500 0.006
3748.78702 15.513 0.007
3750.80180 15.553 0.006
3753.67487 15.572 0.007
3755.75646 15.557 0.007
3757.77590 15.534 0.006
3760.75557 15.727 0.007
3763.70849 15.537 0.006
3766.72527 15.628 0.007
3770.75274 15.555 0.007
3774.62608 15.497 0.006
3777.58463 15.657 0.007
3779.70893 15.647 0.007
3781.74898 15.624 0.007
3786.60134 15.748 0.007
3793.55100 15.632 0.007
3801.54096 15.742 0.007
3811.53352 15.553 0.007
3828.49739 15.512 0.006
3958.92281 15.538 0.007
3965.87621 15.527 0.006
3970.89637 15.708 0.007
3982.84694 15.501 0.006
3993.80006 15.547 0.007
4002.86048 15.656 0.006
4004.87877 15.636 0.006
4006.78828 15.563 0.006
4008.80933 15.531 0.006
4013.82092 15.712 0.007
4019.82368 15.597 0.006
4024.81520 15.757 0.007
4026.88422 15.748 0.007
4029.83025 15.508 0.006
4032.86499 15.652 0.007
4039.69717 15.750 0.007
4041.77091 15.723 0.007
4043.77601 15.699 0.007
4049.73919 15.567 0.006
4052.80070 15.748 0.006
4054.78748 15.754 0.007
4056.84599 15.736 0.006
4059.74064 15.549 0.006
4064.85439 15.585 0.006
4066.81083 15.543 0.006
4068.84567 15.521 0.006
4070.76809 15.495 0.006
4074.80690 15.528 0.006
4077.85568 15.634 0.007
4080.73541 15.752 0.007
4083.72210 15.512 0.006
4085.78568 15.504 0.007
4095.64703 15.749 0.006
4103.77746 15.692 0.007
4112.78254 15.755 0.007
4121.77709 15.639 0.007
4126.75655 15.519 0.006
4129.79015 15.740 0.006
4143.56699 15.502 0.007
4157.56500 15.714 0.008
4169.52196 15.495 0.007
4199.49137 15.492 0.007
4343.88385 15.635 0.007
4348.85657 15.746 0.007
4353.88413 15.485 0.007
4358.83633 15.619 0.008
4363.85314 15.743 0.008
4367.84131 15.730 0.007
4371.79085 15.634 0.007
4378.73026 15.744 0.008
4381.76587 15.498 0.007
4386.88343 15.658 0.008
4390.84542 15.570 0.007
4395.71224 15.707 0.008
4399.87086 15.686 0.008
4408.72476 15.739 0.008
4412.80824 15.704 0.008
4427.75975 15.682 0.007
4430.76310 15.615 0.007
4433.78054 15.565 0.007
4437.70716 15.489 0.007
4440.72678 15.713 0.007
4443.84437 15.522 0.007
4449.78614 15.737 0.008
4451.82176 15.752 0.008
4455.79144 15.719 0.007
4458.77011 15.553 0.007
4462.76415 15.689 0.007
4464.80970 15.741 0.007
4467.78080 15.497 0.007
4472.69673 15.650 0.007
4476.78375 15.593 0.007
4480.73419 15.503 0.006
4484.81362 15.485 0.006
4488.73448 15.580 0.007
4492.75376 15.713 0.007
4497.75794 15.487 0.007
4500.63100 15.668 0.007
4502.74081 15.658 0.008
4507.74483 15.734 0.008
4509.69553 15.746 0.007
4512.74402 15.496 0.006
4518.69284 15.634 0.008
4521.73032 15.568 0.007
4524.62990 15.734 0.007
4530.65599 15.657 0.007
4533.62166 15.666 0.006
4534.62451 15.584 0.007
4538.63914 15.505 0.007
4542.54716 15.518 0.007
