 455.69931 15.374 0.006
 456.68044 15.597 0.009
 456.78998 15.567 0.006
 457.64092 15.436 0.006
 457.69954 15.457 0.006
 457.81682 15.503 0.006
 458.67334 15.476 0.006
 459.63669 15.521 0.006
 459.84234 15.573 0.006
 461.64526 15.604 0.006
 461.77348 15.613 0.006
 462.60203 15.367 0.006
 465.75320 15.397 0.006
 466.84078 15.599 0.006
 468.76972 15.613 0.006
 469.77864 15.458 0.006
 470.79652 15.472 0.006
 472.81445 15.346 0.006
 473.73014 15.578 0.008
 475.57498 15.611 0.006
 477.79255 15.409 0.006
 478.79826 15.567 0.006
 479.79852 15.350 0.006
 480.63499 15.592 0.006
 481.53282 15.364 0.006
 482.82550 15.512 0.006
 483.53095 15.441 0.006
 484.52914 15.516 0.006
 485.53371 15.515 0.006
 486.52588 15.371 0.006
 487.55327 15.601 0.006
 488.56565 15.376 0.006
 489.52572 15.601 0.006
 490.53439 15.461 0.006
 491.53595 15.468 0.006
 492.52110 15.548 0.008
 493.52424 15.346 0.006
 494.51921 15.603 0.008
 494.77869 15.594 0.006
 495.52129 15.389 0.006
 496.51646 15.582 0.008
 496.73286 15.461 0.006
 498.51580 15.409 0.008
 499.77822 15.611 0.006
 500.77571 15.432 0.006
 501.54025 15.611 0.006
 507.52645 15.367 0.006
 508.56907 15.600 0.008
 509.52362 15.450 0.006
 510.55432 15.463 0.006
 510.71955 15.368 0.006
 511.61895 15.558 0.006
 512.55329 15.359 0.006
 513.53741 15.590 0.006
 513.64922 15.607 0.006
 514.51705 15.411 0.006
 514.61252 15.415 0.006
 515.51371 15.577 0.006
 516.51721 15.483 0.006
 517.51675 15.418 0.006
 518.55361 15.579 0.006
 519.50666 15.354 0.006
 519.65616 15.374 0.006
 519.73400 15.390 0.006
 520.67290 15.603 0.006
 521.50882 15.427 0.006
 521.64636 15.476 0.008
 521.71013 15.492 0.008
 523.51408 15.504 0.006
 524.49957 15.399 0.006
 524.53961 15.376 0.006
 525.56277 15.587 0.006
 526.50294 15.365 0.006
 526.59867 15.377 0.006
 527.49773 15.609 0.008
 528.55753 15.463 0.008
 530.53746 15.541 0.006
 530.63507 15.565 0.008
 531.51052 15.356 0.006
 531.60952 15.359 0.006
 532.49913 15.588 0.008
 533.49816 15.400 0.006
 533.62405 15.434 0.006
 534.50741 15.587 0.006
 535.51179 15.480 0.006
 536.66084 15.377 0.006
 540.49901 15.409 0.006
 552.61078 15.442 0.006
 554.52513 15.493 0.008
 558.51818 15.612 0.010
 560.54055 15.539 0.009
 561.48106 15.486 0.008
 562.47310 15.431 0.009
 564.48203 15.365 0.008
 573.47291 15.455 0.008
 673.82724 15.493 0.008
 689.85347 15.627 0.008
 699.79953 15.516 0.008
 701.79678 15.592 0.008
 704.83858 15.466 0.008
 706.78489 15.537 0.008
 707.83824 15.379 0.008
 715.80413 15.609 0.008
 720.78420 15.577 0.008
 722.81466 15.614 0.008
 726.77268 15.366 0.006
 728.81244 15.382 0.006
 729.86726 15.583 0.008
 733.76812 15.359 0.009
 741.86292 15.595 0.008
 744.86839 15.553 0.008
 745.71006 15.391 0.006
 747.77707 15.369 0.006
 748.73121 15.614 0.008
 751.71439 15.520 0.008
 755.67467 15.596 0.009
 759.78778 15.344 0.006
 760.76427 15.606 0.008
 761.84924 15.441 0.008
 765.79083 15.581 0.008
 769.78162 15.464 0.008
 774.78817 15.572 0.008
 778.77154 15.349 0.008
 780.84231 15.448 0.006
 781.77639 15.547 0.008
 783.82537 15.361 0.006
 788.78746 15.479 0.006
 789.74388 15.519 0.008
 792.78394 15.385 0.008
 795.84565 15.372 0.006
 796.84632 15.567 0.008
 797.84382 15.346 0.006
 798.84087 15.610 0.008
 805.76624 15.602 0.009
 816.70861 15.359 0.006
 817.81485 15.600 0.008
 818.85078 15.445 0.008
 819.84481 15.506 0.008
 822.77300 15.565 0.006
 825.73225 15.427 0.008
 827.64278 15.482 0.006
 828.82734 15.347 0.006
 829.66184 15.555 0.008
 830.79322 15.376 0.008
 831.63846 15.606 0.008
 832.71462 15.442 0.006
 833.53972 15.584 0.008
 834.76181 15.537 0.008
 837.80679 15.421 0.006
 839.59364 15.441 0.008
 841.81563 15.575 0.008
 842.78080 15.355 0.006
 844.64886 15.396 0.008
 850.66990 15.595 0.008
 854.73066 15.354 0.008
 856.73727 15.400 0.008
 858.61857 15.439 0.008
 860.76522 15.564 0.008
 864.70468 15.547 0.008
 875.60032 15.367 0.006
 880.51734 15.383 0.006
 887.60820 15.350 0.008
 892.68157 15.358 0.008
 895.50393 15.611 0.008
 897.50270 15.569 0.008
 918.49753 15.450 0.008
 922.48602 15.425 0.006
 928.50457 15.619 0.008
 931.52701 15.553 0.008
 934.49919 15.382 0.008
 947.53169 15.603 0.010
 950.50159 15.559 0.008
 952.49325 15.618 0.008
1053.92258 15.465 0.008
1068.81338 15.456 0.008
1069.80430 15.548 0.008
1071.80311 15.603 0.009
1077.82967 15.366 0.006
1083.77884 15.573 0.008
1088.84766 15.559 0.008
1092.88022 15.522 0.008
1102.77202 15.579 0.006
1106.82905 15.455 0.006
1112.81056 15.498 0.006
1116.78680 15.622 0.006
1126.68660 15.511 0.008
1128.83938 15.616 0.008
1131.85000 15.492 0.008
1132.78391 15.424 0.008
1136.81726 15.438 0.006
1142.70951 15.609 0.006
1151.80410 15.433 0.006
1154.81197 15.626 0.008
1157.80526 15.500 0.008
1160.83875 15.382 0.006
1163.78019 15.501 0.008
1166.81415 15.597 0.008
1169.79469 15.464 0.008
1171.84315 15.559 0.006
1174.76948 15.411 0.006
1175.85078 15.511 0.008
1179.84479 15.374 0.006
1183.73959 15.511 0.006
1185.85435 15.602 0.006
1187.80990 15.586 0.006
1189.83292 15.417 0.006
1191.83832 15.356 0.006
1194.74568 15.587 0.008
1196.62620 15.506 0.009
1201.76087 15.514 0.008
1204.74651 15.587 0.008
1207.63933 15.408 0.008
1211.71973 15.599 0.008
1214.61285 15.434 0.008
1217.66626 15.351 0.008
1219.72207 15.415 0.008
1223.59040 15.534 0.008
1226.68309 15.427 0.008
1228.65689 15.521 0.009
1231.59834 15.340 0.008
1234.67587 15.461 0.008
1239.69657 15.569 0.008
1241.71319 15.404 0.008
1243.52016 15.369 0.008
1245.60487 15.397 0.008
1247.70429 15.514 0.008
1248.67200 15.384 0.008
1254.52348 15.487 0.008
1259.51587 15.422 0.008
1264.51008 15.360 0.008
1267.52924 15.473 0.009
1273.53542 15.501 0.009
1275.51442 15.556 0.008
1278.54697 15.429 0.008
1288.49176 15.365 0.008
1290.62147 15.427 0.008
1298.53301 15.552 0.008
1301.53830 15.591 0.009
1306.47956 15.523 0.008
1312.47247 15.471 0.008
1316.48782 15.417 0.006
1319.52843 15.388 0.008
1327.45911 15.576 0.013
1330.46545 15.468 0.009
1331.46822 15.483 0.006
1332.46365 15.528 0.009
1333.46924 15.361 0.008
1335.46564 15.392 0.008
1338.49518 15.424 0.009
1342.46492 15.425 0.008
1395.91470 15.391 0.008
1400.90055 15.348 0.008
1412.91087 15.367 0.008
1415.92021 15.595 0.009
1430.87496 15.514 0.008
1432.87218 15.585 0.009
1435.77614 15.416 0.009
1437.76984 15.499 0.008
1440.81633 15.373 0.008
1443.85935 15.447 0.008
1446.89152 15.607 0.009
1448.78257 15.593 0.009
1454.82834 15.440 0.009
1458.81821 15.578 0.009
1459.84564 15.375 0.008
1462.75699 15.506 0.008
1470.79732 15.549 0.008
1475.79701 15.503 0.008
1477.68157 15.558 0.008
1479.72243 15.622 0.009
1484.73810 15.583 0.008
1487.76382 15.467 0.008
1491.69194 15.607 0.008
1493.84385 15.537 0.008
1494.73744 15.495 0.008
1497.79331 15.366 0.006
1499.70110 15.408 0.008
1502.69639 15.403 0.008
1503.84630 15.604 0.008
1505.73683 15.603 0.008
1507.80798 15.446 0.008
1510.78406 15.607 0.008
1512.74310 15.586 0.008
1514.85432 15.367 0.008
1515.70843 15.547 0.008
1517.74010 15.608 0.008
1518.84505 15.456 0.008
1521.69920 15.408 0.006
1523.64625 15.368 0.008
1525.75025 15.462 0.008
1527.74299 15.534 0.008
1528.82210 15.346 0.006
1529.68629 15.588 0.008
1531.80364 15.556 0.008
1538.75988 15.529 0.008
1542.68379 15.351 0.008
1544.72643 15.439 0.006
1547.79877 15.351 0.008
1548.77650 15.598 0.008
1549.79526 15.403 0.006
1552.69435 15.481 0.008
1553.77006 15.556 0.008
1554.78527 15.360 0.006
1555.77228 15.615 0.008
1561.56545 15.347 0.008
1562.77168 15.611 0.008
1564.66056 15.556 0.008
1567.61808 15.565 0.008
1570.58526 15.420 0.006
1573.62554 15.374 0.008
1576.61092 15.607 0.008
1579.67386 15.553 0.008
1581.72552 15.626 0.010
1583.72441 15.526 0.008
1585.65957 15.392 0.008
1588.60974 15.606 0.008
1591.68746 15.522 0.009
1593.59111 15.571 0.008
1595.71181 15.577 0.008
1599.68408 15.356 0.006
1600.69765 15.609 0.009
1604.54831 15.462 0.008
1606.52302 15.344 0.008
1609.62364 15.533 0.008
1610.58650 15.492 0.008
1611.65712 15.367 0.008
1613.56312 15.354 0.008
1615.50941 15.404 0.006
1617.50886 15.502 0.008
1619.53137 15.573 0.009
1621.50393 15.606 0.008
1623.50235 15.507 0.008
1625.50433 15.349 0.008
1627.50449 15.368 0.008
1629.54940 15.473 0.008
1630.55825 15.409 0.008
1632.50477 15.344 0.006
1634.54489 15.416 0.008
1635.61635 15.496 0.008
1645.49350 15.591 0.009
1650.55169 15.542 0.010
1653.54913 15.417 0.008
1655.52279 15.499 0.008
1657.51418 15.568 0.009
1660.53938 15.456 0.008
1662.49027 15.519 0.008
1664.50509 15.589 0.008
1667.55881 15.481 0.008
1671.48819 15.598 0.009
1676.49293 15.560 0.008
1690.49689 15.596 0.009
1768.91391 15.384 0.008
1769.84636 15.563 0.008
1771.87660 15.625 0.009
1773.89945 15.506 0.008
1775.91952 15.372 0.008
1789.90105 15.378 0.006
1790.86304 15.608 0.008
1803.89252 15.401 0.008
1809.81859 15.602 0.008
1812.84185 15.516 0.008
1814.85669 15.578 0.008
1818.84956 15.471 0.008
1822.84198 15.399 0.008
1828.86714 15.605 0.008
1829.83838 15.422 0.008
1830.85184 15.525 0.008
1834.89077 15.381 0.009
1846.86830 15.359 0.006
1850.79792 15.490 0.008
1855.84002 15.453 0.008
1859.76605 15.587 0.008
1863.74780 15.495 0.008
1865.80249 15.357 0.006
1867.77142 15.402 0.006
1869.74482 15.473 0.008
1870.77517 15.430 0.006
1871.85933 15.579 0.008
1873.81902 15.610 0.008
2167.89750 15.524 0.006
2193.81977 15.512 0.006
2202.81910 15.351 0.006
2215.77230 15.579 0.008
2221.85050 15.338 0.006
2224.82039 15.558 0.006
2227.73123 15.557 0.006
2229.73699 15.607 0.008
2231.70525 15.579 0.006
2233.67352 15.441 0.006
2239.65392 15.501 0.006
2241.74559 15.589 0.006
2243.81060 15.574 0.006
2248.67259 15.591 0.006
2250.76154 15.553 0.008
2252.73094 15.418 0.006
2254.72198 15.354 0.006
2257.72599 15.538 0.006
2260.74771 15.601 0.006
2265.78032 15.551 0.006
2266.77086 15.352 0.006
2270.79693 15.500 0.006
2272.64649 15.535 0.006
2274.77385 15.596 0.008
2276.83178 15.454 0.006
2278.78864 15.357 0.006
2280.77139 15.382 0.006
2282.76859 15.463 0.006
2289.83105 15.507 0.006
2291.81709 15.583 0.006
2293.78598 15.601 0.008
2295.80986 15.506 0.006
2297.79592 15.375 0.006
2300.82096 15.616 0.008
2302.78220 15.456 0.006
2304.81967 15.357 0.006
2315.70598 15.509 0.006
2324.57165 15.562 0.006
2328.55351 15.555 0.008
2334.54673 15.434 0.006
2340.54339 15.612 0.008
2373.49593 15.560 0.008
2385.55905 15.574 0.008
2534.89158 15.403 0.006
2539.89872 15.371 0.006
2545.86657 15.590 0.006
2553.75872 15.352 0.008
2557.82675 15.546 0.008
2561.82482 15.582 0.006
2565.82690 15.373 0.006
2574.78911 15.470 0.008
2578.84550 15.625 0.008
2584.74129 15.348 0.006
2590.81826 15.592 0.006
2596.82469 15.368 0.006
2606.72122 15.583 0.006
2609.82979 15.595 0.008
2614.79653 15.529 0.006
2619.67257 15.441 0.006
2621.80053 15.572 0.006
2624.69755 15.385 0.006
2627.78884 15.409 0.008
2629.81564 15.379 0.006
2632.70973 15.557 0.006
2635.81028 15.602 0.006
2638.80344 15.476 0.006
2641.77163 15.366 0.006
2643.77785 15.410 0.006
2645.77357 15.503 0.006
2647.70258 15.567 0.006
2650.78428 15.448 0.006
2653.65642 15.438 0.006
2655.71314 15.374 0.006
2657.64795 15.426 0.006
2659.80174 15.558 0.008
2660.71202 15.361 0.006
2662.71797 15.391 0.006
2664.73341 15.491 0.008
2666.78728 15.589 0.006
2668.77880 15.618 0.008
2675.80586 15.622 0.006
2679.81153 15.385 0.008
2682.73375 15.602 0.008
2687.63312 15.608 0.008
2692.57596 15.541 0.006
2697.52231 15.472 0.006
2702.52116 15.407 0.008
2708.54992 15.601 0.008
2724.51978 15.423 0.006
2871.91126 15.413 0.006
2884.87090 15.611 0.008
2890.89288 15.416 0.008
2896.84555 15.615 0.008
2902.78017 15.353 0.006
2911.88873 15.488 0.006
2917.79225 15.603 0.006
2923.79440 15.428 0.006
2926.84750 15.364 0.006
2931.77599 15.503 0.006
2934.81641 15.621 0.006
2940.79679 15.346 0.006
2943.80097 15.540 0.006
2947.80951 15.373 0.006
2950.72347 15.546 0.006
2954.74673 15.387 0.006
2956.79228 15.481 0.006
2958.83688 15.574 0.008
2962.83114 15.537 0.006
2965.84033 15.566 0.006
2967.78008 15.613 0.008
2970.83404 15.553 0.006
2974.77207 15.602 0.006
2976.66156 15.532 0.006
2979.64497 15.599 0.008
2983.77312 15.424 0.006
2985.82085 15.373 0.006
2987.71959 15.427 0.006
2989.66228 15.495 0.006
2991.73452 15.595 0.006
2993.74225 15.624 0.008
2995.81747 15.452 0.006
2997.78638 15.370 0.006
2998.73390 15.595 0.006
3000.73640 15.586 0.008
3002.72432 15.443 0.006
3004.72721 15.339 0.006
3006.72017 15.406 0.006
3008.73461 15.504 0.006
3010.78106 15.589 0.006
3011.79738 15.388 0.006
3016.73103 15.356 0.006
3018.76143 15.378 0.006
3020.82518 15.502 0.006
3023.71112 15.359 0.006
3025.68275 15.395 0.006
3027.72819 15.499 0.006
3029.71305 15.565 0.006
3031.78341 15.612 0.008
3034.61476 15.504 0.006
3036.64513 15.580 0.006
3039.58702 15.420 0.006
3042.69455 15.355 0.006
3044.63399 15.380 0.006
3046.61997 15.479 0.006
3047.72231 15.426 0.008
3048.65340 15.546 0.006
3049.67696 15.359 0.006
3051.64628 15.413 0.006
3053.62151 15.497 0.006
3055.63855 15.575 0.006
3057.66369 15.616 0.006
3059.60833 15.539 0.006
3061.60059 15.388 0.006
3066.57018 15.520 0.008
3068.59806 15.370 0.006
3070.66839 15.429 0.008
3073.68668 15.388 0.006
3076.61042 15.610 0.008
3079.58947 15.514 0.006
3082.67946 15.378 0.006
3085.57924 15.516 0.006
3088.53951 15.590 0.008
3091.52239 15.457 0.006
3096.57090 15.420 0.008
3100.50190 15.567 0.008
3103.52014 15.404 0.006
3106.54140 15.389 0.006
3109.52701 15.617 0.006
3112.58248 15.551 0.006
3116.56055 15.564 0.008
3127.55769 15.368 0.006
3133.51819 15.629 0.008
3223.91645 15.448 0.006
3242.86735 15.499 0.006
3249.91474 15.407 0.006
3264.86829 15.607 0.006
3271.81605 15.598 0.008
3274.82004 15.478 0.006
3278.89301 15.600 0.006
3282.78520 15.388 0.006
3287.82416 15.476 0.006
3291.76144 15.407 0.006
3295.78192 15.555 0.006
3297.77402 15.607 0.006
3299.84209 15.531 0.006
3301.83545 15.370 0.006
3305.74445 15.424 0.006
3307.76930 15.524 0.008
3309.80572 15.587 0.006
3311.79936 15.585 0.006
3320.86277 15.348 0.006
3327.81521 15.346 0.006
3330.79127 15.597 0.006
3336.64368 15.353 0.006
3339.82214 15.376 0.006
3353.81587 15.355 0.006
3357.75653 15.491 0.006
3360.73326 15.337 0.006
3365.85269 15.349 0.006
3373.81676 15.606 0.008
3378.74355 15.556 0.006
3394.62670 15.617 0.008
3399.78044 15.609 0.008
3403.76754 15.383 0.006
3408.69072 15.548 0.006
3417.63082 15.367 0.006
3427.58121 15.601 0.006
3434.51868 15.578 0.006
3440.54283 15.420 0.006
3447.51203 15.444 0.006
3456.53758 15.542 0.006
3469.49247 15.345 0.006
3478.48500 15.397 0.006
3601.89545 15.606 0.006
3619.89816 15.339 0.006
3630.77954 15.454 0.006
3636.83699 15.508 0.006
3640.78690 15.351 0.006
3651.82076 15.558 0.006
3654.86697 15.434 0.006
3658.83065 15.564 0.006
3661.87639 15.468 0.006
3665.84960 15.590 0.006
3670.81920 15.546 0.006
3673.82948 15.411 0.006
3676.82962 15.380 0.006
3685.76898 15.363 0.006
3687.85572 15.482 0.006
3690.77765 15.350 0.006
3693.81328 15.539 0.006
3695.84438 15.360 0.006
3698.83404 15.600 0.006
3701.70299 15.486 0.006
3703.78678 15.581 0.006
3705.85097 15.590 0.006
3708.83870 15.555 0.006
3712.79625 15.563 0.006
3715.76191 15.565 0.006
3718.69773 15.385 0.006
3720.84751 15.522 0.006
3724.76512 15.604 0.006
3728.74315 15.359 0.006
3731.80622 15.573 0.006
3733.66898 15.487 0.006
3735.65683 15.362 0.006
3737.81535 15.432 0.006
3740.77871 15.380 0.006
3742.78923 15.352 0.006
3745.82126 15.456 0.006
3747.82404 15.347 0.006
3749.77133 15.388 0.006
3751.78518 15.482 0.006
3753.73457 15.539 0.006
3755.73465 15.584 0.006
3757.72438 15.561 0.006
3759.81466 15.358 0.006
3763.68668 15.395 0.006
3766.70328 15.362 0.006
3770.73083 15.459 0.006
3773.76209 15.348 0.006
3776.73644 15.575 0.006
3783.60371 15.582 0.006
3788.57792 15.593 0.006
3793.58347 15.566 0.006
3801.51924 15.362 0.006
3811.50995 15.427 0.006
3826.49496 15.577 0.006
3958.88503 15.394 0.006
3965.85482 15.406 0.006
3970.87493 15.361 0.006
3982.82569 15.346 0.006
3999.86991 15.448 0.006
4003.74581 15.365 0.006
4006.76695 15.457 0.006
4008.78786 15.350 0.006
4013.79947 15.404 0.006
4019.80063 15.513 0.006
4026.86268 15.558 0.006
4029.80703 15.407 0.006
4032.84360 15.388 0.006
4039.67585 15.419 0.006
4041.74955 15.349 0.006
4043.75457 15.436 0.006
4046.84772 15.363 0.006
4049.71784 15.585 0.006
4052.77918 15.575 0.006
4054.76531 15.606 0.006
4056.82447 15.513 0.006
4059.71922 15.578 0.006
4064.78772 15.537 0.006
4066.78682 15.603 0.006
4069.73993 15.469 0.006
4071.66789 15.467 0.006
4076.74007 15.484 0.006
4079.78157 15.371 0.006
4082.82945 15.445 0.006
4084.79473 15.350 0.006
4086.81977 15.397 0.006
4103.65542 15.395 0.006
4106.57619 15.599 0.006
4111.79855 15.595 0.006
4117.73915 15.365 0.006
4127.66775 15.497 0.006
4132.75669 15.576 0.006
4143.54394 15.342 0.006
4157.54270 15.360 0.006
4168.57699 15.559 0.006
4198.52959 15.503 0.006
4343.86249 15.407 0.006
4348.83137 15.563 0.006
4353.86273 15.615 0.006
4358.81475 15.597 0.008
4364.90110 15.362 0.006
4367.87495 15.539 0.006
4370.89664 15.592 0.008
4373.85261 15.454 0.006
4378.75605 15.369 0.006
4381.74423 15.503 0.008
4386.86211 15.531 0.006
4390.82409 15.346 0.006
4394.87069 15.530 0.006
4399.79841 15.458 0.006
4408.70341 15.528 0.008
4412.78579 15.554 0.006
4423.73615 15.365 0.006
4427.73820 15.539 0.006
4430.74152 15.404 0.006
4433.75908 15.401 0.006
4437.75704 15.433 0.006
4440.70129 15.384 0.006
4443.79373 15.583 0.008
4449.76467 15.408 0.006
4451.80028 15.500 0.006
4455.76567 15.618 0.008
4457.79690 15.511 0.008
4459.76412 15.427 0.006
4463.76085 15.467 0.006
4465.77761 15.558 0.006
4468.74187 15.386 0.006
4470.69740 15.462 0.006
4473.74056 15.351 0.006
4476.76152 15.509 0.006
4482.80240 15.465 0.006
4485.79275 15.341 0.006
4490.63999 15.497 0.008
4494.70605 15.404 0.006
4498.73026 15.593 0.006
4501.72762 15.451 0.006
4506.66162 15.349 0.006
4508.68848 15.444 0.006
4509.75259 15.424 0.006
4512.72230 15.627 0.006
4518.66249 15.347 0.008
4521.70303 15.520 0.006
4523.68205 15.375 0.008
4525.64666 15.355 0.006
4531.63038 15.594 0.006
4534.55926 15.439 0.006
4537.67504 15.343 0.006
4539.59433 15.396 0.006
4542.51171 15.469 0.008
