2123.92911 16.470 0.010
2130.91972 16.427 0.010
2131.92152 16.433 0.010
2132.91971 16.501 0.010
2134.92126 16.571 0.012
2140.92095 16.488 0.010
2142.90855 16.574 0.013
2144.91896 16.572 0.010
2156.89230 16.434 0.011
2161.85927 16.589 0.011
2173.87257 16.453 0.009
2186.80962 16.577 0.014
2192.84264 16.563 0.009
2201.82913 16.582 0.009
2214.81070 16.417 0.010
2221.75363 16.563 0.010
2224.76634 16.464 0.009
2227.66897 16.556 0.010
2229.68243 16.585 0.010
2230.82660 16.450 0.009
2234.84097 16.588 0.012
2237.76141 16.579 0.010
2241.68666 16.456 0.010
2243.74053 16.591 0.010
2248.82110 16.457 0.008
2250.80780 16.532 0.009
2252.67210 16.573 0.009
2254.66315 16.587 0.009
2257.66981 16.410 0.009
2260.67652 16.550 0.009
2264.68191 16.472 0.009
2266.66803 16.435 0.009
2270.67571 16.599 0.009
2271.81606 16.485 0.008
2272.82401 16.411 0.009
2274.66154 16.417 0.010
2276.77163 16.585 0.010
2277.82494 16.591 0.009
2279.84254 16.320 0.008
2280.81608 16.424 0.009
2282.70572 16.426 0.008
2283.86685 16.567 0.011
2288.77429 16.483 0.010
2290.81158 16.453 0.009
2292.78462 16.541 0.010
2294.76093 16.602 0.013
2296.77657 16.522 0.011
2298.73327 16.438 0.009
2300.74375 16.533 0.011
2302.72041 16.617 0.012
2304.76462 16.567 0.013
2315.65152 16.408 0.008
2323.59607 16.438 0.009
2327.58148 16.559 0.011
2333.59149 16.438 0.012
2339.56784 16.536 0.010
2345.52891 16.565 0.011
2351.50702 16.478 0.010
2369.50445 16.552 0.011
2385.49012 16.512 0.012
2529.83582 16.412 0.009
2539.83830 16.493 0.010
2545.80825 16.450 0.010
2552.86153 16.547 0.010
2556.85291 16.511 0.009
2560.76134 16.586 0.010
2564.86960 16.506 0.010
2573.86673 16.627 0.010
2578.79109 16.484 0.010
2583.84550 16.617 0.011
2590.75135 16.510 0.010
2596.76396 16.414 0.010
2605.79124 16.450 0.009
2609.76337 16.585 0.011
2614.72176 16.445 0.010
2618.77677 16.566 0.010
2621.70184 16.431 0.008
2624.60778 16.483 0.010
2627.70660 16.587 0.012
2629.72955 16.435 0.009
2632.65550 16.489 0.009
2635.70274 16.589 0.009
2638.67371 16.417 0.009
2640.77060 16.531 0.010
2642.72648 16.569 0.011
2644.72918 16.562 0.010
2646.68372 16.442 0.008
2650.73898 16.597 0.010
2652.79668 16.541 0.009
2654.76207 16.417 0.010
2656.66748 16.450 0.011
2658.62926 16.532 0.010
2660.64757 16.592 0.010
2662.65851 16.520 0.010
2664.63857 16.416 0.009
2666.70194 16.548 0.009
2668.68806 16.589 0.009
2670.65017 16.570 0.011
2672.78894 16.469 0.009
2674.68969 16.532 0.010
2676.67878 16.603 0.010
2678.73204 16.519 0.010
2680.64279 16.419 0.009
2682.68849 16.526 0.011
2687.56832 16.567 0.011
2693.52755 16.577 0.009
2696.56423 16.531 0.010
2701.54586 16.601 0.012
2707.54763 16.454 0.010
2714.53972 16.420 0.010
2839.91619 16.595 0.011
2867.88725 16.544 0.011
2885.86501 16.439 0.009
2892.89351 16.518 0.011
2897.86247 16.564 0.010
2903.90827 16.470 0.009
2907.78269 16.579 0.009
2911.82013 16.426 0.008
2916.87055 16.589 0.009
2922.85427 16.566 0.011
2926.78595 16.548 0.010
2930.85568 16.570 0.010
2934.75768 16.572 0.009
2940.73721 16.586 0.009
2943.74277 16.536 0.010
2947.75143 16.525 0.010
2949.84141 16.582 0.009
2953.70861 16.416 0.010
2956.73393 16.565 0.009
2958.76028 16.591 0.011
2962.77279 16.467 0.008
2965.79582 16.588 0.010
2968.66172 16.570 0.010
2973.78661 16.590 0.009
2976.79905 16.500 0.009
2978.70672 16.428 0.009
2980.71912 16.512 0.009
2982.71186 16.581 0.010
2984.75899 16.574 0.010
2986.84163 16.432 0.010
2988.81201 16.534 0.009
2989.76734 16.555 0.009
2991.66246 16.597 0.010
2993.68290 16.551 0.010
2995.75073 16.440 0.009
2997.72841 16.547 0.010
2999.69258 16.593 0.009
3001.78744 16.504 0.010
3003.75809 16.439 0.009
3005.71995 16.520 0.009
3007.64135 16.579 0.009
3009.63921 16.599 0.010
3011.73875 16.427 0.010
3013.74295 16.514 0.009
3017.74428 16.566 0.010
3019.67231 16.475 0.009
3021.79086 16.531 0.009
3023.65264 16.558 0.009
3025.62053 16.604 0.009
3027.66991 16.508 0.009
3029.65491 16.425 0.009
3031.72485 16.563 0.009
3033.78849 16.571 0.009
3035.79532 16.433 0.009
3038.77293 16.509 0.010
3041.61344 16.589 0.012
3043.64748 16.569 0.011
3045.71038 16.445 0.009
3047.66415 16.518 0.010
3048.59289 16.529 0.009
3050.61242 16.594 0.009
3052.61361 16.542 0.009
3054.60901 16.450 0.010
3056.60625 16.534 0.009
3058.60026 16.610 0.010
3060.64982 16.557 0.009
3064.66762 16.542 0.011
3068.53573 16.611 0.011
3070.59667 16.424 0.011
3073.62783 16.548 0.012
3076.54143 16.599 0.013
3078.63682 16.433 0.009
3082.61463 16.570 0.009
3085.51571 16.611 0.011
3087.65391 16.423 0.010
3090.62004 16.574 0.010
3096.53590 16.437 0.011
3099.60568 16.567 0.012
3102.58427 16.545 0.010
3104.57100 16.438 0.009
3107.55359 16.592 0.012
3110.55273 16.571 0.012
3113.53063 16.446 0.011
3128.50311 16.501 0.011
3140.51010 16.537 0.010
3216.87434 16.469 0.012
3248.85955 16.579 0.010
3264.80930 16.588 0.008
3270.87608 16.576 0.009
3274.76175 16.572 0.012
3277.88379 16.514 0.009
3287.76550 16.538 0.008
3295.72393 16.516 0.007
3299.78020 16.570 0.007
3301.77746 16.420 0.010
3304.83779 16.593 0.010
3307.71133 16.599 0.012
3309.74357 16.454 0.009
3311.74156 16.490 0.009
3320.78450 16.530 0.008
3323.73068 16.578 0.010
3327.75651 16.467 0.008
3330.71515 16.596 0.011
3334.81408 16.436 0.010
3338.86252 16.590 0.010
3339.76188 16.604 0.010
3354.77778 16.580 0.010
3358.82648 16.458 0.008
3365.75656 16.569 0.010
3372.77295 16.592 0.009
3378.68556 16.499 0.009
3387.67805 16.540 0.011
3391.75332 16.512 0.010
3399.72210 16.565 0.010
3403.70942 16.519 0.009
3406.67894 16.615 0.008
3410.63190 16.438 0.008
3415.62911 16.588 0.009
3427.59277 16.432 0.009
3433.61536 16.588 0.011
3438.54458 16.517 0.008
3446.50168 16.486 0.010
3455.52502 16.541 0.012
3461.51904 16.441 0.009
3473.47833 16.593 0.011
3575.93694 16.501 0.010
3592.92883 16.525 0.008
3601.92891 16.571 0.010
3619.83084 16.576 0.009
3629.90434 16.583 0.009
3633.86939 16.461 0.009
3639.78189 16.564 0.008
3644.81849 16.586 0.009
3651.76170 16.499 0.009
3654.80921 16.595 0.009
3658.77324 16.446 0.009
3661.84395 16.598 0.010
3668.81670 16.534 0.009
3672.80498 16.554 0.009
3676.76177 16.483 0.009
3684.82380 16.532 0.008
3687.79821 16.588 0.009
3690.71805 16.508 0.010
3693.75210 16.510 0.009
3695.78488 16.607 0.009
3698.76659 16.481 0.009
3700.79520 16.480 0.008
3703.72607 16.579 0.008
3705.79324 16.581 0.008
3708.78117 16.452 0.009
3712.73880 16.585 0.009
3714.80902 16.507 0.008
3717.67146 16.434 0.008
3719.84398 16.585 0.011
3721.80494 16.576 0.009
3726.70077 16.475 0.010
3730.73307 16.587 0.008
3732.72511 16.448 0.008
3734.85594 16.553 0.009
3737.75690 16.577 0.008
3739.82690 16.494 0.009
3741.83982 16.479 0.010
3743.73694 16.531 0.009
3746.77942 16.601 0.011
3748.73264 16.512 0.010
3749.73821 16.423 0.010
3751.74957 16.512 0.009
3753.70109 16.587 0.009
3755.70204 16.579 0.009
3757.69192 16.469 0.008
3759.75669 16.498 0.008
3762.77820 16.598 0.010
3765.76532 16.448 0.008
3770.63778 16.566 0.008
3773.70386 16.523 0.010
3776.67416 16.464 0.009
3779.62873 16.599 0.012
3782.74231 16.451 0.009
3787.60553 16.580 0.009
3792.55623 16.433 0.009
3800.53819 16.470 0.009
3809.54542 16.450 0.010
3823.50547 16.586 0.010
3946.92759 16.456 0.010
3964.88406 16.435 0.008
3969.91490 16.589 0.009
3981.88272 16.456 0.009
3989.91134 16.462 0.009
3998.87508 16.478 0.009
3999.83758 16.517 0.008
4001.88661 16.578 0.008
4004.85058 16.499 0.008
4005.86455 16.423 0.008
4008.73081 16.510 0.008
4011.89772 16.562 0.010
4018.86050 16.586 0.009
4024.72422 16.457 0.008
4026.80105 16.563 0.008
4029.75028 16.549 0.009
4032.76558 16.478 0.009
4038.73166 16.516 0.009
4041.69294 16.480 0.009
4043.69780 16.590 0.010
4046.78953 16.493 0.010
4049.66047 16.437 0.008
4052.72186 16.598 0.008
4054.70867 16.571 0.010
4056.76670 16.425 0.008
4058.79903 16.537 0.008
4063.69765 16.547 0.008
4066.75496 16.515 0.008
4068.65986 16.568 0.008
4070.68493 16.578 0.009
4073.85875 16.524 0.012
4074.75254 16.503 0.009
4077.80107 16.605 0.009
4079.84598 16.452 0.008
4083.69157 16.519 0.010
4085.75729 16.586 0.009
4093.74181 16.596 0.008
4102.85433 16.583 0.010
4105.81434 16.444 0.009
4109.78425 16.588 0.008
4113.74006 16.480 0.007
4120.77028 16.565 0.008
4122.72674 16.444 0.008
4125.78098 16.572 0.010
4132.66874 16.453 0.009
4142.71966 16.559 0.012
4156.55474 16.483 0.009
4168.50936 16.519 0.011
4197.48854 16.556 0.011
4341.92097 16.581 0.011
4347.87094 16.506 0.010
4353.80593 16.465 0.009
4358.90424 16.594 0.010
4364.86868 16.527 0.010
4367.89313 16.587 0.010
4371.75842 16.428 0.010
4377.81323 16.536 0.010
4380.82975 16.471 0.009
4386.80547 16.471 0.010
4390.76741 16.547 0.010
4394.72357 16.552 0.009
4399.74154 16.568 0.013
4404.73974 16.434 0.012
4412.72006 16.454 0.010
4418.81346 16.558 0.009
4421.85928 16.480 0.010
4426.75718 16.569 0.012
4430.68457 16.429 0.011
4432.74378 16.554 0.009
4436.78369 16.466 0.010
4439.84878 16.532 0.011
4443.73680 16.573 0.011
4449.69969 16.555 0.009
4451.70944 16.595 0.011
4455.70852 16.448 0.010
4457.73898 16.548 0.010
4460.81063 16.528 0.011
4463.72889 16.438 0.009
4466.71789 16.570 0.009
4470.66535 16.489 0.009
4473.70808 16.528 0.010
4477.76655 16.530 0.010
4482.77034 16.580 0.011
4486.74818 16.461 0.010
4491.72175 16.589 0.012
4494.66710 16.557 0.011
4498.70003 16.524 0.009
4501.69728 16.603 0.011
4506.63137 16.461 0.010
4508.65439 16.575 0.009
4510.72379 16.557 0.009
4517.65798 16.598 0.011
4521.63850 16.415 0.009
4524.60122 16.533 0.010
4530.62469 16.423 0.010
4532.65292 16.541 0.010
4536.62515 16.557 0.009
4539.50709 16.425 0.009
4541.61626 16.558 0.010
