 726.81789 18.338 0.027
 728.88171 18.394 0.032
 739.85169 18.233 0.042
 744.76002 18.399 0.034
 745.84463 18.294 0.026
 746.83052 18.017 0.025
 747.72595 18.148 0.031
 748.67799 18.172 0.030
 750.79092 18.203 0.029
 751.79170 18.244 0.032
 752.84952 18.484 0.035
 754.79577 18.089 0.044
 755.77373 18.222 0.033
 759.69960 18.203 0.029
 761.78080 18.050 0.030
 766.83049 18.113 0.037
 773.78604 18.078 0.031
 776.81123 17.887 0.027
 778.84064 18.246 0.044
 780.77159 18.272 0.033
 782.80023 18.107 0.030
 788.82765 18.115 0.026
 792.73769 18.301 0.033
 795.82301 18.115 0.026
 798.74730 18.137 0.025
 817.74554 18.244 0.026
 819.82219 18.198 0.034
 824.69287 17.972 0.031
 826.78552 18.207 0.034
 827.68229 18.216 0.026
 828.74194 18.028 0.026
 829.68955 18.044 0.033
 830.74767 18.076 0.034
 831.58491 18.161 0.042
 832.56753 18.362 0.030
 832.75454 18.224 0.027
 833.57410 18.203 0.030
 834.70875 18.096 0.026
 835.79584 18.174 0.025
 837.65774 18.113 0.023
 839.65616 18.113 0.031
 841.74518 18.224 0.026
 842.73514 18.044 0.030
 844.59003 17.684 0.030
 846.76197 18.137 0.031
 850.75279 18.020 0.029
 854.77000 18.061 0.045
 855.69969 17.976 0.050
 856.66168 18.039 0.035
 857.72035 18.146 0.037
 858.68352 18.351 0.036
 859.75025 18.379 0.033
 860.64320 18.039 0.031
 865.56050 18.148 0.044
 867.61561 18.002 0.033
 874.67927 18.059 0.021
 876.59533 18.113 0.022
 876.69780 18.275 0.025
 878.68536 18.144 0.030
 880.61966 18.224 0.030
 885.57877 18.083 0.049
 887.66388 18.126 0.036
 890.68750 18.224 0.049
 892.53427 18.200 0.027
 893.70050 18.002 0.037
 896.50222 17.993 0.029
 900.55569 18.089 0.032
 919.55758 17.893 0.039
 925.51066 18.144 0.043
 931.56866 17.830 0.039
 934.51747 17.904 0.039
 950.51068 18.015 0.031
 951.50419 18.111 0.026
1072.89381 18.303 0.029
1079.80220 18.190 0.027
1080.80578 18.100 0.025
1083.81632 18.113 0.031
1084.81177 18.135 0.026
1086.83979 18.312 0.030
1090.76746 18.061 0.035
1091.87526 18.294 0.033
1092.81785 18.325 0.032
1093.82991 18.392 0.032
1106.75883 18.089 0.024
1108.77983 18.207 0.026
1114.78926 18.161 0.021
1119.83250 18.094 0.026
1120.73704 18.307 0.034
1126.75684 18.039 0.033
1129.82114 17.998 0.024
1131.82709 17.969 0.034
1132.81668 17.704 0.024
1137.79885 17.993 0.024
1138.84016 18.044 0.024
1142.76683 17.961 0.020
1152.72444 18.185 0.043
1155.69619 18.209 0.033
1157.75007 17.823 0.030
1159.75575 17.921 0.025
1161.81976 17.852 0.021
1163.82165 18.022 0.030
1164.83656 18.000 0.022
1166.75404 17.880 0.029
1167.78026 17.967 0.037
1168.76290 17.921 0.030
1171.73180 18.013 0.022
1175.72916 18.070 0.022
1179.77855 17.856 0.031
1181.74204 17.963 0.027
1183.82694 18.081 0.027
1185.82431 18.072 0.024
1187.77962 18.105 0.023
1189.71606 17.821 0.022
1191.75475 17.917 0.023
1192.81354 18.207 0.023
1193.80545 18.142 0.025
1194.68109 17.834 0.026
1201.76959 18.233 0.032
1202.76370 18.270 0.030
1204.68530 18.375 0.034
1206.78548 18.401 0.035
1207.69571 18.268 0.033
1211.67222 18.261 0.033
1213.63565 18.102 0.030
1214.71440 18.148 0.034
1215.54049 18.052 0.031
1216.60856 18.139 0.025
1217.67618 18.200 0.034
1219.61341 18.259 0.037
1221.58404 18.309 0.036
1223.67419 17.991 0.026
1224.55386 17.987 0.030
1226.56212 18.111 0.025
1227.56918 17.967 0.025
1232.65877 18.052 0.027
1235.55993 18.061 0.029
1237.54386 18.013 0.044
1238.64588 18.041 0.039
1241.54610 18.081 0.031
1242.61710 18.207 0.032
1243.56321 18.126 0.033
1245.53177 18.131 0.034
1247.66614 18.133 0.031
1248.63387 18.340 0.044
1251.58843 17.974 0.040
1254.54229 18.061 0.036
1255.57530 17.987 0.040
1257.60695 18.240 0.033
1260.59301 18.155 0.025
1264.58342 18.281 0.037
1266.58516 17.991 0.040
1267.60128 18.227 0.037
1274.58432 18.220 0.040
1275.52369 18.222 0.037
1278.50633 18.259 0.037
1281.51439 18.283 0.041
1290.48413 18.386 0.047
1296.57499 18.303 0.037
1300.52111 18.076 0.039
1305.49954 18.168 0.033
1308.53053 18.196 0.032
1315.48974 18.279 0.041
1318.47243 18.216 0.042
1329.45806 18.268 0.046
1331.47706 18.146 0.040
1431.82041 18.410 0.031
1433.81698 18.543 0.036
1435.86487 18.527 0.037
1437.85760 18.466 0.033
1440.89656 18.370 0.035
1443.78789 18.699 0.054
1447.76164 18.510 0.054
1448.85241 18.434 0.040
1453.77244 17.998 0.054
1454.88845 18.307 0.042
1458.75656 18.353 0.043
1459.87811 18.421 0.031
1460.75873 18.558 0.041
1461.72446 18.373 0.034
1471.73492 18.560 0.040
1475.82934 18.322 0.030
1478.75406 18.362 0.032
1481.81626 18.425 0.033
1484.82057 18.344 0.026
1487.81336 18.418 0.034
1488.86142 18.242 0.026
1491.75211 18.285 0.037
1493.69402 18.314 0.033
1495.73745 18.320 0.029
1498.65862 18.488 0.040
1500.79915 18.277 0.026
1503.68945 18.486 0.041
1505.79629 18.096 0.031
1507.69229 18.283 0.035
1508.80893 18.203 0.029
1509.67043 18.366 0.033
1510.63595 18.436 0.030
1511.71861 18.216 0.030
1512.75262 18.224 0.033
1514.76709 18.338 0.035
1516.81287 18.139 0.027
1517.84479 18.266 0.026
1518.68472 18.185 0.027
1520.71003 18.327 0.029
1522.71072 18.414 0.034
1523.71089 18.054 0.035
1525.68684 18.551 0.042
1527.75217 18.227 0.026
1528.67810 18.288 0.027
1529.80355 18.144 0.027
1531.69549 18.272 0.030
1538.65263 18.377 0.031
1541.60845 18.538 0.031
1542.76280 18.205 0.029
1544.66512 18.227 0.027
1546.67434 18.163 0.031
1546.68981 18.375 0.049
1547.69140 18.139 0.023
1548.66857 17.963 0.025
1551.69792 18.183 0.024
1552.63086 18.303 0.030
1553.65457 18.076 0.024
1554.63318 18.229 0.026
1555.65761 18.157 0.029
1556.63177 18.024 0.031
1560.62351 18.063 0.029
1564.54263 18.325 0.045
1568.61934 18.081 0.034
1571.62899 18.035 0.025
1575.64338 18.142 0.027
1578.68369 18.041 0.031
1580.69448 18.218 0.027
1582.62899 18.131 0.027
1585.61978 18.129 0.029
1588.62301 18.109 0.034
1591.58685 18.390 0.063
1595.58009 18.246 0.032
1599.64610 18.146 0.026
1600.59900 18.061 0.036
1601.60611 18.137 0.041
1602.67259 18.259 0.041
1604.60418 18.118 0.030
1606.56115 18.068 0.027
1609.51737 18.131 0.034
1610.53227 18.294 0.041
1611.59241 18.124 0.036
1613.57275 18.174 0.033
1614.64382 17.950 0.031
1616.50145 18.174 0.027
1618.64698 18.259 0.034
1619.54070 18.222 0.037
1621.53685 18.105 0.035
1623.63401 18.207 0.042
1625.61507 18.157 0.033
1627.58532 18.279 0.051
1628.52521 18.124 0.031
1630.49691 18.148 0.049
1631.49470 18.231 0.034
1633.61013 18.288 0.029
1635.49314 18.157 0.040
1643.56914 18.057 0.043
1644.49613 18.146 0.026
1645.50223 18.373 0.044
1653.48754 18.172 0.040
1655.53151 18.318 0.039
1657.54096 18.318 0.040
1660.51583 18.329 0.037
1662.52317 18.174 0.033
1664.54624 18.349 0.034
1669.51616 18.200 0.036
1672.48881 18.248 0.035
1687.48650 18.194 0.050
1695.47186 18.384 0.037
1766.86461 18.551 0.042
1768.85026 18.445 0.043
1773.90861 18.377 0.030
1782.83983 18.445 0.037
1788.84824 18.431 0.035
1804.84351 18.421 0.032
1811.86407 18.390 0.026
1815.84023 18.449 0.035
1818.88255 18.429 0.030
1822.72194 18.512 0.035
1829.87120 18.233 0.032
1844.77903 18.251 0.025
1850.76039 18.279 0.041
1854.81742 18.266 0.026
1858.76450 18.301 0.037
1860.80687 18.081 0.033
1863.77998 18.211 0.029
1866.73069 18.434 0.030
1868.71178 18.346 0.029
1870.83283 18.397 0.039
1872.84864 18.129 0.031
1874.75358 18.187 0.025
2166.85603 18.302 0.035
2189.86169 18.417 0.046
2192.76512 18.370 0.031
2201.77532 18.395 0.033
2212.80960 18.211 0.032
2217.79400 18.217 0.037
2223.81457 18.200 0.032
2226.78894 18.140 0.030
2228.83237 18.186 0.033
2230.74579 18.180 0.030
2232.76604 18.293 0.031
2234.75998 18.282 0.029
2238.71065 18.331 0.033
2240.83957 18.177 0.031
2242.84532 18.117 0.036
2248.72657 18.297 0.029
2251.75620 18.189 0.025
2253.77380 18.181 0.025
2255.70212 18.369 0.040
2258.70157 18.085 0.024
2264.81019 18.149 0.023
2269.78308 18.166 0.030
2271.73138 18.143 0.027
2273.82172 18.191 0.033
2275.79519 18.194 0.033
2277.79798 18.223 0.027
2279.79480 18.223 0.027
2281.75763 18.220 0.026
2283.81483 18.165 0.024
2289.75169 18.199 0.031
2291.75780 18.245 0.041
2293.72615 18.287 0.043
2295.74721 18.181 0.026
2297.73813 18.212 0.035
2299.77055 18.277 0.033
2303.67136 18.233 0.040
2323.57307 18.106 0.025
2326.58006 17.978 0.026
2332.52346 17.770 0.030
2338.54603 18.082 0.026
2355.51150 17.957 0.034
2387.50181 18.003 0.043
2524.86659 18.442 0.047
2542.83342 18.362 0.037
2544.89157 18.321 0.046
2551.88179 18.231 0.031
2559.81971 18.330 0.039
2563.86494 18.196 0.040
2573.79166 18.268 0.040
2577.85446 18.139 0.032
2583.75090 18.363 0.041
2589.79143 18.238 0.030
2599.86307 18.119 0.040
2609.66930 18.283 0.042
2611.67318 18.416 0.052
2617.81982 18.197 0.035
2620.78884 18.091 0.024
2623.76207 18.069 0.029
2626.68715 18.012 0.027
2627.62896 18.216 0.047
2628.85428 18.232 0.040
2630.84300 18.323 0.051
2632.63371 18.187 0.034
2635.62855 18.208 0.030
2637.76871 18.206 0.031
2639.78496 18.097 0.023
2641.65923 17.989 0.026
2643.67113 18.164 0.029
2645.66274 18.131 0.027
2651.65775 18.044 0.027
2653.68248 18.044 0.035
2655.66680 17.989 0.025
2657.80052 18.166 0.034
2659.66856 18.034 0.024
2661.69244 18.092 0.026
2665.79432 18.302 0.036
2671.80025 18.299 0.041
2675.73071 18.198 0.026
2677.76561 18.352 0.044
2679.75614 18.257 0.042
2686.60786 18.213 0.037
2691.53462 17.899 0.034
2695.59196 17.993 0.031
2700.54296 18.092 0.034
2713.52806 17.962 0.036
2841.93229 18.191 0.039
2868.89484 18.253 0.036
2890.83797 18.345 0.049
2895.87369 18.182 0.027
2900.82936 18.267 0.033
2906.86035 18.547 0.037
2910.89370 18.197 0.027
2915.89384 18.258 0.032
2922.77399 18.465 0.054
2925.86239 18.193 0.033
2930.77496 18.418 0.042
2933.81939 18.362 0.030
2939.82779 18.190 0.033
2941.84585 18.094 0.024
2943.72065 18.254 0.035
2946.82369 18.135 0.034
2948.81400 18.230 0.033
2952.81004 17.909 0.026
2956.65345 18.241 0.030
2958.68024 18.355 0.043
2962.69116 18.183 0.032
2965.70820 18.466 0.040
2967.80754 18.190 0.027
2970.77316 18.101 0.025
2974.71272 18.208 0.032
2976.74657 17.870 0.022
2978.64111 18.247 0.036
2980.66754 18.276 0.035
2982.62670 18.231 0.033
2984.66783 18.246 0.032
2986.75567 17.954 0.027
2988.72364 18.050 0.031
2990.65706 18.318 0.031
2992.74668 18.172 0.029
2994.65446 18.183 0.029
2996.74478 18.034 0.025
2998.69950 18.138 0.029
2999.79153 18.197 0.031
3001.67025 18.133 0.026
3003.66591 17.864 0.023
3005.62290 18.250 0.037
3007.74138 17.900 0.026
3009.67720 18.192 0.030
3011.62277 18.032 0.037
3013.65343 18.001 0.027
3017.62873 18.047 0.022
3018.72056 18.112 0.032
3020.79577 18.341 0.039
3022.82226 18.400 0.039
3024.77083 18.287 0.030
3026.76814 18.343 0.031
3028.77561 18.378 0.031
3030.78048 18.270 0.031
3033.70778 18.168 0.023
3035.71407 18.226 0.029
3038.69244 18.328 0.041
3040.69207 18.288 0.037
3042.63561 17.881 0.027
3044.56952 17.774 0.026
3046.58501 17.721 0.020
3048.56996 17.911 0.020
3050.58882 18.087 0.025
3052.58585 17.999 0.023
3054.58670 18.047 0.031
3056.58389 17.944 0.023
3058.57764 18.001 0.031
3060.59812 18.025 0.025
3064.60266 18.143 0.042
3067.65963 18.161 0.029
3069.61973 18.106 0.034
3073.53451 17.968 0.033
3075.62386 18.131 0.029
3078.54370 17.950 0.030
3082.53269 18.090 0.034
3084.60863 18.315 0.027
3087.57091 18.198 0.030
3090.52586 18.057 0.035
3093.50719 18.102 0.041
3098.61612 18.220 0.037
3101.57380 18.273 0.054
3104.54703 18.338 0.041
3111.52055 18.192 0.042
3114.51449 18.205 0.033
3115.53883 18.336 0.042
3126.47895 18.075 0.032
3144.49424 18.379 0.053
3224.89441 18.307 0.046
3239.92839 18.224 0.033
3247.89934 18.371 0.037
3256.87762 18.351 0.034
3263.85244 18.217 0.024
3268.86819 18.316 0.030
3273.83980 18.362 0.036
3276.85787 18.245 0.037
3281.82281 18.358 0.031
3289.83626 18.443 0.041
3294.83441 18.510 0.035
3296.83976 18.481 0.032
3301.69067 18.434 0.055
3303.85970 18.118 0.033
3306.83430 18.252 0.031
3308.85131 18.091 0.030
3311.66143 18.250 0.036
3320.69457 18.303 0.035
3323.64754 18.223 0.034
3329.82359 18.212 0.023
3334.72342 18.137 0.033
3338.77916 18.116 0.025
3349.79543 18.353 0.032
3351.78025 18.010 0.025
3354.74839 18.264 0.034
3358.63470 18.281 0.027
3361.73051 18.117 0.025
3363.72064 18.111 0.029
3372.69294 18.232 0.026
3377.72913 18.280 0.037
3386.75491 18.231 0.023
3391.60024 17.829 0.024
3395.66433 18.222 0.034
3398.71203 18.173 0.029
3402.65731 18.241 0.027
3404.58514 17.978 0.027
3408.53859 18.137 0.029
3412.58388 18.081 0.027
3414.61543 18.101 0.031
3419.58627 18.120 0.032
3426.52178 18.086 0.032
3433.57297 18.201 0.034
3443.54356 18.095 0.026
3453.50992 18.065 0.027
3575.91504 18.283 0.036
3589.88650 18.295 0.031
3617.88345 18.288 0.031
3629.82294 18.224 0.033
3634.78906 18.277 0.034
3639.89930 18.278 0.030
3641.83294 18.411 0.037
3650.82828 18.337 0.030
3653.85629 18.285 0.027
3657.80679 18.255 0.026
3660.77250 18.352 0.042
3664.80795 18.322 0.031
3668.74426 18.215 0.039
3672.75379 18.205 0.026
3676.85520 18.222 0.032
3684.79940 18.247 0.026
3687.71841 18.284 0.029
3689.81701 18.160 0.025
3692.74143 18.340 0.036
3694.81541 18.044 0.026
3696.69067 18.409 0.033
3699.70289 18.263 0.027
3701.75378 18.110 0.024
3704.72029 18.145 0.025
3706.77450 17.983 0.021
3711.66549 18.245 0.031
3713.67915 18.305 0.029
3716.72821 17.954 0.033
3719.75596 18.047 0.034
3722.81417 18.286 0.032
3726.67840 18.036 0.026
3728.65116 18.175 0.022
3731.75173 18.305 0.027
3733.63789 18.299 0.030
3734.74087 18.283 0.026
3736.75974 18.282 0.031
3737.64838 18.059 0.022
3739.71048 18.119 0.022
3741.81675 18.476 0.047
3743.71464 18.181 0.030
3746.75703 18.260 0.039
3748.70965 18.183 0.033
3750.71584 18.215 0.027
3752.72390 18.267 0.029
3754.74520 18.268 0.030
3755.66495 18.092 0.031
3757.63905 17.900 0.022
3759.60469 17.890 0.030
3762.68957 18.202 0.024
3765.71149 18.251 0.021
3769.75209 18.344 0.029
3772.72040 18.193 0.027
3775.71235 18.274 0.041
3778.69084 18.417 0.035
3782.59896 18.115 0.031
3786.57503 18.012 0.025
3791.57135 18.034 0.025
3798.57104 18.201 0.025
3805.55825 18.133 0.030
3820.50359 18.243 0.033
3944.93718 18.375 0.042
3961.93382 18.331 0.041
3968.91590 18.223 0.031
3974.91186 18.353 0.042
3981.80487 18.144 0.031
3995.83979 18.303 0.034
4002.83592 18.337 0.031
4005.78595 18.327 0.030
4007.79015 18.327 0.029
4011.77058 18.356 0.036
4018.75615 18.392 0.042
4023.80965 18.171 0.025
4026.72027 18.264 0.032
4028.85634 18.175 0.024
4031.74407 18.370 0.041
4037.85294 18.116 0.024
4040.82029 18.062 0.026
4042.83507 18.050 0.024
4046.71089 18.270 0.033
4048.79982 18.314 0.037
4052.64272 18.219 0.026
4053.84042 18.043 0.023
4056.68396 18.370 0.042
4059.67118 18.264 0.030
4064.63570 18.259 0.025
4066.61526 18.349 0.036
4069.68265 18.302 0.030
4071.60771 18.281 0.034
4076.67949 18.133 0.037
4079.69607 18.208 0.035
4082.68643 18.286 0.030
4084.76629 18.112 0.030
4087.68574 18.071 0.024
4093.77473 18.198 0.025
4102.66298 17.863 0.029
4104.80976 18.592 0.051
4109.67063 18.117 0.022
4113.68923 18.162 0.026
4119.62746 17.936 0.027
4122.67632 18.219 0.026
4125.72371 18.441 0.037
4129.72315 18.284 0.033
4142.58138 17.785 0.026
4150.55790 17.975 0.023
4154.55284 17.767 0.031
4166.51621 17.985 0.034
4184.50575 17.856 0.033
4340.90636 18.164 0.025
4346.89446 18.107 0.032
4350.91303 18.297 0.033
4357.84665 18.222 0.041
4363.77509 18.126 0.036
4365.79873 18.234 0.044
4369.79431 18.206 0.044
4372.76899 18.170 0.029
4376.85956 18.374 0.044
4379.86611 18.220 0.034
4383.87017 18.173 0.033
4388.86416 18.097 0.034
4393.73804 18.118 0.030
4398.81323 18.309 0.034
4403.75385 18.295 0.050
4411.74903 18.338 0.033
4417.83186 17.914 0.023
4421.74427 18.173 0.027
4425.81749 17.994 0.031
4429.72824 18.189 0.051
4432.76980 18.045 0.025
4436.69631 18.372 0.041
4439.74045 17.929 0.027
4442.71785 18.114 0.032
4448.77353 18.081 0.024
4450.77821 17.787 0.026
4453.75404 18.075 0.026
4456.76737 17.871 0.027
4459.67739 18.211 0.033
4462.67940 18.129 0.032
4465.71963 17.964 0.022
4469.67275 17.971 0.032
4474.67479 18.049 0.026
4478.77756 18.039 0.027
4481.77634 18.082 0.029
4484.68607 18.013 0.033
4487.74844 18.133 0.041
4492.70101 17.937 0.027
4494.73545 18.151 0.034
4499.61693 17.929 0.027
4502.68978 18.061 0.032
4507.64852 17.955 0.027
4509.64579 17.912 0.029
4522.55334 17.820 0.027
4524.56735 17.946 0.031
4530.57253 17.960 0.031
4532.56459 17.965 0.037
4537.56265 18.003 0.030
4540.61139 18.188 0.037
