 446.72388 17.988 0.017
 446.73248 17.954 0.017
 446.74073 17.995 0.018
 446.74904 17.963 0.017
 446.75730 17.917 0.016
 455.66464 17.949 0.014
 455.74097 17.988 0.016
 455.78854 18.036 0.017
 456.60865 17.988 0.016
 456.65840 17.970 0.019
 456.72915 17.999 0.018
 456.77658 18.006 0.016
 456.82800 18.015 0.018
 457.57633 18.013 0.017
 457.62029 18.001 0.016
 457.67893 17.949 0.017
 457.73751 18.004 0.017
 457.79615 18.008 0.018
 458.65273 17.999 0.017
 458.72180 17.988 0.019
 459.56994 18.014 0.019
 459.61611 18.050 0.018
 459.67468 18.000 0.017
 459.73410 17.954 0.016
 459.77797 17.932 0.016
 459.82178 17.963 0.017
 461.58084 18.022 0.017
 461.62462 18.016 0.017
 461.68329 18.024 0.017
 461.74942 17.985 0.016
 461.81144 17.964 0.019
 462.58138 18.020 0.016
 462.64001 18.025 0.016
 462.68598 18.037 0.016
 465.68484 17.998 0.022
 465.73253 18.072 0.022
 465.81731 17.950 0.017
 466.66854 17.985 0.018
 466.73507 18.036 0.017
 466.82007 18.001 0.018
 467.67222 17.961 0.016
 467.77680 18.043 0.018
 467.84278 18.009 0.019
 468.68313 17.971 0.018
 468.74907 18.031 0.017
 468.80768 18.058 0.017
 468.84426 18.031 0.016
 469.67981 17.931 0.018
 469.75790 17.995 0.018
 469.81681 18.090 0.023
 470.75453 17.973 0.023
 471.66561 17.991 0.018
 471.80239 18.012 0.022
 472.64027 18.031 0.018
 472.68407 17.952 0.017
 472.72786 17.898 0.018
 472.79380 17.948 0.020
 474.71978 17.977 0.018
 475.55414 18.015 0.018
 475.61294 18.058 0.020
 475.67906 18.100 0.024
 475.73119 17.976 0.022
 476.76521 17.951 0.020
 477.55090 17.984 0.017
 477.60220 18.016 0.016
 477.74967 18.029 0.018
 477.83053 17.954 0.019
 478.55706 17.962 0.017
 478.77744 18.031 0.017
 478.83639 17.991 0.017
 479.55588 17.925 0.017
 479.59977 18.007 0.016
 479.74810 18.059 0.018
 479.83738 17.992 0.023
 480.59193 17.918 0.018
 480.67309 17.997 0.016
 480.76666 18.058 0.018
 480.81080 18.029 0.019
 481.57710 17.970 0.018
 481.72548 18.043 0.017
 481.76946 18.058 0.023
 481.81341 18.044 0.019
 482.72634 18.002 0.017
 482.80426 18.045 0.016
 483.59261 17.970 0.020
 483.63708 17.966 0.018
 483.68092 17.977 0.018
 483.72492 17.965 0.017
 483.76883 18.015 0.018
 483.81274 18.054 0.022
 484.59129 17.981 0.018
 484.69997 17.931 0.016
 484.74433 17.992 0.017
 484.78834 18.000 0.018
 485.59493 18.017 0.017
 485.74187 17.967 0.017
 485.78598 17.990 0.018
 486.59146 18.061 0.019
 486.63702 17.990 0.017
 486.73353 17.924 0.017
 486.77871 17.962 0.016
 487.61841 18.020 0.016
 487.66668 18.014 0.016
 487.71450 17.966 0.014
 487.75860 17.977 0.017
 487.80277 17.995 0.018
 488.60389 18.048 0.017
 488.64786 18.052 0.016
 488.71671 17.986 0.017
 488.76071 17.963 0.018
 488.80478 17.956 0.019
 489.57964 18.026 0.016
 489.66864 18.029 0.016
 489.71252 17.977 0.017
 489.75647 17.943 0.016
 490.57287 18.004 0.014
 490.71006 18.022 0.017
 490.75417 17.981 0.017
 490.79817 17.949 0.016
 491.59738 18.002 0.017
 491.64919 18.029 0.018
 491.69334 18.022 0.017
 491.80675 17.972 0.019
 492.58157 17.986 0.019
 492.65588 18.002 0.017
 493.62908 17.963 0.016
 494.57933 17.991 0.017
 494.62325 17.973 0.016
 494.66747 17.956 0.018
 494.71180 18.027 0.017
 494.75678 18.036 0.018
 495.58213 17.981 0.020
 495.65576 17.969 0.019
 495.70925 17.958 0.023
 496.57750 17.994 0.019
 496.62229 17.927 0.019
 496.66637 17.993 0.023
 496.71127 17.979 0.025
 498.57658 18.041 0.018
 498.62062 17.987 0.016
 498.73437 17.966 0.018
 498.77830 18.055 0.022
 499.57153 18.045 0.019
 499.61724 18.002 0.017
 499.75754 17.971 0.024
 500.55536 18.075 0.028
 500.61425 18.054 0.024
 500.65914 17.962 0.019
 500.71029 17.933 0.020
 500.75476 17.904 0.028
 501.57844 18.055 0.022
 501.69718 18.018 0.025
 507.56687 17.947 0.016
 507.61204 18.031 0.023
 507.68386 18.001 0.028
 509.56270 17.965 0.018
 509.60979 18.000 0.019
 509.66212 17.983 0.020
 510.60436 17.969 0.018
 510.64993 17.935 0.019
 510.69750 18.006 0.022
 511.68980 17.955 0.023
 512.59648 17.986 0.016
 512.64480 17.934 0.027
 512.71912 17.916 0.016
 513.57677 18.059 0.018
 513.62233 17.997 0.016
 513.71405 17.911 0.014
 514.58500 18.046 0.017
 514.65410 17.985 0.018
 514.70442 17.942 0.017
 514.75131 17.967 0.019
 515.57916 18.026 0.017
 515.63389 18.046 0.017
 515.68215 18.004 0.018
 516.58546 18.059 0.023
 516.63967 18.019 0.019
 516.68664 18.031 0.019
 516.73315 17.957 0.019
 517.58346 17.992 0.018
 517.63329 18.050 0.022
 517.68328 18.066 0.022
 517.72942 17.976 0.020
 518.62081 17.993 0.020
 518.66605 17.996 0.020
 518.71512 18.000 0.024
 519.58141 17.965 0.017
 519.62806 18.024 0.020
 519.71048 18.052 0.023
 520.72222 18.021 0.022
 521.57773 17.948 0.020
 521.62285 18.032 0.023
 521.68562 18.028 0.025
 523.58692 17.931 0.019
 523.63960 17.968 0.018
 523.68949 18.016 0.023
 524.57930 18.010 0.023
 524.62931 18.015 0.025
 526.56640 18.003 0.028
 527.69155 17.994 0.023
 530.58168 18.043 0.030
 531.57911 18.070 0.024
 532.56857 17.974 0.022
 533.58580 18.001 0.024
 534.57500 17.994 0.030
 534.61912 17.973 0.024
 534.67088 18.028 0.024
 535.55959 17.964 0.018
 535.61989 17.993 0.023
 536.53875 17.975 0.017
 536.58394 17.970 0.020
 536.63444 17.951 0.020
 537.53332 17.982 0.018
 537.63353 17.968 0.018
 537.68037 18.013 0.028
 538.52131 17.985 0.023
 538.57306 17.969 0.018
 539.52995 18.071 0.020
 539.64107 17.933 0.017
 539.68513 17.973 0.018
 541.54034 18.058 0.018
 541.59736 17.990 0.016
 542.52943 18.011 0.017
 542.58132 18.062 0.018
 542.62878 18.036 0.018
 542.67293 18.004 0.023
 543.56766 18.026 0.018
 543.61172 18.078 0.020
 543.64877 18.011 0.019
 544.52044 17.963 0.018
 544.56472 18.017 0.019
 544.60901 18.061 0.020
 544.65421 18.063 0.020
 551.51018 18.013 0.017
 552.52163 17.985 0.019
 553.52693 17.997 0.024
 554.50370 18.073 0.028
 554.58915 18.001 0.033
 555.51000 18.055 0.031
 557.61058 18.019 0.033
 558.55736 18.054 0.045
 559.54119 17.971 0.027
 560.51920 17.994 0.030
 562.52081 17.962 0.028
 564.52198 17.997 0.027
 565.52780 18.000 0.027
 566.52177 18.027 0.023
 567.52282 18.036 0.020
 568.50809 18.017 0.036
 569.51789 18.095 0.028
 571.50371 18.031 0.024
 572.53374 17.983 0.025
 574.49556 17.973 0.023
 575.49415 17.949 0.028
 577.50313 17.939 0.025
 578.51665 17.991 0.023
 582.49883 17.999 0.030
 583.50158 18.011 0.024
 672.88703 17.975 0.020
 689.87102 17.938 0.023
 699.87223 17.952 0.022
 701.83783 17.973 0.028
 704.88033 17.940 0.023
 706.86176 18.052 0.030
 714.82922 17.922 0.019
 716.79380 18.036 0.023
 720.85014 18.029 0.024
 728.78896 18.004 0.022
 729.78899 18.024 0.025
 730.74454 18.072 0.024
 733.83555 18.064 0.033
 741.83879 17.966 0.024
 745.79363 18.021 0.023
 747.84201 18.004 0.023
 753.79589 18.010 0.027
 759.83043 18.013 0.020
 766.80459 17.955 0.029
 772.82368 17.986 0.023
 775.80543 18.031 0.020
 779.82408 17.973 0.024
 787.80047 18.070 0.022
 789.78449 17.990 0.022
 790.79495 17.990 0.025
 795.75259 17.994 0.022
 796.82448 17.925 0.022
 797.75224 17.997 0.022
 798.72420 18.027 0.022
 805.80910 18.031 0.031
 816.78012 18.027 0.023
 817.69934 17.995 0.020
 819.79903 17.999 0.024
 822.81323 17.976 0.017
 824.84253 17.930 0.022
 826.66596 18.017 0.025
 829.73659 18.029 0.028
 832.69280 17.959 0.022
 836.79164 17.990 0.029
 840.67099 17.967 0.028
 843.67146 17.976 0.020
 850.64503 18.039 0.024
 854.68284 18.016 0.025
 855.64976 18.025 0.034
 856.61609 17.928 0.024
 858.58865 17.949 0.023
 864.73873 17.994 0.036
 875.56399 18.029 0.023
 880.54956 17.992 0.022
 887.56286 18.032 0.028
 892.69114 18.051 0.025
 895.53728 17.960 0.025
 898.54413 17.981 0.019
 918.53128 18.039 0.041
 922.61147 18.039 0.028
 928.53746 17.988 0.030
 931.55937 18.029 0.034
 933.56912 18.046 0.023
 947.50877 18.041 0.036
 952.50257 17.954 0.024
1045.89717 18.039 0.025
1051.87742 17.938 0.028
1052.91262 17.970 0.024
1053.89284 18.013 0.020
1054.90854 17.977 0.022
1059.89378 18.035 0.029
1061.90355 18.037 0.029
1068.90163 18.005 0.020
1076.87294 17.955 0.023
1081.87606 18.044 0.028
1087.82311 17.987 0.024
1091.82563 17.965 0.028
1102.80804 17.965 0.016
1106.86308 17.989 0.022
1107.79085 18.084 0.024
1113.80363 17.973 0.022
1119.80836 18.014 0.024
1126.86442 18.040 0.025
1131.70218 17.990 0.034
1132.75418 18.017 0.022
1136.78749 18.032 0.023
1138.81160 18.042 0.022
1142.67863 17.980 0.019
1144.74754 17.914 0.019
1151.77338 18.060 0.024
1155.77268 17.967 0.020
1158.77022 18.006 0.022
1161.74814 18.046 0.019
1165.76888 18.047 0.023
1169.76375 17.929 0.022
1174.73759 18.041 0.023
1179.75440 17.979 0.025
1181.82646 18.043 0.027
1186.78089 17.952 0.020
1187.84216 17.973 0.020
1189.85096 17.957 0.020
1196.72090 17.949 0.024
1201.72973 18.043 0.025
1203.74960 18.040 0.023
1207.60651 17.942 0.030
1211.64426 18.029 0.024
1214.64514 18.030 0.029
1217.62001 17.975 0.019
1220.62484 17.941 0.020
1223.65107 17.990 0.022
1225.59200 18.052 0.020
1227.67251 18.032 0.029
1231.56843 17.954 0.028
1234.61666 17.990 0.023
1236.62415 18.003 0.031
1240.57661 18.015 0.025
1242.67832 18.037 0.029
1244.62793 18.007 0.024
1247.55850 18.017 0.030
1252.67436 17.935 0.036
1256.54322 17.972 0.031
1260.56870 17.951 0.023
1265.54368 18.031 0.025
1273.58956 17.973 0.035
1277.52584 18.061 0.028
1281.56961 18.040 0.033
1288.52412 17.967 0.030
1290.59152 17.969 0.027
1296.52887 18.011 0.030
1298.56678 17.983 0.030
1301.50851 17.959 0.029
1305.55431 18.034 0.028
1308.48382 17.971 0.027
1313.53032 17.979 0.033
1316.52218 18.039 0.017
1319.49845 18.025 0.025
1329.50753 17.925 0.031
1332.48280 18.055 0.038
1340.46994 17.997 0.034
1412.85680 17.974 0.027
1418.85403 18.017 0.029
1430.90855 17.994 0.024
1432.84237 18.066 0.031
1435.81840 17.955 0.034
1437.80229 17.936 0.030
1440.84994 17.954 0.027
1446.86203 18.074 0.034
1447.88756 18.021 0.031
1451.87183 18.015 0.028
1455.85063 17.959 0.036
1459.78930 18.009 0.029
1462.79357 18.005 0.027
1470.85395 17.972 0.022
1475.76656 17.963 0.023
1478.72193 17.981 0.029
1481.69560 18.046 0.030
1487.72499 18.007 0.023
1490.72182 17.962 0.024
1492.71494 18.004 0.025
1495.71344 18.022 0.024
1499.67122 17.967 0.030
1502.66645 17.943 0.027
1505.70705 18.024 0.027
1507.84051 17.921 0.024
1510.81648 18.017 0.023
1512.71326 18.013 0.030
1514.82435 18.074 0.028
1517.65982 17.968 0.023
1519.73345 17.963 0.020
1521.66920 18.043 0.024
1523.78997 18.007 0.028
1525.78432 18.110 0.023
1527.71327 18.007 0.020
1528.75962 18.020 0.022
1529.78072 18.029 0.022
1531.77383 17.983 0.023
1538.73037 18.046 0.024
1541.68646 17.940 0.019
1542.71633 18.000 0.023
1544.64235 17.954 0.020
1547.76929 17.946 0.019
1548.74688 17.959 0.020
1549.74114 17.997 0.019
1552.60587 17.972 0.020
1554.73236 18.004 0.019
1555.73907 18.002 0.020
1562.74203 18.019 0.034
1564.62059 17.946 0.030
1567.71319 17.966 0.027
1570.61853 17.994 0.022
1574.76046 17.958 0.019
1577.71014 18.032 0.024
1580.74620 18.019 0.024
1583.63157 18.008 0.024
1585.75345 17.953 0.022
1589.63640 18.024 0.023
1592.62817 18.001 0.022
1595.67408 17.972 0.027
1599.61571 17.977 0.020
1601.69174 17.975 0.029
1604.57329 17.957 0.024
1606.60816 17.997 0.025
1609.64951 17.952 0.023
1610.63463 17.986 0.024
1613.52566 18.074 0.029
1615.55763 18.035 0.027
1617.62898 18.039 0.023
1619.61265 17.997 0.028
1620.56382 17.988 0.029
1622.51398 17.938 0.024
1624.51055 18.073 0.030
1626.51137 18.025 0.029
1627.63248 18.019 0.031
1629.51150 18.034 0.027
1630.59290 18.041 0.024
1632.52945 17.988 0.024
1634.50717 17.935 0.022
1643.49911 18.009 0.024
1646.49807 17.969 0.038
1650.56928 17.995 0.051
1654.53651 18.052 0.029
1656.52271 18.026 0.025
1659.53019 17.998 0.028
1663.57976 17.935 0.022
1667.52103 18.072 0.034
1670.54278 18.017 0.030
1673.51323 17.950 0.038
1681.48315 18.097 0.046
1691.53107 17.963 0.027
1694.48762 18.043 0.034
1769.87470 18.032 0.028
1771.90152 18.004 0.039
1772.88137 17.990 0.025
1775.88245 17.949 0.023
1784.86706 17.977 0.028
1789.85574 17.988 0.018
1804.80537 18.060 0.029
1812.80046 17.957 0.020
1816.81182 18.035 0.022
1821.80240 17.999 0.020
1823.84451 18.000 0.019
1826.82759 17.978 0.027
1829.80127 18.012 0.030
1830.81457 18.040 0.030
1834.85355 18.048 0.028
1845.85099 18.013 0.019
1859.79069 18.045 0.023
1861.80789 18.062 0.023
1864.78534 17.980 0.019
1865.76553 18.010 0.020
1867.81931 17.960 0.019
1868.80488 17.948 0.017
1870.73819 18.070 0.020
1871.82217 17.960 0.018
1873.78175 18.031 0.022
2167.86807 18.076 0.033
2186.84186 18.005 0.046
2190.82726 18.009 0.027
2192.87023 17.963 0.029
2193.79178 18.035 0.024
2202.79126 17.976 0.030
2214.83893 17.994 0.040
2224.79337 18.014 0.029
2227.70424 18.006 0.031
2229.70971 18.011 0.034
2231.67808 18.067 0.035
2233.64640 18.008 0.028
2236.65875 17.934 0.031
2239.62679 17.986 0.038
2241.71371 17.986 0.035
2243.76742 17.957 0.030
2247.84931 17.968 0.030
2248.85196 17.993 0.027
2250.78200 18.056 0.028
2252.69899 17.987 0.029
2254.69027 17.957 0.024
2257.69848 18.009 0.027
2260.70395 18.025 0.025
2263.73081 18.090 0.040
2264.70952 17.970 0.025
2266.69531 17.981 0.031
2270.76248 17.941 0.027
2271.84323 17.936 0.019
2272.74868 17.952 0.033
2274.74022 18.043 0.029
2276.80160 18.066 0.039
2278.66585 17.952 0.031
2280.74419 17.961 0.027
2282.74010 17.979 0.028
2284.81432 17.974 0.025
2289.80358 18.090 0.030
2292.82001 18.064 0.039
2294.78812 17.964 0.046
2296.80881 17.919 0.046
2298.80244 17.969 0.034
2300.78007 18.010 0.041
2302.75319 17.996 0.036
2304.79163 18.112 0.048
2315.67893 17.941 0.027
2324.53678 18.093 0.044
2328.52368 17.997 0.040
2334.51697 18.023 0.029
2364.50646 17.989 0.044
2385.52393 17.940 0.038
2529.86808 18.055 0.031
2539.86806 17.945 0.036
2545.83527 18.020 0.034
2552.89377 17.971 0.035
2556.88243 18.039 0.031
2560.79169 17.971 0.029
2561.79321 17.974 0.033
2565.79967 17.978 0.035
2574.74973 17.928 0.028
2578.81808 17.951 0.034
2586.74015 17.928 0.033
2590.78842 17.907 0.030
2596.79513 18.076 0.035
2605.83493 17.964 0.030
2609.79999 18.045 0.041
2614.77734 17.929 0.034
2618.80793 17.979 0.035
2621.73308 18.037 0.029
2624.65264 17.953 0.031
2627.76172 17.961 0.038
2629.78266 17.952 0.033
2632.68247 18.035 0.029
2635.78309 17.983 0.029
2638.70089 18.000 0.031
2640.79758 18.017 0.041
2642.75583 17.947 0.040
2644.75481 17.932 0.028
2646.71449 17.983 0.030
2650.76579 18.012 0.034
2652.86017 18.018 0.033
2654.78918 18.067 0.036
2656.69466 17.950 0.036
2658.65709 18.015 0.031
2660.67627 18.051 0.038
2662.69085 18.025 0.035
2664.66583 18.008 0.033
2666.73138 18.030 0.028
2668.72228 17.971 0.031
2672.81599 17.996 0.034
2674.72185 18.048 0.034
2676.71102 18.088 0.033
2678.78338 18.046 0.029
2680.67012 18.005 0.031
2682.71544 17.945 0.039
2687.60386 17.981 0.038
2692.60254 17.960 0.031
2696.59376 17.999 0.034
2701.58545 18.041 0.041
2708.51512 18.083 0.048
2715.51075 17.985 0.048
2870.92906 18.018 0.040
2890.86355 18.121 0.050
2895.89942 18.010 0.029
2900.86365 17.959 0.029
2911.84905 17.988 0.025
2917.76302 18.040 0.033
2922.88518 18.035 0.041
2926.81812 17.932 0.031
2931.74637 18.031 0.031
2934.78715 17.979 0.028
2940.76767 17.935 0.028
2943.77186 18.050 0.033
2947.78050 18.017 0.027
2949.87036 18.006 0.036
2950.69431 17.937 0.030
2954.71764 18.048 0.040
2956.76299 18.029 0.031
2958.80465 18.008 0.031
2962.80179 17.995 0.025
2965.82480 17.984 0.027
2968.69250 18.035 0.031
2973.76601 18.027 0.029
2976.63244 17.999 0.034
2978.83351 17.977 0.028
2980.74848 17.970 0.028
2982.75655 18.022 0.027
2984.78814 18.011 0.029
2987.66953 17.973 0.033
2989.62763 17.968 0.027
2991.69160 17.950 0.027
2993.71192 18.020 0.036
2995.78677 17.945 0.029
2997.75738 18.007 0.030
2999.65707 18.035 0.027
3000.70597 17.950 0.030
3002.69426 17.955 0.027
3004.69512 17.886 0.025
3006.63861 18.014 0.030
3008.79352 17.939 0.029
3010.71309 18.068 0.040
3011.76805 18.065 0.044
3015.78562 18.062 0.046
3017.77331 17.970 0.029
3019.72702 17.945 0.034
3021.82000 17.938 0.029
3023.68208 18.041 0.024
3025.65351 18.001 0.024
3027.69908 18.003 0.028
3029.68399 17.966 0.028
3031.75406 17.974 0.030
3033.81765 18.015 0.030
3036.61613 18.009 0.027
3039.55801 17.983 0.030
3041.66605 18.002 0.044
3043.67676 17.949 0.039
3045.73963 17.968 0.033
3047.69328 17.965 0.033
3048.62449 18.058 0.024
3050.64151 18.025 0.025
3052.64290 18.055 0.028
3054.64738 18.018 0.033
3056.63554 17.946 0.025
3058.62948 17.951 0.031
3060.67910 17.991 0.029
3066.52541 17.888 0.040
3068.56496 17.988 0.035
3070.63721 17.949 0.040
3073.65705 17.935 0.031
3076.58090 18.036 0.041
3078.66769 18.067 0.034
3082.64469 17.959 0.023
3085.54713 18.021 0.031
3088.51013 18.002 0.035
3090.65184 18.011 0.033
3093.53444 17.979 0.039
3098.64375 17.986 0.034
3102.61446 18.009 0.035
3105.62019 18.050 0.035
3108.59815 17.980 0.028
3111.54653 17.924 0.039
3129.48884 18.023 0.041
3134.50970 17.999 0.035
3216.90355 17.972 0.039
3242.83830 17.992 0.034
3248.89105 17.925 0.031
3264.83869 18.014 0.027
3270.90539 18.041 0.035
3274.79075 18.015 0.035
3278.84570 17.999 0.034
3282.82188 18.069 0.030
3287.79529 17.946 0.022
3295.75289 18.047 0.024
3297.74498 17.978 0.022
3299.80913 17.964 0.019
3301.80648 18.012 0.033
3304.87092 17.935 0.029
3307.74035 17.993 0.041
3309.77250 18.053 0.029
3311.77045 17.985 0.029
3320.81808 17.990 0.027
3327.78599 17.949 0.027
3330.74435 18.072 0.038
3334.84384 18.041 0.039
3339.79167 17.984 0.029
3353.83797 18.043 0.030
3357.62826 18.011 0.030
3360.66709 18.047 0.028
3363.77535 18.073 0.030
3369.85265 17.928 0.031
3375.78900 18.046 0.030
3378.71453 18.001 0.027
3387.70757 18.052 0.038
3394.59764 18.052 0.034
3396.64849 18.004 0.029
3399.75111 18.038 0.039
3403.73847 18.049 0.029
3408.62292 18.004 0.027
3413.57790 18.006 0.027
3417.59499 17.926 0.027
3425.60314 18.083 0.039
3431.59113 17.963 0.024
3437.56667 18.071 0.031
3446.53576 17.972 0.029
3456.49730 17.956 0.035
3474.48389 18.069 0.045
3603.92609 18.022 0.030
3619.86910 17.999 0.028
3633.84559 18.048 0.034
3639.81205 17.999 0.024
3644.84810 18.032 0.025
3651.79055 18.030 0.027
3654.83832 17.992 0.027
3658.80191 18.036 0.030
3660.82671 18.044 0.035
3665.82070 17.985 0.033
3670.79042 18.067 0.034
3673.80054 18.011 0.025
3676.80058 17.938 0.024
3684.85458 18.009 0.027
3687.82694 18.031 0.025
3690.74688 18.009 0.030
3693.78439 17.986 0.028
3695.81571 18.001 0.025
3698.80528 18.039 0.031
3700.82391 18.054 0.038
3703.75798 17.973 0.025
3705.82218 17.984 0.023
3708.80998 18.049 0.035
3712.76750 18.013 0.025
3714.83827 18.074 0.027
3717.73067 17.951 0.031
3720.81876 17.958 0.030
3724.73639 18.044 0.025
3727.81098 18.004 0.028
3728.77373 17.965 0.025
3731.77727 17.942 0.023
3732.76036 17.956 0.023
3735.61678 18.033 0.023
3737.78665 18.012 0.022
3740.74857 17.978 0.023
3742.75588 17.981 0.034
3745.79184 18.021 0.028
3747.79444 17.965 0.045
3748.76165 18.009 0.038
3750.77183 18.079 0.033
3752.78189 18.038 0.034
3754.79968 18.078 0.029
3757.58065 18.083 0.033
3759.78574 17.973 0.027
3763.65767 18.003 0.019
3766.61407 17.938 0.023
3770.70060 17.969 0.030
3773.73335 17.974 0.031
3776.70506 18.043 0.038
3779.65834 17.955 0.040
3783.57501 18.008 0.028
3788.54773 17.967 0.023
3792.58520 17.965 0.027
3800.56708 18.060 0.029
3810.52513 18.074 0.036
3824.49532 18.042 0.036
3950.91893 18.029 0.030
3964.91767 18.024 0.023
3970.84256 17.925 0.028
3981.91111 18.014 0.031
3990.89983 18.006 0.031
3998.90362 18.033 0.029
4003.71731 18.041 0.025
4005.89303 18.001 0.024
4006.73859 17.971 0.024
4008.75938 17.982 0.023
4013.75992 18.055 0.031
4018.89250 17.977 0.033
4024.75646 17.985 0.023
4026.83410 17.948 0.025
4029.77869 17.998 0.028
4032.80953 18.062 0.039
4038.76126 17.999 0.028
4041.72123 18.080 0.029
4043.72617 18.109 0.033
4046.81955 18.072 0.031
4049.68871 17.948 0.025
4052.75003 17.934 0.022
4054.73699 18.022 0.038
4056.79600 17.947 0.024
4058.84316 18.014 0.028
4063.72598 17.924 0.024
4065.84912 18.030 0.030
4067.69102 18.008 0.024
4070.71325 18.004 0.027
4074.78199 18.086 0.031
4077.83076 17.990 0.027
4080.70734 17.996 0.029
4084.63566 17.960 0.029
4086.79139 18.013 0.030
4093.83277 17.943 0.025
4105.85098 18.096 0.038
4111.77011 18.056 0.024
4117.71051 17.981 0.028
4121.68847 18.044 0.040
4124.77073 17.991 0.023
4132.72664 17.846 0.033
4142.74838 17.980 0.048
4156.58349 17.970 0.029
4168.54399 17.954 0.028
4198.49812 18.064 0.038
4343.83412 17.978 0.033
4347.90118 17.945 0.029
4353.83435 18.043 0.029
4358.78576 17.939 0.041
4363.82827 17.969 0.039
4367.78807 17.997 0.034
4370.82483 17.970 0.035
4373.82426 17.926 0.027
4377.84327 18.024 0.034
4380.88794 18.058 0.031
4386.83380 17.941 0.034
4390.79580 18.039 0.031
4394.81339 18.030 0.027
4399.76996 17.958 0.035
4407.73288 18.020 0.031
4412.75651 17.881 0.031
4418.84202 17.970 0.024
4422.73413 17.970 0.028
4427.70978 17.956 0.031
4430.71310 18.080 0.045
4433.73072 18.092 0.034
4436.81208 18.027 0.035
4440.67297 17.969 0.031
4443.76542 17.992 0.035
4449.72804 17.971 0.027
4451.76762 17.977 0.029
4452.74693 18.013 0.034
4455.73711 17.961 0.033
4457.76732 18.061 0.041
4459.73199 18.071 0.033
4462.70980 18.030 0.031
4464.78014 18.008 0.034
4467.75588 17.964 0.025
4471.81380 17.962 0.029
4472.64319 18.024 0.025
4476.69674 17.967 0.025
4480.80021 18.017 0.028
4483.78849 17.935 0.033
4486.81477 17.965 0.040
4492.67256 17.976 0.033
4497.73425 17.931 0.027
4500.57591 18.018 0.031
4502.71711 18.013 0.038
4507.72000 17.954 0.031
4509.67169 17.980 0.033
4521.66832 17.927 0.030
4523.65334 18.013 0.034
4525.61801 18.031 0.034
4531.59400 17.916 0.025
4533.59637 17.994 0.029
4537.64645 18.030 0.033
4539.56558 18.040 0.035
4541.64776 18.104 0.034
