 831.63396 14.569 0.005
 831.68257 14.592 0.005
 832.78046 14.737 0.005
 833.71308 14.711 0.005
 834.74296 14.535 0.005
 836.67974 14.743 0.005
 837.70959 14.604 0.005
 838.75662 14.636 0.005
 839.71109 14.744 0.005
 840.69628 14.667 0.005
 841.77102 14.581 0.005
 842.69178 14.713 0.005
 843.69732 14.718 0.005
 844.69136 14.554 0.005
 845.80092 14.675 0.005
 846.75674 14.752 0.005
 850.73540 14.678 0.005
 854.78040 14.556 0.005
 855.72576 14.660 0.005
 856.68775 14.760 0.005
 857.69157 14.645 0.005
 858.71004 14.584 0.005
 859.66668 14.731 0.005
 860.69665 14.706 0.005
 866.58130 14.738 0.005
 867.56158 14.689 0.005
 874.56233 14.654 0.005
 875.61601 14.580 0.005
 876.55236 14.738 0.005
 877.50793 14.710 0.005
 878.60016 14.543 0.005
 879.58373 14.683 0.005
 880.57777 14.750 0.005
 881.51605 14.590 0.005
 885.54882 14.551 0.005
 887.51431 14.739 0.005
 890.52887 14.750 0.005
 891.51558 14.641 0.005
 892.50485 14.602 0.005
 893.65863 14.750 0.005
 895.62967 14.553 0.005
 896.63636 14.722 0.005
 900.60784 14.759 0.005
 918.56106 14.617 0.005
 920.52574 14.748 0.005
 922.52638 14.544 0.005
 925.61584 14.567 0.005
 934.51235 14.761 0.005
1074.82655 14.636 0.005
1076.85855 14.658 0.005
1080.74929 14.547 0.005
1083.86923 14.602 0.005
1084.86486 14.603 0.005
1087.88898 14.554 0.005
1090.73255 14.576 0.005
1091.79649 14.652 0.005
1092.84415 14.749 0.005
1093.79223 14.649 0.005
1106.81564 14.714 0.005
1108.83114 14.672 0.005
1116.77171 14.746 0.005
1126.72556 14.751 0.005
1131.79485 14.564 0.005
1132.86603 14.728 0.005
1136.85236 14.750 0.005
1137.84838 14.602 0.005
1141.72163 14.562 0.005
1142.81603 14.698 0.005
1152.77411 14.670 0.005
1154.79901 14.571 0.005
1156.72687 14.754 0.005
1158.79921 14.567 0.005
1159.78211 14.708 0.005
1160.85142 14.711 0.005
1161.84596 14.546 0.005
1163.84927 14.747 0.005
1165.82590 14.613 0.005
1167.80921 14.696 0.005
1168.79225 14.544 0.005
1171.78282 14.569 0.005
1175.78179 14.590 0.005
1179.83196 14.682 0.005
1182.85458 14.642 0.005
1183.85283 14.761 0.005
1186.85631 14.729 0.005
1192.73971 14.597 0.005
1193.68211 14.729 0.005
1194.73298 14.691 0.005
1195.69392 14.559 0.005
1196.66813 14.689 0.005
1202.75763 14.587 0.005
1204.73432 14.703 0.005
1207.74526 14.740 0.005
1211.75639 14.660 0.005
1214.67047 14.735 0.005
1215.57527 14.555 0.005
1216.65170 14.644 0.005
1217.73342 14.751 0.005
1219.64710 14.582 0.005
1220.75512 14.740 0.005
1221.62092 14.706 0.005
1223.70954 14.688 0.005
1224.58950 14.741 0.005
1226.59916 14.621 0.005
1227.60397 14.753 0.005
1230.66877 14.720 0.005
1233.56481 14.667 0.005
1235.70259 14.587 0.005
1237.58487 14.753 0.005
1238.62512 14.670 0.005
1240.70087 14.726 0.005
1242.51880 14.580 0.005
1244.65529 14.758 0.005
1247.51311 14.733 0.005
1248.61333 14.710 0.005
1251.56783 14.752 0.005
1254.58235 14.752 0.005
1255.61560 14.670 0.005
1256.61963 14.561 0.005
1258.60679 14.719 0.005
1261.51258 14.749 0.005
1261.61560 14.743 0.005
1262.61413 14.611 0.005
1263.55121 14.599 0.005
1263.58306 14.600 0.005
1264.52362 14.732 0.005
1265.57092 14.689 0.005
1266.54942 14.547 0.005
1267.54518 14.691 0.005
1268.54074 14.727 0.005
1270.54189 14.637 0.005
1272.52547 14.655 0.005
1273.55192 14.596 0.005
1274.54326 14.733 0.005
1275.55769 14.706 0.005
1276.54802 14.551 0.005
1277.55304 14.693 0.005
1278.55931 14.743 0.005
1279.54211 14.590 0.005
1290.52346 14.594 0.005
1296.60903 14.555 0.005
1298.49998 14.753 0.005
1301.57438 14.727 0.005
1306.49138 14.595 0.005
1315.52377 14.753 0.005
1318.50630 14.746 0.005
1320.49906 14.551 0.005
1330.50926 14.551 0.005
1431.86183 14.553 0.005
1433.85678 14.725 0.005
1435.89857 14.656 0.005
1437.89347 14.643 0.005
1439.84853 14.719 0.005
1441.86720 14.564 0.005
1447.81990 14.661 0.005
1449.86171 14.747 0.005
1454.87525 14.605 0.005
1459.74242 14.704 0.005
1462.82003 14.650 0.005
1471.81770 14.587 0.005
1476.70936 14.705 0.005
1478.78768 14.550 0.005
1484.77585 14.682 0.005
1487.84670 14.719 0.005
1489.75777 14.639 0.005
1491.78648 14.646 0.005
1493.72847 14.719 0.005
1496.62535 14.667 0.005
1498.69243 14.604 0.005
1500.83265 14.753 0.005
1503.66797 14.705 0.005
1505.77522 14.556 0.005
1507.72624 14.767 0.005
1508.67896 14.626 0.005
1509.70419 14.599 0.005
1511.69747 14.696 0.005
1512.80220 14.554 0.005
1514.74583 14.733 0.005
1517.71095 14.747 0.005
1519.66452 14.577 0.005
1522.74469 14.545 0.005
1523.68963 14.673 0.005
1525.66608 14.602 0.005
1527.78557 14.748 0.005
1528.79398 14.655 0.005
1529.83713 14.576 0.005
1531.81530 14.713 0.005
1538.77167 14.693 0.005
1541.81286 14.723 0.005
1542.79622 14.562 0.005
1544.73811 14.750 0.005
1547.81072 14.738 0.005
1548.82022 14.696 0.005
1549.83015 14.551 0.005
1552.70673 14.590 0.005
1553.78172 14.631 0.005
1554.79700 14.739 0.005
1555.78537 14.671 0.005
1555.83842 14.655 0.005
1561.57830 14.742 0.005
1562.78309 14.612 0.005
1566.63104 14.554 0.005
1568.65395 14.733 0.005
1571.71721 14.749 0.005
1575.68003 14.711 0.005
1577.74707 14.689 0.005
1579.71700 14.589 0.005
1581.66493 14.743 0.005
1584.64106 14.711 0.005
1586.64992 14.560 0.005
1590.60323 14.591 0.005
1593.54113 14.556 0.005
1595.61371 14.744 0.005
1596.72714 14.562 0.005
1599.71897 14.642 0.005
1600.64679 14.577 0.005
1600.70917 14.586 0.005
1601.72497 14.740 0.005
1602.70637 14.710 0.005
1604.69865 14.695 0.005
1606.67296 14.606 0.005
1609.68640 14.673 0.005
1610.70399 14.572 0.005
1611.68124 14.721 0.005
1613.67196 14.569 0.005
1615.68200 14.745 0.005
1616.61895 14.639 0.005
1617.66211 14.609 0.005
1618.50346 14.727 0.005
1620.52699 14.560 0.005
1620.67686 14.566 0.005
1622.67133 14.735 0.005
1624.66937 14.658 0.005
1625.64904 14.751 0.005
1627.66553 14.583 0.005
1629.64048 14.710 0.005
1630.65750 14.548 0.005
1633.49496 14.634 0.005
1634.61428 14.616 0.005
1635.62784 14.749 0.005
1644.55435 14.588 0.005
1650.48526 14.615 0.005
1653.52133 14.665 0.005
1654.57288 14.584 0.005
1655.51058 14.702 0.005
1655.57503 14.715 0.005
1656.50124 14.712 0.005
1656.58956 14.696 0.005
1657.49893 14.561 0.005
1657.57558 14.555 0.005
1658.52478 14.681 0.005
1658.56624 14.680 0.005
1659.50858 14.747 0.005
1659.56422 14.747 0.005
1660.50278 14.607 0.005
1661.49646 14.602 0.005
1661.58749 14.624 0.005
1662.50214 14.739 0.005
1662.55720 14.735 0.005
1663.48992 14.688 0.005
1663.55770 14.672 0.005
1664.51702 14.554 0.005
1664.58040 14.562 0.005
1665.53754 14.709 0.005
1665.58464 14.716 0.005
1667.49764 14.568 0.005
1667.57074 14.556 0.005
1669.51081 14.765 0.005
1669.55901 14.775 0.005
1670.49683 14.646 0.005
1671.50014 14.582 0.005
1671.56230 14.590 0.005
1672.52311 14.736 0.005
1672.56509 14.747 0.005
1682.47340 14.717 0.005
1684.47162 14.556 0.005
1687.47956 14.620 0.005
1690.48300 14.694 0.005
1691.48666 14.544 0.005
1694.47362 14.566 0.005
1698.47518 14.584 0.005
1700.47584 14.707 0.005
1701.48524 14.552 0.005
1702.47787 14.684 0.005
1782.89682 14.612 0.005
1783.88795 14.740 0.005
1790.87481 14.745 0.005
1813.80904 14.685 0.005
1818.86142 14.658 0.005
1823.87810 14.680 0.005
1826.86103 14.628 0.005
1843.79699 14.643 0.005
1844.81209 14.754 0.005
1845.70310 14.673 0.005
1850.71438 14.663 0.005
1855.78868 14.686 0.005
1860.76235 14.650 0.005
1864.74858 14.725 0.005
1866.78713 14.557 0.005
1868.74520 14.740 0.005
1869.77958 14.585 0.005
1874.78703 14.726 0.005
2156.89973 14.562 0.005
2161.86670 14.750 0.005
2173.87993 14.579 0.005
2186.81692 14.561 0.005
2192.84923 14.715 0.005
2201.83569 14.711 0.005
2214.81724 14.653 0.005
2221.76014 14.677 0.005
2224.77284 14.623 0.005
2227.67546 14.551 0.005
2229.68893 14.729 0.005
2230.83309 14.563 0.005
2232.85270 14.753 0.005
2234.84745 14.622 0.005
2237.76791 14.551 0.005
2241.69318 14.627 0.005
2243.74700 14.659 0.005
2247.82887 14.551 0.005
2248.83149 14.685 0.005
2250.81888 14.587 0.005
2252.67856 14.742 0.005
2254.66962 14.560 0.005
2257.67630 14.569 0.005
2260.68302 14.626 0.005
2264.68839 14.552 0.005
2266.67450 14.726 0.005
2270.68220 14.646 0.005
2271.82256 14.589 0.005
2272.83051 14.740 0.005
2274.67217 14.546 0.005
2276.77813 14.741 0.005
2277.83142 14.568 0.005
2279.84903 14.742 0.005
2280.82257 14.654 0.005
2282.71945 14.705 0.005
2288.78081 14.616 0.005
2290.81808 14.675 0.005
2292.79113 14.703 0.005
2294.76744 14.564 0.005
2296.78308 14.751 0.005
2298.73978 14.586 0.005
2300.75028 14.703 0.005
2302.72695 14.678 0.005
2304.77116 14.575 0.005
2323.60335 14.731 0.005
2327.58879 14.708 0.005
2333.59882 14.734 0.005
2345.53630 14.544 0.005
2351.51443 14.662 0.005
2369.51289 14.570 0.005
2385.49765 14.617 0.005
2529.84322 14.720 0.005
2539.84565 14.737 0.005
2545.81488 14.711 0.005
2552.86886 14.736 0.005
2556.86022 14.702 0.005
2560.76930 14.627 0.005
2564.87687 14.562 0.005
2573.87327 14.707 0.005
2578.79762 14.612 0.005
2583.85202 14.719 0.005
2590.75854 14.697 0.005
2596.77115 14.745 0.005
2605.80110 14.622 0.005
2609.77052 14.708 0.005
2614.72878 14.639 0.005
2618.78375 14.543 0.005
2621.70884 14.591 0.005
2624.61480 14.681 0.005
2627.71307 14.710 0.005
2629.73603 14.668 0.005
2632.66197 14.606 0.005
2635.70921 14.571 0.005
2638.68018 14.564 0.005
2640.77707 14.744 0.005
2642.73355 14.605 0.005
2644.73626 14.691 0.005
2646.69022 14.692 0.005
2650.74604 14.758 0.005
2652.80794 14.579 0.005
2654.76860 14.718 0.005
2656.67402 14.659 0.005
2658.63577 14.632 0.005
2660.65409 14.728 0.005
2662.66505 14.563 0.005
2664.64510 14.722 0.005
2666.70849 14.653 0.005
2668.69461 14.636 0.005
2670.65673 14.725 0.005
2672.79550 14.561 0.005
2674.69625 14.731 0.005
2676.68537 14.639 0.005
2678.73862 14.648 0.005
2680.64937 14.724 0.005
2682.69568 14.554 0.005
2687.57551 14.736 0.005
2693.53472 14.625 0.005
2696.57146 14.585 0.005
2701.55311 14.747 0.005
2707.55983 14.708 0.005
2714.54700 14.736 0.005
2839.92365 14.735 0.005
2867.89465 14.588 0.005
2885.87230 14.657 0.005
2892.90082 14.700 0.005
2897.86973 14.662 0.005
2907.78994 14.696 0.005
2911.82733 14.571 0.005
2916.87773 14.732 0.005
2922.86142 14.631 0.005
2926.79309 14.714 0.005
2930.86279 14.752 0.005
2934.76485 14.701 0.005
2940.74559 14.744 0.005
2943.74985 14.729 0.005
2947.75850 14.755 0.005
2949.84849 14.639 0.005
2953.71563 14.716 0.005
2956.74097 14.655 0.005
2958.76731 14.632 0.005
2962.77983 14.547 0.005
2965.80286 14.570 0.005
2968.67015 14.673 0.005
2973.79364 14.679 0.005
2976.80607 14.634 0.005
2978.71374 14.676 0.005
2980.72616 14.721 0.005
2982.71886 14.563 0.005
2984.76598 14.756 0.005
2986.84865 14.626 0.005
2988.81903 14.675 0.005
2989.77434 14.550 0.005
2991.66946 14.749 0.005
2993.68993 14.640 0.005
2995.76304 14.655 0.005
2997.73544 14.731 0.005
2999.69961 14.548 0.005
3001.79447 14.749 0.005
3003.76516 14.628 0.005
3005.72698 14.688 0.005
3007.64840 14.702 0.005
3009.64622 14.574 0.005
3011.74582 14.751 0.005
3017.75131 14.695 0.005
3019.67935 14.585 0.005
3021.79793 14.746 0.005
3023.65971 14.581 0.005
3025.62762 14.716 0.005
3027.67699 14.673 0.005
3029.66205 14.594 0.005
3031.73194 14.758 0.005
3033.79559 14.569 0.005
3035.80239 14.726 0.005
3038.78002 14.754 0.005
3041.62057 14.718 0.005
3043.65461 14.549 0.005
3045.71753 14.718 0.005
3047.67127 14.641 0.005
3048.60005 14.737 0.005
3050.61956 14.572 0.005
3052.62078 14.713 0.005
3054.62097 14.664 0.005
3056.61344 14.609 0.005
3058.60743 14.737 0.005
3060.65701 14.563 0.005
3068.54294 14.726 0.005
3070.60391 14.555 0.005
3073.63506 14.580 0.005
3078.64407 14.723 0.005
3082.62191 14.746 0.005
3085.52300 14.737 0.005
3087.66121 14.565 0.005
3090.62736 14.565 0.005
3096.54321 14.702 0.005
3099.61299 14.744 0.005
3102.59162 14.752 0.005
3104.57833 14.563 0.005
3107.56205 14.551 0.005
3110.56011 14.614 0.005
3113.53802 14.686 0.005
3128.51054 14.623 0.005
3140.51755 14.693 0.005
3216.88175 14.719 0.005
3241.92466 14.653 0.005
3248.86684 14.606 0.005
3257.89520 14.744 0.005
3264.81654 14.732 0.005
3270.88330 14.735 0.005
3274.76893 14.759 0.005
3277.89098 14.748 0.005
3287.77261 14.730 0.005
3291.70955 14.746 0.005
3295.73102 14.674 0.005
3297.72301 14.700 0.005
3299.78733 14.561 0.005
3301.78454 14.753 0.005
3304.84487 14.749 0.005
3307.71840 14.704 0.005
3309.75064 14.580 0.005
3311.74862 14.767 0.005
3320.79158 14.635 0.005
3327.76356 14.672 0.005
3330.72218 14.615 0.005
3334.82110 14.716 0.005
3339.76890 14.651 0.005
3354.78480 14.670 0.005
3358.83350 14.741 0.005
3372.77996 14.753 0.005
3378.69262 14.715 0.005
3387.68515 14.557 0.005
3391.76036 14.651 0.005
3399.72917 14.739 0.005
3403.71653 14.666 0.005
3406.68604 14.722 0.005
3410.63895 14.626 0.005
3415.63616 14.701 0.005
3420.62595 14.658 0.005
3427.59991 14.615 0.005
3433.62253 14.698 0.005
3438.55175 14.590 0.005
3446.50890 14.750 0.005
3455.53224 14.603 0.005
3461.52631 14.568 0.005
3473.48562 14.749 0.005
3619.83807 14.597 0.005
3629.91154 14.614 0.005
3633.87653 14.548 0.005
3639.78902 14.668 0.005
3644.82564 14.675 0.005
3651.76878 14.714 0.005
3654.81631 14.675 0.005
3658.78031 14.738 0.005
3661.85103 14.716 0.005
3668.82376 14.729 0.005
3672.81200 14.758 0.005
3676.76881 14.690 0.005
3684.83078 14.613 0.005
3687.80518 14.569 0.005
3690.72505 14.593 0.005
3693.75906 14.646 0.005
3695.79183 14.730 0.005
3698.77359 14.683 0.005
3700.80217 14.593 0.005
3703.73303 14.689 0.005
3705.80020 14.714 0.005
3708.78813 14.664 0.005
3712.74575 14.738 0.005
3714.81598 14.562 0.005
3717.67843 14.596 0.005
3719.85097 14.764 0.005
3721.81192 14.590 0.005
3726.70775 14.750 0.005
3730.73999 14.682 0.005
3732.73210 14.701 0.005
3735.63149 14.641 0.005
3737.76386 14.628 0.005
3739.83384 14.741 0.005
3741.84678 14.570 0.005
3743.74394 14.726 0.005
3746.78646 14.756 0.005
3748.73962 14.584 0.005
3749.74524 14.732 0.005
3751.75658 14.549 0.005
3753.70807 14.754 0.005
3755.70908 14.611 0.005
3757.69895 14.679 0.005
3759.76373 14.715 0.005
3762.78524 14.668 0.005
3765.77233 14.598 0.005
3770.64484 14.743 0.005
3773.71093 14.747 0.005
3776.68125 14.723 0.005
3779.63581 14.682 0.005
3782.74944 14.624 0.005
3787.61265 14.735 0.005
3792.56336 14.581 0.005
3800.54536 14.753 0.005
3810.50296 14.735 0.005
3823.51272 14.684 0.005
3964.89127 14.647 0.005
3969.92208 14.729 0.005
3981.88987 14.661 0.005
3998.88216 14.680 0.005
3999.84465 14.749 0.005
4001.89365 14.625 0.005
4004.85764 14.568 0.005
4005.87160 14.715 0.005
4008.73784 14.641 0.005
4013.77460 14.711 0.005
4018.86752 14.629 0.005
4024.73495 14.559 0.005
4026.80802 14.745 0.005
4029.75725 14.740 0.005
4032.77252 14.712 0.005
4038.73859 14.595 0.005
4041.69985 14.544 0.005
4043.70471 14.751 0.005
4046.79640 14.755 0.005
4049.66735 14.706 0.005
4052.72875 14.665 0.005
4054.71558 14.634 0.005
4056.77361 14.742 0.005
4058.80595 14.562 0.005
4063.70450 14.737 0.005
4066.76183 14.727 0.005
4068.66671 14.566 0.005
4070.69180 14.723 0.005
4074.75943 14.658 0.005
4077.80798 14.715 0.005
4079.85284 14.700 0.005
4083.69842 14.748 0.005
4085.76415 14.560 0.005
4093.74871 14.725 0.005
4102.86120 14.600 0.005
4105.82123 14.557 0.005
4109.79111 14.624 0.005
4113.74694 14.708 0.005
4120.77717 14.738 0.005
4122.73366 14.563 0.005
4125.78789 14.582 0.005
4132.67566 14.552 0.005
4142.72668 14.562 0.005
4156.56178 14.569 0.005
4168.51643 14.741 0.005
4197.49574 14.625 0.005
4341.92814 14.542 0.005
4347.87968 14.665 0.005
4353.81301 14.747 0.005
4358.91131 14.572 0.005
4364.87574 14.643 0.005
4367.90019 14.686 0.005
4371.76548 14.605 0.005
4377.82183 14.718 0.005
4380.83675 14.750 0.005
4386.81248 14.702 0.005
4390.77441 14.748 0.005
4394.73053 14.714 0.005
4399.74850 14.610 0.005
4407.71153 14.748 0.005
4412.72696 14.559 0.005
4418.82034 14.635 0.005
4426.76406 14.627 0.005
4430.69145 14.703 0.005
4432.75063 14.545 0.005
4436.79056 14.605 0.005
4439.85567 14.553 0.005
4443.74370 14.637 0.005
4449.70655 14.550 0.005
4451.71628 14.734 0.005
4455.71540 14.665 0.005
4457.74584 14.718 0.005
4460.81749 14.681 0.005
4463.73578 14.605 0.005
4466.72477 14.549 0.005
4470.67224 14.634 0.005
4473.71496 14.573 0.005
4477.77347 14.678 0.005
4482.77725 14.662 0.005
4486.75508 14.559 0.005
4492.65022 14.687 0.005
4494.67400 14.700 0.005
4498.70652 14.762 0.005
4501.70383 14.725 0.005
4506.63791 14.598 0.005
4508.66475 14.749 0.005
4510.73072 14.560 0.005
4517.66496 14.610 0.005
4521.64549 14.693 0.005
4524.60820 14.627 0.005
4530.63419 14.557 0.005
4532.65993 14.734 0.005
4536.63219 14.665 0.005
4539.51416 14.733 0.005
4541.62332 14.664 0.005
