2123.92555 16.077 0.007
2130.91614 16.082 0.008
2131.91795 16.187 0.009
2132.91613 16.261 0.008
2134.91771 16.247 0.009
2140.91741 16.272 0.008
2142.90522 16.171 0.008
2144.91562 16.084 0.007
2156.88873 16.193 0.008
2161.85569 16.293 0.008
2173.86826 16.115 0.007
2192.83927 16.151 0.007
2201.82575 16.094 0.007
2214.80731 16.114 0.007
2221.75024 16.092 0.007
2224.76294 16.271 0.007
2227.66558 16.125 0.007
2229.67902 16.116 0.007
2230.82321 16.123 0.007
2232.84275 16.265 0.008
2234.83757 16.224 0.007
2237.75801 16.151 0.007
2241.68325 16.164 0.008
2243.73712 16.085 0.007
2248.81770 16.213 0.007
2250.80440 16.105 0.007
2252.66867 16.281 0.007
2254.65973 16.230 0.007
2257.66640 16.077 0.007
2260.67309 16.279 0.007
2264.67849 16.074 0.007
2266.66461 16.251 0.007
2270.66773 16.126 0.007
2271.81266 16.120 0.007
2272.82059 16.071 0.007
2274.65076 16.273 0.008
2276.76822 16.233 0.007
2277.82154 16.188 0.007
2279.83915 16.097 0.007
2280.81269 16.128 0.007
2282.70231 16.278 0.007
2283.86345 16.286 0.007
2288.77091 16.263 0.008
2290.80819 16.248 0.007
2292.78123 16.143 0.007
2294.75753 16.139 0.009
2296.77319 16.280 0.009
2298.72989 16.197 0.008
2300.74038 16.078 0.007
2302.71702 16.246 0.010
2304.76122 16.264 0.009
2315.64814 16.145 0.007
2323.59246 16.266 0.007
2327.57787 16.095 0.007
2333.58788 16.146 0.008
2339.56424 16.239 0.008
2345.52531 16.275 0.008
2351.50345 16.260 0.008
2369.50088 16.135 0.008
2385.48656 16.110 0.008
2529.83224 16.103 0.007
2539.83472 16.275 0.008
2545.80490 16.205 0.008
2552.85792 16.154 0.008
2556.84932 16.185 0.007
2560.75773 16.288 0.007
2564.86597 16.148 0.007
2573.86333 16.166 0.007
2578.78770 16.143 0.007
2583.84211 16.273 0.008
2590.74770 16.261 0.008
2596.76032 16.284 0.008
2605.78758 16.216 0.007
2609.75971 16.205 0.008
2610.62885 16.260 0.008
2610.73429 16.278 0.009
2610.84079 16.247 0.008
2611.64100 16.236 0.008
2613.62223 16.110 0.008
2613.70004 16.150 0.008
2614.67020 16.076 0.008
2614.75358 16.103 0.007
2614.84518 16.140 0.007
2615.65425 16.144 0.007
2615.77637 16.094 0.007
2615.83410 16.083 0.007
2617.64295 16.265 0.009
2617.73735 16.265 0.009
2617.84581 16.234 0.008
2618.65946 16.256 0.008
2618.75301 16.281 0.008
2619.61623 16.175 0.007
2619.72295 16.211 0.007
2619.84735 16.257 0.007
2620.64613 16.130 0.007
2620.73131 16.168 0.007
2620.84805 16.202 0.007
2621.68015 16.088 0.007
2621.75583 16.116 0.007
2621.84902 16.152 0.007
2622.64612 16.127 0.008
2622.72752 16.082 0.007
2622.84839 16.088 0.007
2623.64484 16.235 0.008
2623.73291 16.184 0.007
2623.84424 16.106 0.007
2624.67544 16.277 0.008
2624.74651 16.265 0.007
2624.84130 16.230 0.007
2625.66043 16.263 0.007
2625.71229 16.276 0.007
2625.82244 16.269 0.007
2626.62923 16.193 0.007
2627.70321 16.163 0.008
2627.73701 16.183 0.009
2627.81090 16.195 0.009
2628.65377 16.085 0.007
2628.73083 16.108 0.007
2628.79798 16.131 0.007
2629.64955 16.104 0.008
2629.72613 16.076 0.007
2629.75787 16.070 0.007
2629.83760 16.089 0.007
2630.63737 16.226 0.008
2630.71692 16.173 0.007
2630.79726 16.129 0.008
2631.64887 16.272 0.008
2632.60482 16.254 0.007
2632.65209 16.264 0.007
2632.73159 16.276 0.007
2632.81213 16.268 0.007
2634.60361 16.123 0.007
2634.69366 16.161 0.007
2634.82749 16.199 0.007
2635.65385 16.091 0.007
2635.69932 16.114 0.007
2635.73115 16.122 0.007
2635.83411 16.157 0.007
2636.68168 16.090 0.007
2636.76208 16.079 0.007
2636.84178 16.102 0.007
2637.64375 16.214 0.007
2637.72236 16.147 0.007
2637.82542 16.094 0.007
2638.62501 16.278 0.007
2638.67030 16.269 0.007
2638.72593 16.245 0.008
2639.59810 16.257 0.007
2639.67844 16.269 0.007
2640.60705 16.210 0.007
2640.74904 16.247 0.007
2640.76720 16.257 0.007
2641.60718 16.146 0.007
2641.74354 16.199 0.007
2641.85439 16.242 0.008
2642.60529 16.074 0.007
2642.70710 16.124 0.007
2643.61220 16.102 0.007
2643.75581 16.080 0.007
2644.59486 16.234 0.008
2644.70534 16.141 0.007
2645.60974 16.294 0.032
2645.74635 16.234 0.007
2645.85274 16.167 0.008
2646.61513 16.267 0.007
2646.68034 16.275 0.007
2646.73971 16.292 0.007
2647.61473 16.211 0.008
2647.72453 16.255 0.007
2649.61191 16.089 0.007
2649.70433 16.127 0.007
2650.63207 16.088 0.007
2650.69357 16.080 0.007
2650.80339 16.108 0.007
2651.62807 16.192 0.008
2651.72383 16.119 0.007
2652.59389 16.261 0.008
2652.67288 16.266 0.008
2652.77040 16.199 0.007
2652.79239 16.188 0.007
2653.60167 16.259 0.008
2653.77467 16.272 0.008
2654.62038 16.213 0.008
2654.69743 16.260 0.008
2654.75482 16.254 0.008
2654.83803 16.257 0.007
2655.60603 16.153 0.007
2655.80504 16.240 0.007
2656.61747 16.096 0.007
2656.66410 16.120 0.008
2656.76649 16.159 0.008
2656.86376 16.204 0.009
2657.61987 16.068 0.007
2657.85641 16.134 0.009
2658.58141 16.212 0.009
2658.62586 16.179 0.008
2658.68092 16.127 0.007
2658.76196 16.081 0.009
2659.63940 16.266 0.008
2660.59412 16.280 0.008
2660.64418 16.288 0.008
2660.73985 16.278 0.008
2661.59918 16.221 0.007
2661.65298 16.244 0.007
2661.85214 16.289 0.008
2662.63790 16.184 0.007
2662.65512 16.190 0.007
2662.77351 16.224 0.007
2663.65249 16.131 0.007
2664.63380 16.074 0.007
2664.70017 16.091 0.008
2664.83811 16.143 0.009
2665.68303 16.117 0.007
2665.82004 16.067 0.007
2666.64230 16.257 0.007
2666.69855 16.221 0.007
2666.76011 16.184 0.007
2667.67727 16.277 0.008
2667.83600 16.249 0.009
2668.68466 16.259 0.007
2668.75161 16.264 0.007
2670.64678 16.146 0.008
2670.68429 16.161 0.009
2671.68720 16.076 0.007
2671.85526 16.164 0.009
2672.66437 16.093 0.008
2672.76383 16.070 0.007
2672.78556 16.078 0.007
2674.66925 16.286 0.007
2674.68631 16.277 0.008
2674.79129 16.249 0.007
2675.64794 16.267 0.007
2675.75478 16.281 0.007
2676.65402 16.204 0.008
2676.67538 16.225 0.007
2676.73478 16.245 0.007
2677.65469 16.146 0.007
2677.71341 16.178 0.007
2678.62777 16.082 0.007
2678.72866 16.115 0.007
2678.75945 16.122 0.007
2679.64827 16.110 0.007
2679.78419 16.088 0.007
2680.63942 16.226 0.007
2680.77021 16.141 0.007
2681.60814 16.274 0.008
2681.71963 16.254 0.008
2682.58552 16.236 0.008
2683.62065 16.204 0.008
2687.56478 16.241 0.008
2693.52402 16.166 0.007
2696.56071 16.250 0.008
2701.54230 16.252 0.009
2714.53618 16.122 0.008
2839.91270 16.234 0.009
2867.88376 16.220 0.008
2885.86147 16.171 0.007
2892.88998 16.209 0.008
2897.85894 16.290 0.008
2903.90475 16.208 0.007
2907.77915 16.122 0.007
2911.81660 16.283 0.007
2916.86702 16.106 0.007
2922.85073 16.090 0.007
2926.78242 16.262 0.007
2930.85214 16.085 0.007
2934.75411 16.197 0.007
2940.73363 16.256 0.007
2943.73922 16.082 0.007
2947.74786 16.263 0.008
2949.83784 16.194 0.007
2953.70505 16.281 0.009
2956.73038 16.163 0.007
2958.75670 16.085 0.007
2962.76850 16.226 0.007
2965.79224 16.076 0.007
2968.65813 16.252 0.008
2973.78304 16.132 0.007
2975.86103 16.273 0.009
2976.79548 16.258 0.007
2978.70315 16.106 0.007
2980.71554 16.160 0.007
2982.70828 16.277 0.008
2984.75542 16.200 0.007
2986.83806 16.110 0.008
2988.80845 16.192 0.007
2989.76375 16.277 0.007
2991.65889 16.164 0.007
2993.64621 16.086 0.007
2995.74717 16.227 0.007
2997.72482 16.265 0.008
2999.68900 16.136 0.007
3001.78387 16.088 0.007
3003.75453 16.275 0.007
3005.71639 16.208 0.007
3007.63776 16.071 0.007
3009.63562 16.259 0.007
3011.73519 16.268 0.009
3013.73937 16.163 0.007
3017.74072 16.263 0.007
3019.66875 16.226 0.008
3021.78730 16.122 0.007
3023.64907 16.221 0.007
3024.85017 16.198 0.007
3027.66635 16.151 0.007
3029.65134 16.089 0.007
3031.72130 16.243 0.007
3033.78493 16.258 0.007
3035.79177 16.151 0.007
3038.76939 16.221 0.008
3041.60990 16.153 0.008
3043.64394 16.075 0.008
3045.70685 16.243 0.007
3047.66059 16.243 0.008
3048.58933 16.157 0.007
3050.60765 16.084 0.007
3052.60480 16.267 0.007
3054.60543 16.225 0.007
3056.60272 16.118 0.007
3060.64630 16.283 0.007
3064.66412 16.088 0.008
3068.53222 16.224 0.008
3070.59313 16.114 0.009
3073.62433 16.234 0.009
3078.63330 16.088 0.007
3082.61114 16.254 0.007
3085.51221 16.088 0.007
3087.65043 16.196 0.007
3090.61653 16.221 0.008
3096.53240 16.269 0.009
3099.60220 16.112 0.008
3102.58080 16.268 0.008
3104.56752 16.223 0.008
3107.55011 16.086 0.008
3110.54926 16.249 0.009
3113.52715 16.100 0.008
3128.49895 16.096 0.008
3140.50665 16.184 0.007
3216.87089 16.085 0.009
3241.91385 16.252 0.007
3248.85604 16.263 0.008
3257.88441 16.166 0.007
3264.80578 16.139 0.007
3270.87253 16.229 0.007
3274.75823 16.249 0.008
3277.88024 16.248 0.007
3287.76196 16.108 0.007
3295.72037 16.257 0.006
3301.77392 16.085 0.007
3304.83423 16.275 0.007
3307.70777 16.115 0.008
3309.74000 16.178 0.007
3311.73799 16.262 0.007
3320.78093 16.192 0.007
3323.72707 16.169 0.008
3327.75295 16.202 0.007
3330.71158 16.144 0.007
3334.81051 16.223 0.008
3338.85895 16.139 0.007
3339.75830 16.260 0.007
3354.77421 16.270 0.008
3358.82288 16.092 0.007
3361.85127 16.266 0.007
3365.75298 16.075 0.007
3372.76938 16.075 0.007
3378.68200 16.100 0.007
3387.66878 16.153 0.008
3391.74976 16.215 0.007
3399.71857 16.162 0.007
3403.70589 16.275 0.007
3406.67471 16.145 0.007
3410.62841 16.283 0.007
3415.62560 16.129 0.007
3427.58930 16.135 0.007
3433.61187 16.204 0.008
3438.54112 16.282 0.007
3446.49819 16.207 0.008
3461.51560 16.218 0.007
3473.47485 16.275 0.008
3575.93349 16.231 0.007
3592.92536 16.229 0.007
3601.92543 16.116 0.007
3619.82735 16.266 0.007
3629.90085 16.145 0.007
3633.86590 16.278 0.007
3639.77838 16.266 0.007
3644.81498 16.083 0.007
3651.75819 16.086 0.007
3654.80570 16.272 0.007
3658.76970 16.081 0.007
3661.84044 16.277 0.008
3668.81315 16.292 0.007
3672.80143 16.090 0.007
3676.75823 16.262 0.007
3684.82027 16.225 0.007
3687.79469 16.089 0.007
3690.71451 16.251 0.007
3693.74858 16.094 0.007
3695.78133 16.162 0.007
3698.76306 16.246 0.007
3700.79164 16.131 0.007
3703.72253 16.270 0.007
3705.78970 16.251 0.007
3708.77763 16.085 0.007
3712.73527 16.242 0.007
3714.80547 16.152 0.007
3717.66792 16.267 0.007
3719.84044 16.266 0.008
3721.80137 16.158 0.007
3726.69722 16.238 0.007
3730.72954 16.133 0.007
3732.72155 16.278 0.007
3734.85239 16.242 0.007
3737.75336 16.097 0.007
3739.82337 16.247 0.007
3741.83626 16.255 0.008
3743.73340 16.096 0.007
3746.77587 16.255 0.008
3748.72911 16.227 0.008
3749.73470 16.177 0.007
3751.74603 16.089 0.007
3753.69756 16.271 0.007
3755.69792 16.218 0.007
3757.68838 16.093 0.007
3759.75316 16.143 0.007
3762.77469 16.244 0.007
3765.76180 16.090 0.007
3770.63427 16.151 0.007
3773.70033 16.153 0.007
3776.67065 16.236 0.007
3779.62522 16.093 0.008
3782.73880 16.277 0.007
3787.60204 16.202 0.007
3792.55275 16.105 0.007
3800.53471 16.095 0.007
3809.54197 16.263 0.008
3823.50203 16.268 0.008
3964.88064 16.197 0.007
3969.90739 16.268 0.007
3980.92123 16.088 0.007
3981.87929 16.099 0.007
3989.90789 16.194 0.007
3998.87164 16.274 0.007
3999.83413 16.205 0.007
4001.88316 16.112 0.006
4004.84712 16.270 0.007
4005.86107 16.288 0.007
4008.72737 16.080 0.007
4011.89425 16.263 0.007
4018.85702 16.282 0.007
4024.72075 16.248 0.007
4026.79758 16.280 0.007
4029.74677 16.099 0.007
4032.75458 16.280 0.008
4038.72816 16.209 0.007
4041.68946 16.202 0.007
4043.69432 16.081 0.007
4046.78604 16.265 0.008
4049.65698 16.143 0.007
4052.71837 16.185 0.007
4054.70520 16.280 0.008
4056.76320 16.189 0.007
4058.79553 16.080 0.007
4063.69415 16.165 0.007
4066.75146 16.107 0.007
4068.65636 16.275 0.007
4070.68146 16.163 0.007
4073.85526 16.078 0.007
4074.74906 16.224 0.007
4077.79757 16.246 0.007
4079.84249 16.122 0.007
4083.68808 16.254 0.008
4085.75379 16.163 0.007
4093.73831 16.107 0.007
4102.85085 16.106 0.007
4105.81088 16.266 0.007
4109.78076 16.112 0.007
4113.73657 16.207 0.007
4120.76681 16.214 0.007
4122.72328 16.091 0.006
4125.77750 16.264 0.007
4132.66527 16.285 0.007
4142.71616 16.155 0.009
4156.55128 16.096 0.007
4168.50589 16.239 0.009
4197.48514 16.207 0.008
4341.91755 16.274 0.008
4347.86750 16.260 0.008
4353.80246 16.222 0.007
4358.90078 16.126 0.007
4364.86522 16.193 0.007
4367.88968 16.135 0.007
4371.75495 16.156 0.008
4377.80977 16.232 0.008
4380.82630 16.085 0.007
4386.80201 16.137 0.008
4390.76394 16.274 0.008
4394.72008 16.088 0.007
4399.73804 16.186 0.008
4404.73625 16.267 0.008
4412.71655 16.256 0.008
4418.80996 16.277 0.007
4421.85577 16.184 0.007
4426.75370 16.266 0.008
4429.86013 16.130 0.010
4430.68016 16.142 0.009
4432.74028 16.262 0.007
4436.78017 16.123 0.007
4439.84526 16.211 0.008
4443.72514 16.111 0.008
4449.69619 16.155 0.007
4451.70595 16.103 0.007
4455.70503 16.242 0.008
4457.73548 16.119 0.007
4460.80714 16.213 0.009
4463.72538 16.187 0.007
4466.71438 16.133 0.007
4470.66184 16.174 0.007
4473.70458 16.123 0.007
4477.76301 16.218 0.008
4482.76684 16.243 0.008
4486.74392 16.102 0.007
4491.71810 16.216 0.008
4494.66343 16.108 0.008
4498.69668 16.221 0.007
4501.69393 16.092 0.007
4506.62801 16.144 0.008
4508.65104 16.093 0.007
4510.72015 16.249 0.007
4517.65435 16.243 0.008
4521.63487 16.116 0.007
4524.59760 16.277 0.008
4530.62107 16.152 0.008
4532.64931 16.285 0.008
4536.62153 16.077 0.007
4539.50349 16.251 0.008
4541.61267 16.202 0.007
