 455.68156 14.953 0.005
 456.68758 14.838 0.005
 456.79712 14.818 0.005
 457.58936 14.828 0.005
 457.63327 14.837 0.005
 457.69192 14.850 0.005
 457.75052 14.863 0.005
 457.80916 14.863 0.005
 457.83863 14.879 0.005
 458.66572 14.959 0.005
 458.73482 14.948 0.005
 459.58296 14.803 0.005
 459.62910 14.795 0.005
 459.68767 14.792 0.005
 459.74711 14.789 0.005
 459.79097 14.786 0.005
 459.83477 14.781 0.005
 461.59385 14.937 0.005
 461.63763 14.922 0.005
 461.69629 14.908 0.005
 461.76583 14.899 0.005
 461.82447 14.890 0.005
 462.59440 14.787 0.005
 462.65301 14.792 0.005
 462.69898 14.797 0.005
 465.70107 14.842 0.005
 465.74552 14.848 0.005
 465.83028 14.855 0.005
 466.68154 14.953 0.005
 466.74809 14.948 0.005
 466.83309 14.948 0.005
 467.68520 14.797 0.005
 467.78980 14.785 0.005
 467.85576 14.774 0.005
 468.69612 14.890 0.005
 468.76203 14.898 0.005
 468.82065 14.913 0.005
 468.85726 14.906 0.005
 469.69279 14.921 0.005
 469.77092 14.899 0.005
 469.83990 14.898 0.005
 470.77149 14.797 0.005
 471.67863 14.939 0.005
 471.81538 14.949 0.005
 472.65327 14.862 0.005
 472.69704 14.858 0.005
 472.74086 14.842 0.005
 472.80677 14.830 0.005
 472.83627 14.832 0.005
 473.72080 14.835 0.005
 474.73283 14.965 0.005
 475.56714 14.817 0.005
 475.62590 14.804 0.005
 475.69200 14.796 0.005
 475.74417 14.788 0.005
 476.77817 14.902 0.005
 477.56389 14.955 0.005
 477.61521 14.955 0.005
 477.76265 14.931 0.005
 477.84348 14.922 0.005
 478.57004 14.786 0.005
 478.79042 14.789 0.005
 478.84938 14.784 0.005
 479.56885 14.902 0.005
 479.61270 14.914 0.005
 479.73193 14.928 0.005
 479.85033 14.937 0.005
 480.60490 14.904 0.005
 480.68607 14.887 0.005
 480.77967 14.874 0.005
 480.82377 14.857 0.005
 481.59009 14.801 0.005
 481.73848 14.827 0.005
 481.78248 14.827 0.005
 481.82638 14.828 0.005
 482.73933 14.954 0.005
 482.81723 14.952 0.005
 483.60559 14.838 0.005
 483.65004 14.830 0.005
 483.69395 14.822 0.005
 483.73787 14.820 0.005
 483.78181 14.811 0.005
 483.82573 14.815 0.005
 484.60432 14.852 0.005
 484.71298 14.865 0.005
 484.75732 14.880 0.005
 484.80132 14.882 0.005
 485.60791 14.959 0.005
 485.75484 14.943 0.005
 485.79897 14.931 0.005
 486.60442 14.793 0.005
 486.69078 14.798 0.005
 486.74652 14.791 0.005
 486.79167 14.785 0.005
 487.63146 14.916 0.005
 487.67964 14.918 0.005
 487.72750 14.923 0.005
 487.77159 14.938 0.005
 487.81574 14.940 0.005
 488.61691 14.927 0.005
 488.66083 14.909 0.005
 488.72968 14.901 0.005
 488.77369 14.893 0.005
 488.81774 14.885 0.005
 489.59261 14.793 0.005
 489.68161 14.808 0.005
 489.72556 14.809 0.005
 489.76946 14.819 0.005
 490.58586 14.943 0.005
 490.72305 14.953 0.005
 490.76712 14.964 0.005
 490.81114 14.967 0.005
 491.61041 14.862 0.005
 491.66218 14.843 0.005
 491.70636 14.842 0.005
 491.81972 14.815 0.005
 492.59453 14.831 0.005
 492.66886 14.848 0.005
 493.59759 14.967 0.005
 493.64205 14.958 0.005
 494.59231 14.808 0.005
 494.63624 14.805 0.005
 494.68042 14.795 0.005
 494.72479 14.797 0.005
 494.76973 14.799 0.005
 495.59510 14.882 0.005
 495.66873 14.900 0.005
 495.72221 14.906 0.005
 496.59044 14.930 0.005
 496.63523 14.924 0.005
 496.67931 14.917 0.005
 496.72424 14.916 0.005
 497.69327 14.788 0.005
 498.58954 14.937 0.005
 498.63359 14.943 0.005
 498.74733 14.956 0.005
 498.79127 14.958 0.005
 499.58451 14.875 0.005
 499.63020 14.865 0.005
 499.77050 14.832 0.005
 500.53918 14.816 0.005
 500.58317 14.819 0.005
 500.62719 14.827 0.005
 500.67213 14.832 0.005
 500.72323 14.841 0.005
 500.76771 14.857 0.005
 501.59139 14.970 0.005
 501.71014 14.965 0.005
 507.57984 14.892 0.005
 507.62501 14.889 0.005
 507.69681 14.864 0.005
 509.57566 14.964 0.005
 509.62279 14.958 0.005
 509.67512 14.955 0.005
 510.61730 14.821 0.005
 510.66286 14.812 0.005
 510.71044 14.801 0.005
 511.70274 14.894 0.005
 512.60949 14.952 0.005
 512.65773 14.964 0.005
 512.73207 14.940 0.005
 513.58974 14.799 0.005
 513.63530 14.789 0.005
 513.72701 14.792 0.005
 514.59796 14.909 0.005
 514.66704 14.927 0.005
 514.71739 14.936 0.005
 514.76426 14.937 0.005
 515.59209 14.907 0.005
 515.64687 14.898 0.005
 515.69510 14.889 0.005
 516.59841 14.807 0.005
 516.65261 14.816 0.005
 516.69959 14.817 0.005
 516.74610 14.820 0.005
 517.59641 14.966 0.005
 517.64622 14.960 0.005
 517.69622 14.971 0.005
 517.74238 14.960 0.005
 518.63376 14.841 0.005
 518.67900 14.833 0.005
 518.72808 14.825 0.005
 519.59436 14.855 0.005
 519.64102 14.867 0.005
 519.72342 14.871 0.005
 520.73517 14.952 0.005
 521.59070 14.808 0.005
 521.63579 14.801 0.005
 521.69859 14.806 0.005
 523.59998 14.929 0.005
 523.65293 14.915 0.005
 523.70281 14.909 0.005
 524.59245 14.797 0.005
 524.64237 14.815 0.005
 526.57933 14.867 0.005
 527.70449 14.855 0.005
 530.59465 14.892 0.005
 531.59207 14.951 0.005
 532.58153 14.792 0.005
 533.59875 14.932 0.005
 534.58798 14.871 0.005
 534.63206 14.875 0.005
 534.68383 14.857 0.005
 535.57255 14.813 0.005
 535.63281 14.829 0.005
 536.55169 14.964 0.005
 536.59684 14.968 0.005
 536.64740 14.970 0.005
 537.54628 14.827 0.005
 537.64650 14.812 0.005
 538.53431 14.864 0.005
 538.58603 14.872 0.005
 539.54289 14.960 0.005
 539.65398 14.943 0.005
 540.65972 14.789 0.005
 541.55325 14.923 0.005
 541.61031 14.929 0.005
 542.54238 14.906 0.005
 542.59423 14.897 0.005
 542.64171 14.891 0.005
 543.58064 14.810 0.005
 543.66172 14.819 0.005
 544.53335 14.957 0.005
 544.57766 14.961 0.005
 544.62194 14.961 0.005
 544.66719 14.967 0.005
 551.52311 14.805 0.005
 552.53458 14.959 0.005
 553.53992 14.850 0.005
 554.51662 14.827 0.005
 554.60208 14.849 0.005
 555.52300 14.968 0.005
 557.62354 14.903 0.005
 558.57031 14.945 0.005
 559.55415 14.792 0.005
 560.53216 14.939 0.005
 561.53219 14.880 0.005
 562.53373 14.837 0.005
 564.53495 14.820 0.005
 565.54071 14.877 0.005
 566.53470 14.952 0.005
 567.53578 14.778 0.005
 568.52105 14.922 0.005
 569.53084 14.896 0.005
 571.51667 14.947 0.005
 572.54714 14.828 0.005
 574.50922 14.958 0.005
 575.50782 14.794 0.005
 577.51676 14.907 0.005
 578.53033 14.799 0.005
 582.51248 14.961 0.005
 583.51522 14.804 0.005
 672.90072 14.808 0.005
 689.88471 14.945 0.005
 699.88596 14.817 0.005
 701.85155 14.824 0.005
 704.89410 14.784 0.005
 706.87549 14.896 0.005
 714.85133 14.911 0.005
 716.80752 14.943 0.005
 720.86384 14.798 0.005
 728.80271 14.818 0.005
 729.80275 14.868 0.005
 730.75828 14.953 0.005
 733.84928 14.887 0.005
 741.85255 14.903 0.005
 745.80737 14.837 0.005
 747.85575 14.792 0.005
 753.80960 14.823 0.005
 766.81828 14.788 0.005
 772.83743 14.851 0.005
 775.81915 14.902 0.005
 779.83781 14.846 0.005
 787.81418 14.871 0.005
 789.79821 14.963 0.005
 790.80866 14.815 0.005
 795.76631 14.897 0.005
 796.83820 14.820 0.005
 797.76601 14.961 0.005
 798.73793 14.841 0.005
 805.82282 14.962 0.005
 816.79382 14.964 0.005
 817.71306 14.818 0.005
 819.81274 14.933 0.005
 822.82694 14.867 0.005
 824.85619 14.961 0.005
 826.67967 14.848 0.005
 829.78214 14.932 0.005
 832.70651 14.951 0.005
 836.80530 14.794 0.005
 840.68467 14.945 0.005
 843.68511 14.954 0.005
 850.65871 14.813 0.005
 854.69652 14.947 0.005
 855.66342 14.801 0.005
 856.62974 14.916 0.005
 858.60228 14.805 0.005
 864.75238 14.934 0.005
 875.57762 14.919 0.005
 880.56317 14.858 0.005
 887.57657 14.839 0.005
 892.70478 14.891 0.005
 895.55090 14.863 0.005
 898.55781 14.802 0.005
 918.54603 14.901 0.005
 922.62513 14.832 0.005
 928.55104 14.786 0.005
 933.58274 14.804 0.005
 947.52239 14.798 0.005
 952.51625 14.796 0.005
1045.91089 14.946 0.005
1051.89112 14.852 0.005
1053.90658 14.944 0.005
1054.92226 14.802 0.005
1055.89476 14.902 0.005
1059.90753 14.843 0.005
1061.91726 14.961 0.005
1069.86473 14.958 0.005
1087.83686 14.837 0.005
1091.83940 14.926 0.005
1102.82178 14.880 0.005
1106.87682 14.860 0.005
1107.80459 14.951 0.005
1113.81735 14.838 0.005
1119.82209 14.794 0.005
1128.83032 14.930 0.005
1131.71591 14.951 0.005
1132.76795 14.820 0.005
1136.80122 14.921 0.005
1138.82764 14.806 0.005
1142.69234 14.960 0.005
1144.76126 14.894 0.005
1151.78713 14.797 0.005
1155.78642 14.924 0.005
1158.78392 14.952 0.005
1161.76181 14.945 0.005
1165.78256 14.808 0.005
1169.77744 14.954 0.005
1174.75123 14.947 0.005
1179.76813 14.896 0.005
1181.84020 14.799 0.005
1186.79457 14.803 0.005
1187.85583 14.897 0.005
1192.70170 14.811 0.005
1196.73463 14.952 0.005
1201.74344 14.949 0.005
1203.76327 14.850 0.005
1207.62014 14.926 0.005
1211.65790 14.822 0.005
1214.65880 14.877 0.005
1217.63361 14.927 0.005
1220.63849 14.951 0.005
1223.66471 14.942 0.005
1225.60570 14.909 0.005
1227.68614 14.808 0.005
1231.58209 14.954 0.005
1234.63033 14.912 0.005
1236.63783 14.943 0.005
1240.59026 14.803 0.005
1242.69195 14.922 0.005
1244.64158 14.932 0.005
1247.57216 14.957 0.005
1256.55686 14.846 0.005
1260.58237 14.899 0.005
1265.55732 14.822 0.005
1274.51997 14.958 0.005
1277.53951 14.942 0.005
1281.55271 14.808 0.005
1288.53773 14.905 0.005
1290.60516 14.963 0.005
1296.54250 14.930 0.005
1298.58040 14.944 0.005
1301.52213 14.960 0.005
1305.56795 14.794 0.005
1308.49750 14.802 0.005
1313.54398 14.787 0.005
1316.53582 14.808 0.005
1319.51215 14.848 0.005
1329.49068 14.815 0.005
1332.47357 14.792 0.005
1340.48539 14.786 0.005
1412.87052 14.826 0.005
1418.86774 14.790 0.005
1431.85009 14.807 0.005
1432.85611 14.888 0.005
1435.83214 14.936 0.005
1437.81607 14.818 0.005
1440.86370 14.869 0.005
1446.87575 14.952 0.005
1447.90131 14.816 0.005
1451.89403 14.926 0.005
1455.86437 14.836 0.005
1459.80305 14.884 0.005
1462.80730 14.942 0.005
1470.86769 14.938 0.005
1475.78033 14.845 0.005
1478.73569 14.901 0.005
1481.70930 14.934 0.005
1484.85876 14.955 0.005
1487.73874 14.920 0.005
1490.73554 14.868 0.005
1492.72867 14.951 0.005
1495.72717 14.941 0.005
1499.68492 14.809 0.005
1502.68021 14.848 0.005
1505.72079 14.905 0.005
1507.85421 14.809 0.005
1510.83021 14.853 0.005
1512.72698 14.803 0.005
1514.83807 14.893 0.005
1517.67353 14.855 0.005
1519.74717 14.958 0.005
1521.68290 14.875 0.005
1523.80367 14.793 0.005
1525.79803 14.854 0.005
1527.72696 14.955 0.005
1528.77333 14.805 0.005
1529.79442 14.881 0.005
1531.78753 14.790 0.005
1538.74407 14.949 0.005
1541.70017 14.903 0.005
1542.73004 14.802 0.005
1544.65608 14.856 0.005
1547.78296 14.786 0.005
1548.76059 14.899 0.005
1549.75486 14.916 0.005
1552.61957 14.875 0.005
1554.74607 14.954 0.005
1555.75278 14.791 0.005
1562.75569 14.955 0.005
1564.63429 14.842 0.005
1567.72687 14.919 0.005
1570.63217 14.949 0.005
1574.74362 14.788 0.005
1577.69330 14.795 0.005
1580.72937 14.845 0.005
1583.61474 14.874 0.005
1586.63025 14.930 0.005
1589.61955 14.958 0.005
1592.61128 14.942 0.005
1593.65408 14.780 0.005
1595.65721 14.883 0.005
1599.59691 14.836 0.005
1601.67486 14.781 0.005
1604.55641 14.792 0.005
1606.59127 14.861 0.005
1609.63263 14.805 0.005
1610.61777 14.887 0.005
1613.50882 14.909 0.005
1615.54072 14.810 0.005
1617.61213 14.822 0.005
1619.59574 14.941 0.005
1620.54696 14.787 0.005
1622.49710 14.916 0.005
1624.49365 14.946 0.005
1626.49449 14.832 0.005
1627.61559 14.953 0.005
1629.49464 14.887 0.005
1630.56608 14.908 0.005
1632.51254 14.936 0.005
1634.49028 14.830 0.005
1645.53240 14.901 0.006
1646.48119 14.951 0.005
1650.58288 14.831 0.005
1654.51965 14.961 0.005
1656.50583 14.913 0.005
1659.51328 14.953 0.005
1661.53725 14.847 0.005
1663.56253 14.792 0.005
1667.50419 14.934 0.005
1670.52592 14.955 0.005
1673.49635 14.936 0.005
1681.46629 14.957 0.005
1691.50516 14.889 0.005
1769.85790 14.939 0.005
1771.88470 14.831 0.005
1772.86459 14.962 0.005
1775.86566 14.940 0.005
1784.85021 14.795 0.005
1789.83896 14.850 0.005
1804.78857 14.922 0.005
1808.86915 14.808 0.005
1812.78367 14.909 0.005
1816.79504 14.842 0.005
1821.78560 14.913 0.005
1823.82772 14.952 0.005
1826.81082 14.956 0.005
1829.78445 14.934 0.005
1830.79778 14.792 0.005
1834.83674 14.955 0.005
1845.83420 14.945 0.005
1851.83157 14.825 0.005
1856.73086 14.932 0.005
1859.77389 14.851 0.005
1861.79107 14.966 0.005
1864.76853 14.935 0.005
1865.74875 14.790 0.005
1867.80253 14.868 0.005
1868.78810 14.820 0.005
1870.72134 14.818 0.005
1871.80539 14.879 0.005
1873.76491 14.788 0.005
2123.93450 14.824 0.005
2130.92356 14.960 0.006
2131.92535 14.830 0.006
2132.92352 14.851 0.005
2134.92508 14.794 0.005
2140.92475 14.844 0.005
2142.91199 14.798 0.005
2144.92237 14.927 0.005
2156.89607 14.818 0.006
2161.86302 14.796 0.005
2173.87628 14.939 0.005
2190.80798 14.898 0.005
2192.84593 14.946 0.005
2201.83238 14.856 0.005
2214.81394 14.936 0.005
2221.75684 14.838 0.005
2224.76955 14.892 0.005
2227.67217 14.937 0.005
2229.68563 14.820 0.005
2230.82979 14.962 0.005
2237.76461 14.815 0.005
2241.68986 14.950 0.006
2243.74372 14.921 0.005
2247.82559 14.831 0.005
2248.82818 14.857 0.005
2250.81497 14.776 0.005
2252.67528 14.912 0.005
2254.66634 14.938 0.005
2257.67301 14.961 0.005
2260.67972 14.945 0.005
2264.68510 14.810 0.005
2266.67121 14.810 0.005
2270.67890 14.923 0.005
2271.81926 14.863 0.005
2272.82721 14.815 0.005
2274.66473 14.839 0.005
2276.77484 14.939 0.005
2277.82814 14.787 0.005
2279.84574 14.881 0.005
2280.81929 14.818 0.005
2282.70891 14.837 0.005
2283.87005 14.887 0.005
2288.77751 14.800 0.005
2290.81480 14.838 0.005
2292.78782 14.965 0.006
2294.76415 14.895 0.006
2296.77979 14.798 0.006
2298.73650 14.873 0.005
2300.74697 14.965 0.006
2302.72365 14.867 0.006
2304.76785 14.807 0.006
2323.59973 14.781 0.005
2327.58515 14.955 0.006
2333.59517 14.893 0.006
2339.57156 14.799 0.005
2345.53263 14.827 0.006
2351.51076 14.910 0.006
2369.50827 14.785 0.005
2385.49396 14.789 0.006
2529.83955 14.959 0.006
2539.84198 14.890 0.006
2545.81155 14.966 0.006
2552.86519 14.818 0.006
2556.85656 14.942 0.005
2560.76498 14.796 0.005
2564.87325 14.952 0.006
2573.86996 14.787 0.005
2578.79432 14.881 0.006
2583.84872 14.947 0.006
2590.75492 14.847 0.005
2596.76753 14.956 0.006
2605.79479 14.870 0.005
2609.76695 14.879 0.006
2614.72524 14.811 0.006
2618.78021 14.947 0.006
2621.70532 14.909 0.005
2624.61127 14.881 0.006
2627.70978 14.801 0.006
2629.73273 14.929 0.005
2632.65867 14.881 0.005
2635.70591 14.809 0.005
2638.67689 14.783 0.005
2640.77378 14.875 0.005
2642.73000 14.953 0.006
2644.73270 14.870 0.005
2646.68693 14.792 0.005
2650.74250 14.964 0.006
2652.79989 14.857 0.005
2654.76530 14.795 0.005
2656.67072 14.920 0.006
2658.63247 14.940 0.006
2660.65080 14.827 0.005
2662.66174 14.806 0.005
2664.64180 14.943 0.005
2666.70519 14.930 0.005
2668.69131 14.819 0.005
2670.65343 14.825 0.006
2672.79219 14.923 0.005
2674.69294 14.938 0.006
2676.68205 14.810 0.005
2678.73530 14.817 0.005
2680.64606 14.968 0.006
2682.69211 14.918 0.006
2687.57192 14.831 0.005
2693.53115 14.922 0.005
2696.56788 14.958 0.006
2701.54953 14.911 0.006
2707.55130 14.955 0.006
2714.54340 14.830 0.006
2839.92000 14.893 0.006
2867.89101 14.802 0.006
2885.86870 14.865 0.005
2892.89721 14.934 0.006
2897.86612 14.865 0.006
2907.78634 14.813 0.005
2911.82373 14.944 0.005
2916.87415 14.896 0.005
2922.85785 14.963 0.006
2926.78955 14.802 0.005
2930.85923 14.968 0.006
2934.76126 14.802 0.005
2940.74111 14.832 0.005
2943.74630 14.880 0.006
2947.75495 14.883 0.005
2949.84495 14.959 0.005
2953.71209 14.788 0.005
2956.73743 14.791 0.005
2958.76379 14.833 0.006
2962.77629 14.908 0.005
2965.79932 14.957 0.005
2968.66661 14.967 0.006
2973.79011 14.945 0.005
2976.80254 14.965 0.006
2978.71019 14.875 0.006
2980.72261 14.795 0.005
2982.71533 14.891 0.005
2984.76246 14.962 0.006
2986.84513 14.881 0.006
2988.81550 14.790 0.005
2989.77081 14.919 0.005
2991.66595 14.808 0.005
2993.68638 14.854 0.005
2995.75421 14.956 0.005
2997.73190 14.894 0.006
3001.79094 14.847 0.005
3003.76159 14.956 0.006
3005.72343 14.892 0.005
3007.64485 14.802 0.005
3009.64270 14.900 0.005
3011.74228 14.971 0.006
3017.74779 14.876 0.005
3019.67582 14.961 0.006
3021.79439 14.856 0.005
3023.65617 14.790 0.005
3025.62407 14.935 0.005
3027.67345 14.941 0.005
3029.65848 14.833 0.005
3031.72840 14.795 0.005
3033.79204 14.906 0.005
3035.79887 14.958 0.005
3038.77649 14.960 0.006
3041.61700 14.960 0.006
3043.65104 14.921 0.006
3045.71396 14.810 0.005
3047.66771 14.825 0.005
3048.59649 14.835 0.005
3050.61600 14.775 0.005
3052.61720 14.909 0.005
3054.61742 14.947 0.006
3056.60987 14.831 0.005
3058.60386 14.797 0.005
3060.65346 14.929 0.005
3068.53938 14.953 0.006
3070.60029 14.935 0.006
3073.63148 14.958 0.006
3076.54509 14.969 0.006
3078.64050 14.914 0.005
3082.61831 14.837 0.005
3085.51940 14.808 0.005
3087.65759 14.933 0.006
3090.62374 14.856 0.005
3096.53962 14.791 0.006
3099.60940 14.822 0.006
3102.58801 14.865 0.005
3104.57473 14.776 0.005
3107.55843 14.810 0.006
3110.55650 14.839 0.005
3113.53441 14.909 0.006
3128.50692 14.829 0.005
3140.51391 14.888 0.005
3216.87814 14.925 0.006
3248.86326 14.971 0.006
3257.89160 14.805 0.005
3264.81294 14.952 0.005
3270.87973 14.891 0.005
3274.76538 14.849 0.006
3277.88741 14.918 0.005
3287.76907 14.795 0.005
3295.72749 14.803 0.005
3297.71946 14.917 0.005
3299.78378 14.966 0.005
3301.78100 14.850 0.005
3304.84134 14.911 0.005
3307.71488 14.947 0.006
3309.74710 14.842 0.005
3311.74507 14.807 0.005
3320.78803 14.872 0.005
3323.73416 14.913 0.005
3327.76000 14.828 0.005
3330.71865 14.803 0.005
3334.81758 14.952 0.005
3338.86601 14.783 0.005
3339.76535 14.898 0.005
3354.78126 14.823 0.005
3358.82996 14.925 0.005
3365.76005 14.789 0.005
3372.77645 14.963 0.005
3378.68907 14.877 0.005
3387.68157 14.794 0.005
3391.75682 14.945 0.005
3399.72563 14.941 0.005
3403.71297 14.791 0.005
3406.68250 14.822 0.005
3410.63545 14.941 0.005
3415.63265 14.956 0.005
3427.59637 14.808 0.005
3433.61897 14.821 0.005
3438.54817 14.779 0.005
3446.50533 14.795 0.005
3455.52866 14.889 0.006
3461.52273 14.955 0.005
3473.48206 14.793 0.005
3575.94071 14.795 0.005
3592.93256 14.902 0.005
3619.83448 14.896 0.005
3629.90796 14.797 0.005
3633.87299 14.958 0.005
3639.78547 14.908 0.005
3644.82209 14.958 0.005
3651.76525 14.827 0.005
3654.81277 14.888 0.005
3658.77679 14.886 0.005
3661.84749 14.816 0.005
3668.82022 14.966 0.005
3672.80849 14.792 0.005
3676.76528 14.946 0.005
3684.82727 14.940 0.005
3687.80168 14.962 0.005
3690.72154 14.948 0.005
3693.75556 14.888 0.005
3695.78832 14.969 0.005
3698.77007 14.959 0.005
3700.79865 14.915 0.005
3703.72953 14.948 0.005
3705.79670 14.853 0.005
3708.78463 14.916 0.005
3712.74225 14.866 0.005
3714.81248 14.954 0.005
3717.67492 14.946 0.005
3719.84744 14.949 0.005
3721.80841 14.817 0.005
3726.70425 14.813 0.005
3730.73649 14.960 0.005
3732.72858 14.853 0.005
3734.85942 14.794 0.005
3737.76036 14.792 0.005
3739.83034 14.822 0.005
3741.84328 14.969 0.006
3743.74041 14.897 0.005
3746.78292 14.944 0.005
3748.73612 14.817 0.005
3749.74170 14.958 0.005
3751.75306 14.884 0.005
3753.70456 14.782 0.005
3755.70556 14.881 0.005
3757.69542 14.953 0.005
3759.76021 14.870 0.005
3762.78172 14.919 0.005
3765.76881 14.946 0.005
3770.64132 14.882 0.005
3773.70740 14.948 0.005
3776.67772 14.955 0.005
3779.63230 14.948 0.006
3782.74590 14.865 0.005
3787.60911 14.951 0.005
3792.55983 14.942 0.005
3800.54182 14.935 0.005
3809.54906 14.907 0.005
3823.50916 14.801 0.005
3946.93135 14.890 0.005
3964.88773 14.940 0.005
3969.91854 14.888 0.005
3981.88634 14.902 0.005
3989.91496 14.923 0.006
3998.87866 14.790 0.005
3999.84114 14.928 0.005
4001.89016 14.821 0.005
4004.85413 14.864 0.005
4005.86808 14.936 0.005
4008.73435 14.909 0.005
4011.90124 14.820 0.005
4018.86402 14.949 0.005
4024.73147 14.948 0.005
4026.80453 14.937 0.005
4029.75376 14.965 0.005
4032.76906 14.961 0.005
4038.73513 14.846 0.005
4041.69639 14.801 0.005
4043.70124 14.921 0.005
4046.79297 14.854 0.005
4049.66390 14.809 0.005
4052.72531 14.790 0.005
4054.71211 14.887 0.005
4056.77013 14.962 0.005
4058.80246 14.891 0.005
4063.70106 14.817 0.005
4066.75837 14.867 0.005
4068.66326 14.789 0.005
4070.68835 14.906 0.005
4074.75598 14.865 0.005
4077.80450 14.920 0.005
4079.84939 14.807 0.005
4083.69496 14.961 0.005
4085.76069 14.889 0.005
4093.74522 14.883 0.005
4102.85775 14.941 0.005
4105.81779 14.891 0.005
4109.78766 14.849 0.005
4113.74349 14.918 0.005
4120.77372 14.886 0.005
4122.73018 14.793 0.005
4125.78445 14.825 0.005
4132.67221 14.907 0.005
4142.72319 14.948 0.006
4156.55829 14.963 0.006
4168.51294 14.787 0.005
4197.49220 14.875 0.006
4341.92462 14.940 0.006
4347.87554 14.950 0.006
4353.80951 14.846 0.005
4358.90781 14.902 0.006
4364.87223 14.801 0.005
4367.89668 14.793 0.005
4371.76197 14.962 0.006
4377.81834 14.889 0.005
4380.83327 14.831 0.005
4386.80899 14.800 0.006
4390.77090 14.961 0.005
4394.72705 14.796 0.005
4399.74500 14.824 0.006
4412.72350 14.919 0.006
4418.81690 14.791 0.005
4421.86271 14.797 0.005
4426.76061 14.827 0.006
4430.68799 14.921 0.006
4432.74718 14.820 0.005
4436.78711 14.958 0.006
4439.85219 14.886 0.006
4443.74022 14.852 0.006
4449.70309 14.946 0.005
4451.71284 14.828 0.005
4455.71192 14.932 0.006
4457.74238 14.926 0.006
4460.81402 14.966 0.006
4463.73231 14.941 0.005
4466.72131 14.888 0.005
4470.66877 14.855 0.005
4473.71150 14.907 0.005
4477.76998 14.837 0.005
4482.77380 14.905 0.006
4486.75162 14.830 0.005
4491.72515 14.800 0.006
4494.67051 14.801 0.006
4498.70324 14.956 0.005
4501.70049 14.899 0.006
4506.63461 14.951 0.005
4508.65764 14.898 0.005
4510.72722 14.769 0.005
4517.66144 14.941 0.006
4521.64198 14.817 0.005
4524.60471 14.854 0.005
4530.63068 14.948 0.005
4532.65643 14.867 0.005
4536.62867 14.914 0.005
4539.51064 14.870 0.005
4541.61978 14.953 0.006
