 455.69214 15.263 0.006
 455.71978 15.251 0.006
 455.76433 15.226 0.006
 456.58744 15.123 0.006
 456.62467 15.137 0.006
 456.70789 15.165 0.006
 456.75536 15.170 0.006
 456.80679 15.187 0.006
 457.55512 15.299 0.006
 457.59906 15.277 0.006
 457.65773 15.243 0.006
 457.71628 15.225 0.006
 457.77496 15.183 0.006
 458.63145 15.154 0.006
 458.69017 15.175 0.006
 458.75937 15.195 0.006
 459.54871 15.274 0.006
 459.59492 15.253 0.006
 459.65346 15.219 0.006
 459.71293 15.187 0.006
 459.75670 15.154 0.006
 459.80055 15.132 0.006
 461.55964 15.239 0.006
 461.60346 15.205 0.006
 461.66206 15.171 0.006
 461.72824 15.133 0.006
 461.79023 15.107 0.006
 462.56015 15.177 0.006
 462.61879 15.191 0.006
 462.66477 15.214 0.006
 465.66362 15.101 0.006
 465.71129 15.080 0.006
 465.79615 15.046 0.006
 466.64738 15.236 0.006
 466.71389 15.244 0.006
 466.79886 15.266 0.006
 467.65102 15.072 0.006
 467.75563 15.044 0.006
 467.82156 15.042 0.006
 468.65771 15.248 0.006
 468.72788 15.266 0.006
 468.78649 15.281 0.006
 469.65858 15.051 0.006
 469.79560 15.046 0.006
 470.73337 15.288 0.006
 471.64443 15.042 0.006
 471.78119 15.053 0.006
 472.61899 15.279 0.006
 472.66287 15.282 0.006
 472.70664 15.286 0.006
 472.77260 15.302 0.006
 472.84596 15.311 0.006
 473.68667 15.057 0.006
 474.69858 15.299 0.006
 474.76503 15.319 0.006
 475.53297 15.046 0.006
 475.59175 15.051 0.006
 475.65790 15.053 0.006
 475.71003 15.063 0.006
 475.75712 15.078 0.006
 476.73806 15.313 0.006
 477.52971 15.042 0.006
 477.57528 15.052 0.006
 477.72845 15.079 0.006
 477.80933 15.111 0.006
 477.85358 15.116 0.006
 478.53585 15.296 0.006
 478.75626 15.313 0.006
 478.81520 15.306 0.006
 479.53468 15.058 0.006
 479.57860 15.061 0.006
 479.77064 15.111 0.006
 479.81622 15.116 0.006
 480.57072 15.298 0.006
 480.65189 15.312 0.006
 480.74549 15.307 0.006
 480.78957 15.294 0.006
 481.55592 15.073 0.006
 481.70432 15.115 0.006
 481.74829 15.122 0.006
 481.79225 15.142 0.006
 482.70513 15.297 0.006
 482.78308 15.280 0.006
 483.57143 15.098 0.006
 483.61585 15.100 0.006
 483.65976 15.116 0.006
 483.70374 15.131 0.006
 483.74763 15.139 0.006
 483.79156 15.153 0.006
 484.57010 15.312 0.006
 484.67878 15.290 0.006
 484.72315 15.278 0.006
 484.76717 15.253 0.006
 485.57376 15.121 0.006
 485.72066 15.146 0.006
 485.76481 15.170 0.006
 486.57022 15.302 0.006
 486.61581 15.289 0.006
 486.71235 15.254 0.006
 486.75751 15.234 0.006
 487.59718 15.134 0.006
 487.64542 15.143 0.006
 487.69326 15.159 0.006
 487.73741 15.176 0.006
 487.78157 15.183 0.006
 488.58271 15.288 0.006
 488.62668 15.265 0.006
 488.69553 15.227 0.006
 488.73955 15.206 0.006
 488.78361 15.175 0.006
 489.55847 15.140 0.006
 489.61499 15.158 0.006
 489.64743 15.163 0.006
 489.69136 15.177 0.006
 489.73528 15.191 0.006
 489.77931 15.211 0.006
 490.55172 15.265 0.006
 490.68891 15.194 0.006
 490.73300 15.161 0.006
 490.77696 15.132 0.006
 491.57622 15.167 0.006
 491.62803 15.174 0.006
 491.67215 15.188 0.006
 491.78552 15.220 0.006
 492.56038 15.244 0.006
 492.60428 15.237 0.006
 492.63473 15.195 0.006
 492.68060 15.166 0.006
 493.56341 15.177 0.006
 493.60793 15.188 0.006
 494.55814 15.197 0.006
 494.60207 15.172 0.006
 494.64630 15.148 0.006
 494.69060 15.126 0.006
 494.73562 15.092 0.006
 495.56094 15.200 0.006
 495.63458 15.210 0.006
 495.68806 15.225 0.006
 496.55635 15.168 0.006
 496.60110 15.132 0.006
 496.64517 15.109 0.006
 496.69008 15.091 0.006
 497.58407 15.217 0.006
 498.55541 15.116 0.006
 498.59945 15.101 0.006
 498.71320 15.055 0.006
 498.75713 15.050 0.006
 499.55036 15.229 0.006
 499.59607 15.235 0.006
 499.73635 15.262 0.006
 500.57789 15.088 0.006
 500.59310 15.076 0.006
 500.63796 15.069 0.006
 500.68913 15.054 0.006
 500.73354 15.053 0.006
 501.55723 15.242 0.006
 501.67601 15.267 0.006
 507.54567 15.287 0.006
 507.59088 15.291 0.006
 507.66271 15.317 0.006
 509.54159 15.283 0.006
 509.58864 15.306 0.006
 509.64096 15.294 0.006
 510.58320 15.070 0.006
 510.62875 15.070 0.006
 510.67636 15.083 0.006
 511.66864 15.309 0.006
 512.57526 15.080 0.006
 512.62364 15.089 0.006
 512.69795 15.095 0.006
 512.74346 15.113 0.006
 513.55562 15.318 0.006
 513.60116 15.308 0.006
 513.69285 15.297 0.006
 513.74008 15.287 0.006
 514.56384 15.085 0.006
 514.63291 15.101 0.006
 514.68327 15.116 0.006
 514.73012 15.129 0.006
 515.55797 15.310 0.006
 515.61088 15.311 0.006
 515.66098 15.309 0.006
 516.56428 15.097 0.006
 516.61847 15.115 0.006
 516.66546 15.129 0.006
 516.71199 15.139 0.006
 517.56227 15.306 0.006
 517.61215 15.292 0.006
 517.70829 15.261 0.006
 518.59962 15.131 0.006
 518.64488 15.145 0.006
 518.69395 15.170 0.006
 519.56026 15.284 0.006
 519.60688 15.274 0.006
 519.67443 15.242 0.006
 520.70106 15.183 0.006
 521.55655 15.282 0.006
 521.60165 15.263 0.006
 521.66445 15.218 0.006
 523.56561 15.249 0.006
 523.61691 15.213 0.006
 523.66776 15.170 0.006
 524.55786 15.176 0.006
 524.60798 15.193 0.006
 526.54521 15.201 0.006
 526.64721 15.245 0.006
 527.67039 15.083 0.006
 530.56052 15.224 0.006
 531.55791 15.087 0.006
 532.54740 15.240 0.006
 533.56465 15.071 0.006
 534.55381 15.250 0.006
 534.59800 15.272 0.006
 534.64975 15.286 0.006
 535.53846 15.057 0.006
 535.59874 15.036 0.006
 535.67246 15.046 0.006
 536.51754 15.265 0.006
 536.56277 15.283 0.006
 536.61327 15.276 0.006
 537.51218 15.045 0.006
 537.61238 15.038 0.006
 537.65920 15.050 0.006
 538.50018 15.272 0.006
 538.55190 15.290 0.006
 539.50879 15.039 0.006
 539.61992 15.061 0.006
 539.66401 15.072 0.006
 540.53900 15.300 0.006
 540.67006 15.302 0.006
 541.51915 15.052 0.006
 541.57622 15.061 0.006
 542.49891 15.295 0.006
 542.50823 15.298 0.006
 542.56016 15.311 0.006
 542.60764 15.302 0.006
 542.65177 15.307 0.006
 543.54649 15.079 0.006
 543.59057 15.072 0.006
 543.62762 15.081 0.006
 543.67165 15.101 0.006
 544.49932 15.302 0.006
 544.54357 15.307 0.006
 544.58781 15.309 0.006
 544.63305 15.316 0.006
 551.48902 15.115 0.006
 552.49733 15.295 0.006
 553.50570 15.136 0.006
 553.61649 15.175 0.006
 554.48251 15.267 0.006
 554.56795 15.234 0.006
 555.48884 15.151 0.006
 557.58939 15.209 0.007
 558.53622 15.171 0.007
 559.52000 15.194 0.006
 560.49808 15.154 0.006
 561.49811 15.213 0.006
 562.49961 15.113 0.006
 564.50080 15.085 0.006
 565.50661 15.239 0.006
 566.50060 15.058 0.006
 567.50169 15.253 0.006
 568.48691 15.064 0.006
 569.49675 15.268 0.006
 571.48257 15.265 0.006
 572.51107 15.050 0.006
 573.51491 15.302 0.006
 574.47333 15.060 0.006
 575.47197 15.307 0.006
 576.48702 15.083 0.006
 577.48092 15.309 0.007
 578.49394 15.077 0.006
 582.47664 15.117 0.006
 583.47940 15.281 0.006
 665.80470 15.118 0.006
 672.86474 15.161 0.006
 689.89520 15.312 0.006
 699.89858 15.217 0.006
 701.81551 15.235 0.006
 704.85799 15.215 0.006
 706.83949 15.221 0.006
 714.80686 15.279 0.006
 715.87962 15.055 0.006
 716.77144 15.279 0.006
 728.76669 15.297 0.006
 729.76666 15.128 0.006
 730.72225 15.299 0.006
 733.81320 15.196 0.007
 741.81648 15.255 0.006
 745.77129 15.263 0.006
 747.81975 15.278 0.006
 753.76766 15.305 0.006
 759.80814 15.285 0.006
 766.78229 15.187 0.006
 772.80138 15.252 0.006
 775.78310 15.052 0.006
 779.80177 15.045 0.006
 781.81863 15.065 0.006
 787.77820 15.091 0.006
 789.76215 15.110 0.006
 790.77269 15.294 0.006
 795.73030 15.144 0.006
 796.80215 15.210 0.006
 797.72996 15.170 0.006
 798.70194 15.232 0.006
 805.78684 15.252 0.006
 816.75787 15.078 0.006
 817.67709 15.304 0.006
 819.77681 15.307 0.006
 822.79098 15.129 0.006
 824.82027 15.160 0.006
 826.64376 15.130 0.006
 829.71438 15.208 0.006
 832.67055 15.186 0.006
 836.76937 15.246 0.006
 840.64876 15.253 0.006
 843.64927 15.054 0.006
 850.62282 15.302 0.006
 854.65357 15.305 0.007
 855.62759 15.100 0.006
 856.59385 15.305 0.006
 858.56646 15.300 0.006
 860.74693 15.198 0.006
 864.66961 15.171 0.006
 875.54178 15.258 0.006
 879.62828 15.303 0.006
 880.52738 15.034 0.006
 887.54066 15.315 0.006
 892.62421 15.164 0.006
 898.52191 15.178 0.006
 918.50899 15.304 0.006
 922.58928 15.285 0.006
 928.51520 15.228 0.006
 931.53715 15.211 0.006
 933.54694 15.234 0.006
 940.52819 15.036 0.006
 947.48659 15.299 0.007
 951.53653 15.313 0.006
1045.86856 15.202 0.006
1051.85512 15.258 0.006
1052.89035 15.061 0.006
1053.87051 15.268 0.006
1054.88623 15.050 0.006
1055.85873 15.281 0.006
1059.87147 15.308 0.007
1068.86559 15.144 0.006
1069.87627 15.261 0.006
1071.89333 15.227 0.006
1081.85376 15.072 0.006
1087.80082 15.041 0.006
1091.80327 15.057 0.006
1095.78503 15.094 0.006
1102.78573 15.275 0.006
1106.84079 15.170 0.006
1107.76856 15.191 0.006
1112.86851 15.074 0.006
1119.78607 15.285 0.006
1126.80797 15.085 0.006
1131.67557 15.312 0.006
1132.73190 15.113 0.006
1136.76516 15.165 0.006
1138.78929 15.194 0.006
1142.65635 15.192 0.006
1144.72528 15.224 0.006
1151.75113 15.047 0.006
1155.75038 15.058 0.006
1158.74794 15.314 0.006
1161.72589 15.095 0.006
1165.74660 15.147 0.006
1169.74152 15.166 0.006
1174.71531 15.139 0.006
1179.73217 15.252 0.006
1181.80419 15.276 0.006
1186.75864 15.065 0.006
1187.81989 15.301 0.006
1188.74792 15.072 0.006
1196.69864 15.138 0.006
1201.70756 15.219 0.006
1203.72569 15.180 0.006
1207.58433 15.180 0.006
1211.62205 15.084 0.006
1214.62291 15.257 0.006
1217.59778 15.041 0.006
1220.60261 15.293 0.006
1223.62884 15.066 0.006
1225.56977 15.062 0.006
1227.65033 15.110 0.006
1231.54623 15.117 0.006
1234.59443 15.253 0.006
1236.60195 15.211 0.006
1240.55242 15.155 0.006
1242.65417 15.074 0.006
1244.60355 15.076 0.006
1247.53628 15.248 0.006
1252.65219 15.073 0.006
1256.52104 15.070 0.006
1260.54360 15.102 0.006
1265.52148 15.282 0.006
1273.56739 15.113 0.006
1277.50365 15.088 0.006
1288.50191 15.303 0.007
1290.56932 15.304 0.006
1296.50668 15.277 0.006
1298.54461 15.240 0.006
1301.48628 15.176 0.006
1305.53212 15.224 0.006
1308.46163 15.103 0.006
1313.50811 15.269 0.007
1316.50000 15.053 0.006
1319.47622 15.296 0.006
1329.53109 15.243 0.007
1332.50631 15.194 0.009
1339.47461 15.094 0.006
1412.83452 15.253 0.007
1418.83171 15.142 0.006
1430.88619 15.066 0.006
1432.82003 15.061 0.006
1435.79608 15.319 0.007
1437.77998 15.312 0.006
1440.82765 15.128 0.006
1446.83969 15.194 0.007
1447.86522 15.162 0.006
1451.76034 15.147 0.006
1458.85130 15.278 0.006
1459.76699 15.051 0.006
1462.77124 15.297 0.007
1470.83163 15.293 0.006
1475.74423 15.138 0.006
1478.69964 15.267 0.007
1478.83449 15.179 0.006
1481.67330 15.172 0.006
1487.70267 15.224 0.006
1490.69950 15.061 0.006
1492.69259 15.045 0.006
1495.69112 15.277 0.006
1497.81729 15.304 0.006
1499.64894 15.298 0.006
1502.64414 15.070 0.006
1505.68474 15.301 0.006
1507.81823 15.234 0.006
1510.79424 15.192 0.006
1512.69094 15.178 0.006
1514.80204 15.226 0.006
1517.63752 15.131 0.006
1519.71120 15.075 0.006
1521.64694 15.076 0.006
1523.76766 15.045 0.006
1525.76203 15.048 0.006
1527.69098 15.038 0.006
1528.73732 15.304 0.006
1529.75848 15.079 0.006
1531.75155 15.084 0.006
1538.70815 15.264 0.006
1541.66423 15.146 0.006
1542.69409 15.225 0.006
1544.62010 15.231 0.006
1547.74700 15.227 0.006
1548.72461 15.090 0.006
1549.71889 15.232 0.006
1552.58362 15.091 0.006
1554.71007 15.051 0.006
1555.71685 15.278 0.006
1562.71977 15.068 0.006
1564.59837 15.062 0.006
1567.69098 15.289 0.006
1570.59633 15.112 0.006
1574.78404 15.207 0.006
1577.73574 15.122 0.006
1580.76982 15.240 0.006
1583.65514 15.072 0.006
1585.74176 15.037 0.006
1588.74945 15.289 0.007
1591.72237 15.077 0.006
1593.56844 15.044 0.006
1595.73750 15.119 0.006
1596.71742 15.305 0.006
1599.63930 15.104 0.006
1601.71538 15.154 0.006
1604.59685 15.273 0.006
1606.63181 15.224 0.006
1609.67312 15.203 0.006
1610.65821 15.136 0.006
1613.54928 15.209 0.006
1615.58123 15.230 0.006
1617.65257 15.266 0.006
1619.63622 15.276 0.006
1620.58739 15.043 0.006
1622.53757 15.036 0.006
1624.53414 15.038 0.006
1626.53496 15.053 0.006
1627.65608 15.303 0.006
1629.53507 15.296 0.006
1630.61653 15.103 0.006
1634.53077 15.112 0.006
1650.53812 15.262 0.007
1654.56009 15.291 0.006
1656.54631 15.308 0.007
1659.55375 15.061 0.006
1661.57771 15.098 0.006
1664.53940 15.301 0.006
1667.54461 15.139 0.006
1670.56634 15.241 0.007
1672.55537 15.196 0.006
1691.51645 15.294 0.006
1769.89818 15.061 0.006
1771.92498 15.064 0.006
1772.90482 15.302 0.006
1775.90593 15.106 0.006
1784.89050 15.222 0.006
1789.87920 15.214 0.006
1804.82879 15.060 0.006
1809.85317 15.298 0.006
1812.82394 15.124 0.006
1816.83525 15.164 0.006
1821.82584 15.154 0.006
1823.86797 15.082 0.006
1826.85105 15.260 0.006
1829.82474 15.054 0.006
1830.83810 15.270 0.006
1834.87703 15.299 0.006
1859.81420 15.260 0.006
1861.83137 15.284 0.006
1864.80881 15.047 0.006
1865.78898 15.291 0.006
1866.85775 15.064 0.006
1868.82842 15.083 0.006
1870.76170 15.073 0.006
1871.84565 15.306 0.006
1873.80522 15.292 0.006
2167.89381 15.268 0.006
2190.85320 15.197 0.006
2193.81645 15.141 0.006
2202.81579 15.269 0.006
2214.86348 15.285 0.006
2215.76899 15.105 0.006
2224.81711 15.149 0.006
2227.72793 15.194 0.006
2229.73370 15.217 0.006
2231.70196 15.231 0.006
2233.67022 15.239 0.006
2237.58963 15.243 0.007
2239.65063 15.270 0.006
2241.74231 15.289 0.006
2243.80731 15.301 0.006
2248.66639 15.090 0.006
2250.75440 15.133 0.006
2252.72763 15.145 0.006
2254.71868 15.156 0.006
2257.72272 15.170 0.006
2265.77702 15.038 0.006
2266.74805 15.256 0.006
2270.79366 15.280 0.006
2272.64320 15.279 0.006
2274.77055 15.290 0.006
2276.82849 15.293 0.006
2278.78534 15.283 0.006
2280.76808 15.274 0.006
2282.76531 15.251 0.006
2289.82775 15.222 0.006
2291.81379 15.236 0.006
2293.78268 15.243 0.006
2295.80656 15.273 0.006
2297.79262 15.284 0.006
2300.81764 15.052 0.006
2302.77888 15.057 0.006
2304.81636 15.083 0.006
2315.70265 15.252 0.006
2324.56429 15.197 0.006
2328.54993 15.215 0.006
2340.53977 15.308 0.007
2347.53707 15.115 0.006
2373.49226 15.317 0.007
2385.55539 15.197 0.007
2534.88796 15.113 0.006
2539.89513 15.265 0.006
2545.86324 15.299 0.006
2553.75513 15.320 0.007
2557.82317 15.283 0.006
2561.82122 15.231 0.006
2565.82358 15.138 0.006
2574.78580 15.268 0.006
2578.84219 15.311 0.006
2584.73799 15.307 0.007
2590.81471 15.260 0.006
2596.82113 15.154 0.006
2606.71766 15.057 0.006
2609.82623 15.299 0.007
2614.79301 15.090 0.006
2619.66906 15.298 0.006
2621.79703 15.282 0.006
2624.69405 15.134 0.006
2629.81236 15.108 0.006
2632.70645 15.211 0.006
2635.80699 15.035 0.006
2638.80015 15.283 0.007
2641.76834 15.046 0.006
2643.77433 15.053 0.006
2645.77028 15.071 0.006
2647.69929 15.074 0.006
2650.78079 15.304 0.006
2653.65314 15.115 0.006
2655.70618 15.142 0.006
2657.64464 15.146 0.006
2659.79844 15.211 0.007
2660.70490 15.186 0.006
2662.71468 15.149 0.006
2664.73011 15.096 0.006
2666.78396 15.046 0.006
2668.77550 15.040 0.006
2675.80256 15.306 0.006
2677.78956 15.302 0.007
2679.80820 15.316 0.007
2682.73022 15.121 0.006
2687.62960 15.290 0.007
2692.57241 15.163 0.006
2697.51878 15.187 0.006
2702.51760 15.235 0.007
2708.54636 15.283 0.006
2724.51619 15.248 0.006
2871.92310 15.163 0.006
2884.86732 15.291 0.007
2890.88933 15.324 0.007
2896.84200 15.292 0.007
2902.77665 15.251 0.006
2911.88518 15.265 0.006
2917.78872 15.273 0.006
2923.78809 15.310 0.006
2926.84399 15.122 0.006
2931.77246 15.291 0.006
2934.81289 15.174 0.006
2940.79327 15.220 0.006
2943.79746 15.059 0.006
2947.80603 15.029 0.006
2950.71998 15.285 0.006
2954.74324 15.308 0.007
2956.78879 15.299 0.006
2958.83338 15.305 0.007
2962.82762 15.248 0.006
2964.84605 15.206 0.006
2967.77657 15.177 0.006
2970.83056 15.099 0.006
2974.76858 15.083 0.006
2976.65806 15.103 0.006
2979.64149 15.255 0.006
2983.76964 15.297 0.006
2985.81736 15.301 0.006
2987.71611 15.314 0.006
2989.65877 15.317 0.006
2991.73102 15.301 0.006
2993.73876 15.308 0.006
2995.81398 15.244 0.006
2997.78287 15.216 0.006
2998.73041 15.179 0.006
3000.73292 15.200 0.006
3002.72028 15.206 0.006
3004.72374 15.228 0.006
3006.71666 15.228 0.006
3008.73111 15.251 0.006
3010.77757 15.278 0.006
3011.79389 15.038 0.006
3016.72753 15.296 0.006
3018.75793 15.299 0.006
3020.82169 15.291 0.006
3021.84662 15.129 0.006
3023.70761 15.118 0.006
3025.67925 15.117 0.006
3027.72469 15.149 0.006
3029.70955 15.154 0.006
3031.77988 15.202 0.006
3034.61124 15.202 0.006
3036.64160 15.151 0.006
3039.58352 15.226 0.006
3042.69103 15.040 0.006
3044.63047 15.054 0.006
3046.61643 15.046 0.006
3047.71878 15.299 0.006
3048.64989 15.050 0.006
3049.67343 15.299 0.006
3051.64276 15.312 0.006
3053.61798 15.313 0.006
3055.63502 15.305 0.006
3057.66015 15.300 0.006
3059.60480 15.297 0.006
3061.59709 15.284 0.006
3066.56666 15.198 0.007
3068.59449 15.209 0.006
3073.68314 15.051 0.006
3076.60687 15.273 0.007
3079.58591 15.048 0.006
3082.67517 15.309 0.006
3085.57569 15.049 0.006
3088.53594 15.313 0.006
3091.51829 15.112 0.006
3096.56735 15.239 0.006
3099.63501 15.215 0.007
3100.49492 15.211 0.006
3103.51656 15.219 0.006
3106.53783 15.065 0.006
3109.52343 15.259 0.006
3112.57526 15.040 0.006
3116.55695 15.070 0.006
3127.55410 15.237 0.006
3133.51457 15.159 0.006
3223.91288 15.290 0.007
3242.86376 15.183 0.006
3248.91771 15.241 0.006
3258.89848 15.299 0.006
3264.86473 15.318 0.006
3271.81252 15.144 0.006
3274.81650 15.252 0.006
3278.88949 15.125 0.006
3282.78169 15.109 0.006
3287.82063 15.279 0.006
3291.75792 15.295 0.006
3295.77841 15.312 0.006
3297.77051 15.315 0.006
3299.83857 15.319 0.006
3301.83194 15.291 0.006
3305.74093 15.270 0.006
3307.76581 15.232 0.006
3309.80223 15.172 0.006
3311.79584 15.156 0.006
3320.85927 15.292 0.006
3327.81171 15.087 0.006
3330.78777 15.320 0.006
3336.64017 15.305 0.006
3339.81866 15.196 0.006
3353.81239 15.304 0.006
3357.75304 15.319 0.006
3360.72979 15.077 0.006
3365.84920 15.260 0.006
3373.81327 15.136 0.006
3378.74006 15.238 0.006
3387.73774 15.073 0.006
3394.62320 15.310 0.006
3399.77693 15.170 0.006
3403.76402 15.202 0.006
3408.68719 15.133 0.006
3413.53345 15.230 0.006
3417.62735 15.280 0.006
3427.56333 15.315 0.006
3434.51518 15.135 0.006
3440.53930 15.191 0.006
3447.50851 15.090 0.006
3456.53407 15.306 0.006
3469.48894 15.156 0.006
3478.48143 15.107 0.006
3601.89190 15.303 0.006
3619.89465 15.119 0.006
3636.83348 15.315 0.006
3640.78340 15.318 0.006
3651.81728 15.212 0.006
3654.86348 15.077 0.006
3658.82715 15.059 0.006
3661.87290 15.290 0.006
3665.84610 15.314 0.006
3670.81571 15.103 0.006
3673.82600 15.284 0.006
3676.82616 15.152 0.006
3685.76551 15.110 0.006
3687.85223 15.056 0.006
3690.77418 15.250 0.006
3693.80984 15.048 0.006
3695.84093 15.072 0.006
3698.83056 15.313 0.006
3701.69953 15.065 0.006
3703.78331 15.112 0.006
3705.84751 15.139 0.006
3708.83524 15.250 0.006
3712.79278 15.185 0.006
3715.75846 15.215 0.006
3718.69427 15.126 0.006
3720.84406 15.059 0.006
3724.76166 15.035 0.006
3728.73970 15.051 0.006
3731.80278 15.310 0.006
3733.66553 15.309 0.006
3735.65337 15.304 0.006
3737.81189 15.268 0.006
3740.77524 15.152 0.006
3742.78580 15.188 0.006
3745.81781 15.135 0.006
3747.82054 15.080 0.006
3749.76785 15.100 0.006
3751.78169 15.054 0.006
3753.73108 15.052 0.006
3755.73117 15.049 0.006
3757.72090 15.042 0.006
3759.81120 15.058 0.006
3763.68320 15.056 0.006
3766.69980 15.306 0.006
3770.72735 15.281 0.006
3773.75860 15.175 0.006
3776.73294 15.198 0.006
3783.60021 15.207 0.006
3788.57439 15.066 0.006
3793.57995 15.284 0.006
3801.51572 15.317 0.006
3810.55057 15.173 0.006
3826.49142 15.278 0.006
3958.88150 15.171 0.006
3965.85132 15.248 0.006
3970.87144 15.047 0.006
3982.82223 15.114 0.006
3993.77491 15.175 0.006
3999.86642 15.059 0.006
4003.74235 15.047 0.006
4006.76350 15.295 0.006
4008.78441 15.321 0.006
4013.79602 15.111 0.006
4019.79718 15.153 0.006
4026.85923 15.091 0.006
4029.80359 15.253 0.006
4032.84018 15.048 0.006
4038.78624 15.054 0.006
4041.74613 15.303 0.006
4043.75117 15.312 0.006
4046.84430 15.147 0.006
4049.71442 15.298 0.006
4052.77577 15.178 0.006
4054.76191 15.202 0.006
4056.82105 15.217 0.006
4059.71581 15.140 0.006
4064.78346 15.266 0.006
4066.78343 15.282 0.006
4069.73650 15.057 0.006
4071.66445 15.048 0.006
4076.73667 15.323 0.006
4079.77815 15.140 0.006
4082.82607 15.208 0.006
4084.79132 15.188 0.006
4086.81634 15.142 0.006
4103.64098 15.307 0.006
4106.57279 15.079 0.006
4111.79511 15.258 0.006
4117.73573 15.201 0.006
4127.66433 15.053 0.006
4132.75326 15.309 0.006
4143.54049 15.079 0.006
4157.53273 15.203 0.006
4168.57350 15.042 0.006
4198.52607 15.280 0.006
4343.85899 15.282 0.007
4348.82789 15.048 0.006
4353.85926 15.302 0.006
4358.81128 15.141 0.006
4364.89765 15.219 0.006
4367.87148 15.083 0.006
4370.89316 15.262 0.006
4373.84918 15.042 0.006
4378.75260 15.298 0.007
4381.74078 15.062 0.006
4386.85866 15.284 0.006
4390.82065 15.264 0.006
4394.86724 15.162 0.006
4399.79496 15.223 0.006
4412.78237 15.061 0.006
4423.73272 15.277 0.006
4427.73480 15.190 0.006
4430.73810 15.206 0.006
4433.75565 15.072 0.006
4437.75361 15.044 0.006
4440.69785 15.281 0.006
4443.79033 15.061 0.006
4444.83318 15.311 0.007
4448.69883 15.314 0.006
4449.74629 15.103 0.006
4449.76126 15.107 0.006
4450.70919 15.312 0.007
4451.64436 15.092 0.006
4451.79687 15.126 0.006
4452.85714 15.240 0.006
4453.63323 15.101 0.006
4454.65681 15.283 0.006
4455.64357 15.130 0.006
4455.76226 15.158 0.006
4456.72431 15.233 0.006
4457.69906 15.154 0.006
4457.79348 15.192 0.006
4458.62146 15.263 0.006
4459.60572 15.161 0.006
4459.76070 15.189 0.006
4461.61908 15.169 0.006
4461.76401 15.228 0.007
4462.63643 15.188 0.006
4462.78618 15.089 0.006
4463.62998 15.201 0.006
4463.75744 15.229 0.006
4464.63233 15.152 0.006
4464.76176 15.070 0.006
4465.63922 15.211 0.006
4465.77419 15.257 0.006
4466.64882 15.111 0.006
4466.74017 15.065 0.006
4467.60771 15.236 0.006
4467.68454 15.248 0.006
4468.64028 15.081 0.006
4468.73844 15.050 0.006
4469.62461 15.239 0.006
4470.62132 15.057 0.006
4470.69399 15.043 0.006
4471.60692 15.247 0.006
4471.76879 15.285 0.006
4472.60315 15.039 0.006
4472.77579 15.040 0.006
4473.73714 15.296 0.006
4476.75810 15.063 0.006
4482.79898 15.115 0.006
4485.78930 15.243 0.006
4490.63654 15.158 0.006
4494.70260 15.218 0.006
4498.72699 15.257 0.006
4501.72433 15.050 0.006
4506.65834 15.288 0.006
4508.68520 15.294 0.006
4509.74931 15.077 0.006
4512.71884 15.306 0.006
4518.65903 15.264 0.007
4521.69958 15.190 0.006
4523.67859 15.190 0.006
4525.64320 15.199 0.006
4531.62691 15.239 0.006
4534.55580 15.060 0.006
4537.67158 15.287 0.006
4539.59085 15.277 0.006
4542.50823 15.045 0.006
