 455.67458 15.226 0.005
 455.74882 15.219 0.005
 455.79638 15.227 0.005
 456.61649 15.215 0.005
 456.66622 15.216 0.005
 456.69900 15.216 0.005
 456.73701 15.203 0.005
 456.78441 15.206 0.005
 456.83584 15.204 0.005
 457.58418 15.227 0.005
 457.62813 15.226 0.005
 457.68675 15.223 0.005
 457.74535 15.231 0.005
 457.80399 15.225 0.005
 457.83348 15.217 0.005
 458.66056 15.220 0.005
 458.72963 15.220 0.005
 459.57778 15.212 0.005
 459.62394 15.216 0.005
 459.68252 15.223 0.005
 459.74195 15.220 0.005
 459.78581 15.217 0.005
 459.82962 15.219 0.005
 461.58870 15.215 0.005
 461.63244 15.215 0.005
 461.69113 15.219 0.005
 461.75728 15.215 0.005
 461.81928 15.211 0.005
 462.58922 15.231 0.005
 462.64784 15.233 0.005
 462.69381 15.233 0.005
 465.69589 15.225 0.005
 465.74036 15.224 0.005
 465.82511 15.218 0.005
 466.67638 15.219 0.005
 466.74294 15.217 0.005
 466.82792 15.225 0.005
 467.68005 15.234 0.005
 467.78465 15.225 0.005
 467.85058 15.231 0.005
 468.69095 15.208 0.005
 468.75689 15.212 0.005
 468.81551 15.208 0.005
 468.83753 15.205 0.005
 469.68764 15.228 0.005
 469.76576 15.236 0.005
 469.83471 15.228 0.005
 470.76635 15.218 0.005
 470.81344 15.215 0.005
 471.67346 15.226 0.005
 471.81024 15.215 0.005
 472.64811 15.229 0.005
 472.69189 15.227 0.005
 472.73568 15.212 0.005
 472.80160 15.218 0.005
 472.83111 15.225 0.005
 474.72763 15.241 0.005
 475.56199 15.208 0.005
 475.62077 15.211 0.005
 475.68687 15.217 0.005
 475.73902 15.217 0.005
 476.77303 15.235 0.005
 477.55872 15.225 0.005
 477.61005 15.227 0.005
 477.75750 15.216 0.005
 477.83834 15.223 0.005
 478.56488 15.220 0.005
 478.78528 15.221 0.005
 478.84421 15.225 0.005
 479.56370 15.232 0.005
 479.60757 15.227 0.005
 479.74135 15.218 0.005
 479.84517 15.221 0.005
 480.59977 15.215 0.005
 480.68091 15.212 0.005
 480.77450 15.220 0.005
 480.81861 15.210 0.005
 481.58495 15.234 0.005
 481.73333 15.229 0.005
 481.77730 15.235 0.005
 481.82125 15.221 0.005
 482.73418 15.210 0.005
 482.81208 15.213 0.005
 483.60044 15.223 0.005
 483.64489 15.233 0.005
 483.68877 15.223 0.005
 483.73274 15.227 0.005
 483.77665 15.236 0.005
 483.82058 15.233 0.005
 484.59912 15.226 0.005
 484.70779 15.228 0.005
 484.75215 15.213 0.005
 484.79617 15.218 0.005
 485.60276 15.218 0.005
 485.74970 15.221 0.005
 485.79382 15.210 0.005
 486.59929 15.236 0.005
 486.68563 15.233 0.005
 486.74135 15.229 0.005
 486.78653 15.225 0.005
 487.62625 15.211 0.005
 487.67450 15.210 0.005
 487.72232 15.209 0.005
 487.76642 15.212 0.005
 487.81061 15.204 0.005
 488.61177 15.234 0.005
 488.65567 15.228 0.005
 488.72455 15.226 0.005
 488.76854 15.225 0.005
 488.81261 15.234 0.005
 489.58746 15.211 0.005
 489.67646 15.220 0.005
 489.72036 15.217 0.005
 489.76430 15.224 0.005
 490.58071 15.220 0.005
 490.71787 15.220 0.005
 490.76199 15.225 0.005
 490.80598 15.220 0.005
 491.60521 15.233 0.005
 491.65703 15.227 0.005
 491.70116 15.220 0.005
 491.81458 15.220 0.005
 492.58939 15.218 0.005
 492.66372 15.218 0.005
 493.59243 15.231 0.005
 493.63690 15.235 0.005
 494.58716 15.220 0.005
 494.63109 15.216 0.005
 494.67528 15.211 0.005
 494.71961 15.208 0.005
 494.76459 15.211 0.005
 495.58995 15.226 0.005
 495.66358 15.224 0.005
 495.71707 15.228 0.005
 496.58532 15.212 0.005
 496.63010 15.225 0.005
 496.67419 15.213 0.005
 496.71911 15.210 0.005
 498.58441 15.228 0.005
 498.62844 15.228 0.005
 498.74218 15.213 0.005
 498.78615 15.231 0.005
 499.57937 15.212 0.005
 499.62506 15.204 0.005
 499.76536 15.204 0.005
 500.54859 15.228 0.005
 500.62205 15.227 0.005
 500.66700 15.238 0.005
 500.71811 15.223 0.005
 500.76256 15.238 0.005
 501.58625 15.215 0.005
 501.70500 15.213 0.005
 507.57468 15.241 0.005
 507.61986 15.238 0.005
 507.69168 15.232 0.005
 509.57053 15.219 0.005
 509.61766 15.218 0.005
 509.66999 15.233 0.005
 510.61216 15.217 0.005
 510.65773 15.218 0.005
 510.70531 15.224 0.005
 511.69762 15.217 0.005
 512.60430 15.226 0.005
 512.65260 15.219 0.005
 512.72693 15.239 0.005
 513.58461 15.209 0.005
 513.63017 15.212 0.005
 513.72188 15.204 0.005
 514.59283 15.233 0.005
 514.66191 15.224 0.005
 514.71225 15.244 0.005
 514.75911 15.226 0.005
 515.58698 15.220 0.005
 515.64172 15.212 0.005
 515.68996 15.215 0.005
 516.59329 15.225 0.005
 516.64748 15.217 0.005
 516.69446 15.219 0.005
 516.74095 15.229 0.005
 517.59127 15.225 0.005
 517.64111 15.220 0.005
 517.69109 15.224 0.005
 517.73723 15.225 0.005
 518.62862 15.217 0.005
 518.67386 15.210 0.005
 518.72295 15.227 0.005
 519.58923 15.235 0.005
 519.63588 15.238 0.005
 519.71828 15.248 0.005
 520.73004 15.215 0.005
 521.58556 15.231 0.005
 521.63066 15.235 0.005
 521.69345 15.229 0.005
 523.59479 15.223 0.005
 523.64760 15.227 0.005
 523.69750 15.225 0.005
 524.58722 15.223 0.005
 524.63719 15.224 0.005
 526.57419 15.229 0.005
 527.69936 15.202 0.005
 530.58950 15.228 0.005
 531.58691 15.232 0.005
 532.57639 15.206 0.005
 533.59362 15.236 0.005
 534.58285 15.215 0.005
 534.62693 15.200 0.005
 534.67870 15.213 0.005
 535.56741 15.227 0.005
 535.62771 15.224 0.005
 536.54657 15.220 0.005
 536.59174 15.217 0.005
 536.64228 15.220 0.005
 537.54116 15.218 0.005
 537.64136 15.217 0.005
 538.52914 15.223 0.005
 538.58088 15.233 0.005
 539.53778 15.213 0.005
 539.64886 15.210 0.005
 540.65459 15.228 0.005
 541.54815 15.217 0.005
 541.60517 15.219 0.005
 542.53725 15.224 0.005
 542.58912 15.228 0.005
 542.63659 15.231 0.005
 543.57548 15.228 0.005
 543.61953 15.234 0.005
 543.65658 15.229 0.005
 544.52824 15.219 0.005
 544.57255 15.218 0.005
 544.61682 15.229 0.005
 544.66206 15.208 0.005
 551.51798 15.209 0.005
 552.52944 15.231 0.005
 553.53480 15.216 0.005
 554.51150 15.217 0.005
 554.59695 15.225 0.006
 555.51783 15.215 0.006
 557.61841 15.235 0.005
 558.56518 15.208 0.006
 559.54902 15.233 0.005
 560.52704 15.211 0.005
 561.52706 15.213 0.005
 562.52862 15.217 0.005
 564.52982 15.236 0.005
 565.53560 15.213 0.005
 566.52958 15.228 0.005
 567.53067 15.220 0.005
 568.51592 15.231 0.006
 569.52569 15.217 0.005
 571.51155 15.227 0.005
 572.54181 15.213 0.005
 574.50373 15.229 0.005
 575.50233 15.219 0.005
 577.51130 15.219 0.005
 578.52484 15.231 0.005
 582.50701 15.219 0.005
 583.50976 15.227 0.005
 672.89522 15.224 0.005
 689.87921 15.232 0.005
 699.88043 15.215 0.005
 701.84604 15.234 0.005
 704.88855 15.215 0.005
 706.86996 15.221 0.005
 714.84581 15.225 0.005
 716.80201 15.213 0.005
 720.85834 15.229 0.005
 728.79717 15.215 0.005
 729.79721 15.225 0.005
 730.75275 15.213 0.005
 733.84377 15.224 0.005
 741.84698 15.234 0.005
 745.80184 15.223 0.005
 747.85021 15.224 0.005
 753.80408 15.229 0.005
 759.83864 15.217 0.005
 766.81276 15.225 0.005
 772.83190 15.229 0.005
 775.81361 15.217 0.005
 779.83226 15.228 0.005
 787.80865 15.213 0.005
 789.79267 15.211 0.005
 790.80314 15.225 0.005
 795.76078 15.236 0.005
 796.83267 15.215 0.005
 797.76044 15.227 0.005
 798.73242 15.224 0.005
 805.81730 15.223 0.005
 816.78832 15.224 0.005
 817.70757 15.226 0.005
 819.80723 15.228 0.005
 822.82145 15.212 0.005
 824.85069 15.223 0.005
 826.67419 15.231 0.005
 829.74477 15.220 0.005
 832.70099 15.211 0.005
 836.79981 15.216 0.005
 840.67918 15.235 0.005
 843.67962 15.227 0.005
 850.65321 15.236 0.005
 854.69104 15.221 0.005
 855.65793 15.227 0.005
 856.62425 15.220 0.005
 858.59681 15.210 0.005
 864.74690 15.246 0.006
 875.57214 15.223 0.005
 880.55770 15.233 0.005
 887.57101 15.228 0.005
 892.69933 15.234 0.005
 895.54543 15.224 0.005
 898.55232 15.209 0.005
 918.54052 15.218 0.006
 922.61965 15.216 0.005
 928.54561 15.228 0.005
 933.57728 15.227 0.005
 947.51692 15.240 0.006
 952.51078 15.221 0.005
1045.90538 15.232 0.005
1051.88560 15.217 0.005
1052.92084 15.223 0.005
1053.90107 15.225 0.005
1054.91674 15.212 0.005
1055.88923 15.241 0.005
1059.90200 15.229 0.005
1061.91176 15.217 0.005
1069.85919 15.224 0.005
1076.88113 15.226 0.005
1087.83134 15.210 0.005
1091.83385 15.218 0.005
1102.81625 15.226 0.005
1106.87128 15.212 0.005
1107.79906 15.231 0.005
1113.81183 15.210 0.005
1119.81655 15.236 0.005
1128.82481 15.223 0.005
1131.71037 15.233 0.005
1132.76240 15.210 0.005
1136.79571 15.219 0.005
1138.82214 15.232 0.005
1142.68683 15.219 0.005
1144.75574 15.205 0.005
1151.78160 15.211 0.005
1155.78091 15.218 0.005
1158.77840 15.209 0.005
1161.75633 15.224 0.005
1165.77706 15.211 0.005
1169.77193 15.223 0.005
1174.74576 15.216 0.005
1179.76258 15.206 0.005
1181.83467 15.217 0.005
1186.78907 15.211 0.005
1187.85033 15.229 0.005
1192.69620 15.228 0.005
1196.72909 15.205 0.005
1201.73796 15.217 0.005
1203.75777 15.212 0.005
1207.61466 15.221 0.005
1211.65242 15.227 0.005
1214.65332 15.223 0.005
1217.62816 15.213 0.005
1220.63300 15.217 0.005
1223.65923 15.235 0.005
1225.60018 15.219 0.005
1227.68067 15.211 0.006
1231.57659 15.215 0.005
1234.62482 15.212 0.005
1236.63233 15.202 0.006
1240.58478 15.229 0.005
1242.68648 15.239 0.005
1244.63610 15.232 0.005
1247.56669 15.232 0.005
1256.55138 15.239 0.005
1260.57691 15.216 0.005
1265.55184 15.217 0.005
1274.52975 15.213 0.005
1277.53403 15.229 0.005
1281.56250 15.212 0.005
1288.53226 15.217 0.006
1290.59968 15.221 0.005
1296.53702 15.225 0.005
1298.57493 15.217 0.006
1301.51670 15.231 0.006
1305.56247 15.221 0.005
1308.49199 15.242 0.005
1313.53851 15.229 0.006
1316.53036 15.217 0.005
1319.50665 15.212 0.005
1329.50046 15.220 0.006
1330.49998 15.220 0.006
1335.47636 15.206 0.005
1342.47518 15.220 0.005
1412.86501 15.219 0.005
1418.86223 15.218 0.005
1430.91678 15.223 0.005
1432.85060 15.224 0.006
1435.82662 15.227 0.006
1437.81052 15.213 0.005
1440.85817 15.225 0.005
1446.87023 15.209 0.005
1447.89576 15.229 0.005
1451.88002 15.212 0.005
1455.85886 15.216 0.005
1459.79751 15.239 0.005
1462.80180 15.226 0.006
1470.86214 15.209 0.005
1475.77478 15.224 0.005
1478.73015 15.239 0.005
1481.70378 15.231 0.005
1484.85323 15.204 0.005
1487.75017 15.221 0.005
1490.73003 15.235 0.005
1492.72315 15.231 0.005
1495.72163 15.227 0.005
1499.67941 15.235 0.005
1502.67467 15.229 0.005
1505.71526 15.212 0.005
1507.84869 15.219 0.005
1510.82469 15.211 0.005
1512.72146 15.217 0.005
1514.83256 15.231 0.005
1517.66801 15.215 0.005
1519.74165 15.216 0.005
1521.67739 15.224 0.005
1523.79814 15.242 0.006
1525.79252 15.224 0.005
1527.72145 15.216 0.005
1528.76782 15.228 0.005
1529.78888 15.212 0.005
1531.78203 15.213 0.005
1538.73855 15.220 0.005
1541.69465 15.219 0.005
1542.72453 15.233 0.005
1544.65055 15.226 0.005
1547.77747 15.233 0.005
1548.75507 15.208 0.005
1549.74933 15.242 0.005
1552.61408 15.228 0.005
1554.74055 15.221 0.005
1555.74724 15.212 0.005
1562.75020 15.213 0.005
1564.62880 15.213 0.005
1567.72135 15.211 0.005
1570.62669 15.224 0.005
1574.75338 15.216 0.005
1577.70306 15.219 0.005
1580.73912 15.228 0.005
1583.62449 15.215 0.005
1586.62476 15.213 0.005
1589.62931 15.238 0.005
1592.62107 15.229 0.005
1595.66697 15.215 0.005
1599.60667 15.239 0.005
1601.68465 15.232 0.005
1604.56619 15.220 0.005
1606.60105 15.231 0.005
1609.64241 15.221 0.005
1610.62754 15.234 0.005
1613.51856 15.232 0.005
1615.55051 15.229 0.005
1617.62190 15.215 0.005
1619.60553 15.209 0.005
1620.55672 15.233 0.006
1622.50688 15.228 0.005
1624.50343 15.223 0.005
1626.50428 15.216 0.005
1627.62538 15.229 0.005
1629.50443 15.227 0.005
1630.58582 15.220 0.005
1632.52236 15.233 0.005
1634.50008 15.231 0.005
1646.49097 15.239 0.005
1650.57743 15.210 0.006
1654.52943 15.210 0.005
1656.51562 15.228 0.005
1659.52308 15.211 0.005
1661.54703 15.217 0.005
1663.57230 15.218 0.005
1667.51396 15.226 0.005
1670.53570 15.242 0.005
1673.50617 15.208 0.005
1681.47608 15.226 0.006
1691.52399 15.247 0.005
1694.48055 15.210 0.005
1769.86763 15.228 0.005
1771.89446 15.224 0.006
1772.87432 15.210 0.005
1775.87540 15.217 0.005
1784.85997 15.197 0.005
1789.84869 15.217 0.005
1804.79832 15.233 0.005
1808.87888 15.213 0.005
1812.79342 15.223 0.005
1816.80478 15.233 0.005
1821.79534 15.220 0.005
1823.83745 15.228 0.005
1826.82053 15.229 0.005
1829.79419 15.217 0.005
1830.80751 15.231 0.005
1834.84648 15.218 0.005
1845.84393 15.217 0.005
1851.84130 15.220 0.005
1859.78362 15.231 0.005
1861.80083 15.235 0.005
1864.77826 15.212 0.005
1865.75848 15.224 0.005
1867.81224 15.223 0.005
1868.79783 15.240 0.005
1870.73111 15.229 0.005
1871.81512 15.225 0.005
1873.77466 15.234 0.005
2123.93450 15.227 0.006
2130.92356 15.237 0.006
2131.92535 15.219 0.006
2132.92352 15.226 0.006
2134.92508 15.209 0.006
2140.92475 15.224 0.006
2142.91199 15.238 0.006
2144.92237 15.221 0.006
2156.89607 15.238 0.006
2161.86302 15.232 0.006
2173.87628 15.228 0.006
2190.80798 15.216 0.006
2192.84593 15.224 0.006
2201.83238 15.227 0.006
2214.81394 15.220 0.006
2221.75684 15.214 0.006
2224.76955 15.218 0.006
2227.67217 15.222 0.006
2229.68563 15.217 0.006
2230.82979 15.223 0.006
2237.76461 15.216 0.006
2241.68986 15.230 0.006
2243.74372 15.218 0.006
2247.82559 15.215 0.006
2248.82818 15.224 0.006
2250.81497 15.218 0.006
2252.67528 15.212 0.006
2254.66634 15.211 0.006
2257.67301 15.207 0.006
2260.67972 15.198 0.006
2264.68510 15.211 0.006
2266.67121 15.201 0.006
2270.67890 15.228 0.006
2271.81926 15.207 0.006
2272.82721 15.228 0.006
2274.66473 15.222 0.006
2276.77484 15.217 0.006
2277.82814 15.220 0.006
2279.84574 15.230 0.006
2280.81929 15.219 0.006
2282.70891 15.211 0.006
2283.87005 15.214 0.006
2288.77751 15.224 0.006
2290.81480 15.219 0.006
2292.78782 15.214 0.006
2294.76415 15.219 0.006
2296.77979 15.234 0.006
2298.73650 15.240 0.006
2300.74697 15.230 0.006
2302.72365 15.218 0.006
2304.76785 15.213 0.006
2323.59973 15.198 0.006
2327.58515 15.226 0.006
2333.59517 15.217 0.006
2339.57156 15.219 0.006
2345.53263 15.219 0.006
2351.51076 15.214 0.006
2369.50827 15.225 0.006
2385.49396 15.217 0.006
2529.83955 15.227 0.006
2539.84198 15.230 0.006
2545.81155 15.210 0.006
2552.86519 15.214 0.006
2556.85656 15.226 0.006
2560.76498 15.236 0.006
2564.87325 15.209 0.006
2573.86996 15.213 0.006
2578.79432 15.211 0.006
2583.84872 15.207 0.006
2590.75492 15.210 0.006
2596.76753 15.231 0.006
2605.79479 15.236 0.006
2609.76695 15.219 0.006
2614.72524 15.225 0.006
2618.78021 15.217 0.006
2621.70532 15.222 0.006
2624.61127 15.232 0.006
2627.70978 15.236 0.006
2629.73273 15.241 0.006
2632.65867 15.213 0.006
2635.70591 15.209 0.006
2638.67689 15.227 0.006
2640.77378 15.218 0.006
2642.73000 15.209 0.006
2644.73270 15.211 0.006
2646.68693 15.225 0.006
2650.74250 15.231 0.006
2652.79989 15.219 0.006
2654.76530 15.210 0.006
2656.67072 15.213 0.006
2658.63247 15.217 0.006
2660.65080 15.230 0.006
2662.66174 15.234 0.006
2664.64180 15.224 0.006
2666.70519 15.218 0.006
2668.69131 15.202 0.006
2670.65343 15.213 0.006
2672.79219 15.221 0.006
2674.69294 15.229 0.006
2676.68205 15.229 0.006
2678.73530 15.227 0.006
2680.64606 15.212 0.006
2682.69211 15.220 0.006
2687.57192 15.215 0.006
2693.53115 15.235 0.006
2696.56788 15.213 0.006
2701.54953 15.213 0.006
2707.55130 15.232 0.006
2714.54340 15.224 0.006
2839.92000 15.233 0.006
2867.89101 15.229 0.006
2885.86870 15.217 0.006
2892.89721 15.212 0.006
2897.86612 15.214 0.006
2907.78634 15.227 0.006
2911.82373 15.212 0.006
2916.87415 15.211 0.006
2922.85785 15.235 0.006
2926.78955 15.223 0.006
2930.85923 15.211 0.006
2934.76126 15.234 0.006
2940.74111 15.219 0.006
2943.74630 15.225 0.006
2947.75495 15.217 0.006
2949.84495 15.211 0.006
2953.71209 15.230 0.006
2956.73743 15.198 0.006
2958.76379 15.212 0.006
2962.77629 15.220 0.006
2965.79932 15.222 0.006
2968.66661 15.214 0.006
2973.79011 15.215 0.006
2976.80254 15.228 0.006
2978.71019 15.219 0.006
2980.72261 15.213 0.006
2982.71533 15.208 0.006
2984.76246 15.223 0.006
2986.84513 15.220 0.006
2988.81550 15.235 0.006
2989.77081 15.212 0.006
2991.66595 15.228 0.006
2993.68638 15.230 0.006
2995.75421 15.225 0.006
2997.73190 15.223 0.006
3001.79094 15.213 0.006
3003.76159 15.216 0.006
3005.72343 15.233 0.006
3007.64485 15.236 0.006
3009.64270 15.223 0.006
3011.74228 15.225 0.006
3017.74779 15.223 0.006
3019.67582 15.231 0.006
3021.79439 15.229 0.006
3023.65617 15.221 0.006
3025.62407 15.212 0.006
3027.67345 15.210 0.006
3029.65848 15.212 0.006
3031.72840 15.227 0.006
3033.79204 15.235 0.006
3035.79887 15.229 0.006
3038.77649 15.221 0.006
3041.61700 15.213 0.006
3043.65104 15.223 0.006
3045.71396 15.219 0.006
3047.66771 15.223 0.006
3048.59649 15.216 0.006
3050.61600 15.223 0.006
3052.61720 15.226 0.006
3054.61742 15.231 0.006
3056.60987 15.213 0.006
3058.60386 15.208 0.006
3060.65346 15.205 0.006
3068.53938 15.230 0.006
3070.60029 15.205 0.006
3073.63148 15.230 0.006
3076.54509 15.229 0.006
3078.64050 15.228 0.006
3082.61831 15.217 0.006
3085.51940 15.228 0.006
3087.65759 15.230 0.006
3090.62374 15.224 0.006
3096.53962 15.213 0.006
3099.60940 15.228 0.006
3102.58801 15.231 0.006
3104.57473 15.233 0.006
3107.55843 15.226 0.006
3110.55650 15.191 0.006
3113.53441 15.224 0.006
3128.50692 15.228 0.006
3140.51391 15.227 0.006
3216.87814 15.221 0.006
3248.86326 15.233 0.006
3257.89160 15.231 0.006
3264.81294 15.218 0.006
3270.87973 15.223 0.006
3274.76538 15.240 0.006
3277.88741 15.220 0.006
3287.76907 15.208 0.005
3295.72749 15.237 0.005
3297.71946 15.220 0.005
3299.78378 15.211 0.005
3301.78100 15.223 0.006
3304.84134 15.218 0.006
3307.71488 15.240 0.006
3309.74710 15.234 0.006
3311.74507 15.209 0.006
3320.78803 15.212 0.006
3323.73416 15.225 0.005
3327.76000 15.217 0.006
3330.71865 15.232 0.006
3334.81758 15.207 0.006
3338.86601 15.229 0.006
3339.76535 15.210 0.006
3354.78126 15.225 0.006
3358.82996 15.214 0.006
3365.76005 15.213 0.006
3372.77645 15.213 0.006
3378.68907 15.230 0.006
3387.68157 15.238 0.006
3391.75682 15.207 0.006
3399.72563 15.238 0.006
3403.71297 15.214 0.006
3406.68250 15.228 0.005
3410.63545 15.206 0.005
3415.63265 15.214 0.006
3427.59637 15.225 0.006
3433.61897 15.223 0.006
3438.54817 15.208 0.005
3446.50533 15.214 0.006
3455.52866 15.217 0.006
3461.52273 15.240 0.006
3473.48206 15.226 0.006
3575.94071 15.213 0.006
3592.93256 15.208 0.005
3619.83448 15.230 0.006
3629.90796 15.213 0.006
3633.87299 15.239 0.006
3639.78547 15.209 0.005
3644.82209 15.218 0.005
3651.76525 15.218 0.006
3654.81277 15.228 0.006
3658.77679 15.221 0.006
3661.84749 15.235 0.006
3668.82022 15.235 0.006
3672.80849 15.217 0.006
3676.76528 15.234 0.006
3684.82727 15.213 0.005
3687.80168 15.225 0.005
3690.72154 15.225 0.006
3693.75556 15.219 0.006
3695.78832 15.231 0.006
3698.77007 15.221 0.006
3700.79865 15.220 0.005
3703.72953 15.213 0.005
3705.79670 15.215 0.005
3708.78463 15.229 0.006
3712.74225 15.213 0.006
3714.81248 15.220 0.006
3717.67492 15.217 0.006
3719.84744 15.218 0.006
3721.80841 15.221 0.006
3726.70425 15.229 0.006
3730.73649 15.229 0.006
3732.72858 15.226 0.006
3734.85942 15.228 0.006
3737.76036 15.232 0.006
3739.83034 15.230 0.006
3741.84328 15.230 0.006
3743.74041 15.213 0.006
3746.78292 15.229 0.006
3748.73612 15.222 0.006
3749.74170 15.225 0.006
3751.75306 15.235 0.006
3753.70456 15.219 0.006
3755.70556 15.217 0.006
3757.69542 15.215 0.006
3759.76021 15.227 0.006
3762.78172 15.221 0.006
3765.76881 15.224 0.005
3770.64132 15.234 0.005
3773.70740 15.233 0.006
3776.67772 15.224 0.006
3779.63230 15.220 0.006
3782.74590 15.247 0.006
3787.60911 15.242 0.006
3792.55983 15.240 0.006
3800.54182 15.223 0.006
3809.54906 15.220 0.006
3823.50916 15.221 0.006
3946.93135 15.215 0.006
3964.88773 15.231 0.005
3969.91854 15.231 0.006
3981.88634 15.224 0.006
3989.91496 15.224 0.006
3998.87866 15.209 0.005
3999.84114 15.234 0.006
4001.89016 15.214 0.005
4004.85413 15.232 0.005
4005.86808 15.210 0.005
4008.73435 15.202 0.005
4011.90124 15.225 0.006
4018.86402 15.231 0.006
4024.73147 15.213 0.005
4026.80453 15.227 0.005
4029.75376 15.206 0.006
4032.76906 15.227 0.006
4038.73513 15.217 0.006
4041.69639 15.203 0.006
4043.70124 15.215 0.006
4046.79297 15.214 0.006
4049.66390 15.227 0.006
4052.72531 15.233 0.006
4054.71211 15.238 0.006
4056.77013 15.239 0.006
4058.80246 15.213 0.005
4063.70106 15.230 0.005
4066.75837 15.228 0.005
4068.66326 15.230 0.005
4070.68835 15.209 0.006
4074.75598 15.220 0.006
4077.80450 15.237 0.006
4079.84939 15.214 0.006
4083.69496 15.218 0.006
4085.76069 15.230 0.006
4093.74522 15.193 0.005
4102.85775 15.221 0.006
4105.81779 15.228 0.006
4109.78766 15.204 0.005
4113.74349 15.234 0.005
4120.77372 15.232 0.005
4122.73018 15.225 0.005
4125.78445 15.239 0.006
4132.67221 15.241 0.006
4142.72319 15.226 0.006
4156.55829 15.224 0.006
4168.51294 15.228 0.006
4197.49220 15.199 0.006
4341.92462 15.211 0.006
4347.87554 15.219 0.006
4353.80951 15.214 0.006
4358.90781 15.217 0.006
4364.87223 15.213 0.006
4367.89668 15.213 0.006
4371.76197 15.220 0.006
4377.81834 15.224 0.006
4380.83327 15.237 0.006
4386.80899 15.218 0.006
4390.77090 15.229 0.006
4394.72705 15.235 0.006
4399.74500 15.240 0.006
4412.72350 15.216 0.006
4418.81690 15.231 0.006
4421.86271 15.218 0.006
4426.76061 15.217 0.006
4430.68799 15.231 0.006
4432.74718 15.230 0.006
4436.78711 15.230 0.006
4439.85219 15.235 0.006
4443.74022 15.224 0.006
4449.70309 15.222 0.006
4451.71284 15.232 0.006
4455.71192 15.222 0.006
4457.74238 15.214 0.006
4460.81402 15.236 0.006
4463.73231 15.229 0.006
4466.72131 15.209 0.006
4470.66877 15.239 0.006
4473.71150 15.218 0.006
4477.76998 15.236 0.006
4482.77380 15.236 0.006
4486.75162 15.235 0.006
4491.72515 15.226 0.006
4494.67051 15.226 0.006
4498.70324 15.231 0.006
4501.70049 15.228 0.006
4506.63461 15.220 0.006
4508.65764 15.232 0.006
4510.72722 15.226 0.006
4517.66144 15.240 0.006
4521.64198 15.229 0.006
4524.60471 15.228 0.006
4530.63068 15.224 0.006
4532.65643 15.224 0.006
4536.62867 15.231 0.006
4539.51064 15.225 0.006
4541.61978 15.245 0.006
