 455.68301 18.064 0.015
 456.68904 18.183 0.022
 456.79857 18.094 0.016
 457.59081 18.115 0.016
 457.63473 18.122 0.017
 457.69337 18.059 0.017
 457.75197 18.058 0.016
 457.81062 18.052 0.018
 457.84008 18.063 0.018
 458.66718 18.113 0.018
 458.73627 18.195 0.021
 459.58442 18.187 0.019
 459.63055 18.143 0.017
 459.68913 18.109 0.016
 459.74856 18.075 0.016
 459.79243 18.098 0.017
 459.83622 18.090 0.019
 461.59530 18.083 0.017
 461.63909 18.146 0.018
 461.69774 18.133 0.016
 461.76728 18.088 0.018
 461.82592 18.103 0.019
 462.59585 18.110 0.016
 462.65446 18.145 0.016
 462.70044 18.113 0.017
 465.70252 18.127 0.021
 465.74698 18.060 0.019
 465.83173 18.111 0.018
 466.68299 18.064 0.019
 466.74954 18.101 0.017
 466.83454 18.089 0.016
 467.68666 18.159 0.017
 467.79125 18.149 0.018
 467.85721 18.140 0.023
 468.69757 18.056 0.017
 468.76348 18.069 0.017
 468.82211 18.095 0.017
 468.85871 18.094 0.016
 469.69424 18.148 0.020
 469.77237 18.128 0.022
 469.84135 18.108 0.021
 470.77295 18.096 0.023
 471.68008 18.115 0.019
 471.81683 18.190 0.030
 472.65472 18.143 0.018
 472.69850 18.032 0.018
 472.74232 18.139 0.022
 472.80822 18.014 0.021
 472.83772 18.158 0.029
 473.72226 18.091 0.026
 474.73428 18.177 0.021
 475.56860 18.242 0.022
 475.62736 18.177 0.020
 475.69346 18.148 0.024
 475.74562 18.107 0.024
 476.77962 18.172 0.024
 477.56534 18.124 0.017
 477.61666 18.115 0.017
 477.76410 18.102 0.019
 477.84493 18.104 0.022
 478.57150 18.101 0.017
 478.79188 18.141 0.017
 478.85084 18.143 0.020
 479.57030 18.128 0.017
 479.61416 18.113 0.017
 479.73338 18.141 0.020
 479.85178 18.034 0.024
 480.60635 18.057 0.018
 480.68752 18.117 0.016
 480.78112 18.167 0.019
 480.82522 18.117 0.021
 481.59154 18.170 0.019
 481.73993 18.097 0.019
 481.78393 18.174 0.021
 481.82783 18.064 0.021
 482.74079 18.146 0.018
 482.81868 18.140 0.020
 483.60705 18.100 0.020
 483.65149 18.173 0.019
 483.69540 18.164 0.019
 483.73933 18.086 0.018
 483.78326 18.070 0.018
 483.82719 18.117 0.024
 484.60577 18.019 0.016
 484.71443 18.129 0.017
 484.75877 18.108 0.018
 484.80278 18.148 0.020
 485.60936 18.172 0.017
 485.75629 18.122 0.017
 485.80043 18.085 0.018
 486.60588 18.107 0.019
 486.69223 18.115 0.020
 486.74797 18.146 0.019
 486.79312 18.128 0.021
 487.63291 18.119 0.015
 487.68110 18.104 0.016
 487.72896 18.164 0.016
 487.77304 18.142 0.018
 487.81720 18.117 0.020
 488.61836 18.105 0.017
 488.66229 18.110 0.015
 488.73113 18.129 0.020
 488.77515 18.127 0.019
 488.81920 18.111 0.023
 489.59406 18.121 0.016
 489.68306 18.116 0.016
 489.72701 18.166 0.017
 489.77091 18.130 0.018
 490.58731 18.151 0.015
 490.72450 18.064 0.016
 490.76857 18.143 0.017
 490.81259 18.124 0.019
 491.61186 18.083 0.015
 491.66363 18.083 0.017
 491.70781 18.119 0.018
 491.82118 18.217 0.022
 492.59598 18.149 0.018
 492.67031 18.115 0.023
 493.59904 18.113 0.016
 493.64351 18.091 0.018
 494.59376 18.159 0.018
 494.63770 18.172 0.017
 494.68188 18.154 0.018
 494.72624 18.121 0.018
 494.77118 18.121 0.015
 495.59655 18.066 0.019
 495.67019 18.114 0.021
 495.72366 18.180 0.027
 496.59189 18.157 0.020
 496.63668 18.186 0.023
 496.68077 18.124 0.025
 496.72570 18.098 0.025
 497.69473 18.129 0.022
 498.59099 18.067 0.019
 498.63504 18.159 0.017
 498.74878 18.158 0.020
 498.79273 18.135 0.021
 499.58597 18.148 0.019
 499.63165 18.111 0.017
 499.77195 18.003 0.020
 500.54063 18.065 0.021
 500.58463 18.053 0.025
 500.62864 18.120 0.027
 500.67359 18.028 0.026
 500.72468 18.114 0.022
 500.76916 18.197 0.027
 501.59285 18.157 0.021
 501.71160 18.082 0.023
 507.58130 18.094 0.019
 507.69827 18.242 0.028
 509.57711 18.128 0.020
 509.62424 18.097 0.020
 509.67657 18.148 0.032
 510.61875 18.141 0.022
 510.66432 18.086 0.022
 510.71190 18.134 0.022
 511.70419 18.223 0.024
 512.61094 18.248 0.024
 512.65918 18.138 0.026
 512.73353 18.076 0.018
 513.59119 18.090 0.025
 513.63676 18.098 0.016
 513.72846 18.098 0.017
 514.59941 18.148 0.016
 514.66850 18.098 0.019
 514.71885 18.168 0.020
 514.76571 18.108 0.018
 515.59355 18.132 0.017
 515.64833 18.057 0.016
 515.69656 18.045 0.017
 516.59986 18.155 0.023
 516.65406 18.134 0.019
 516.70104 18.176 0.020
 516.74756 18.183 0.022
 517.59786 18.035 0.021
 517.64768 18.105 0.021
 517.69768 18.132 0.021
 517.74383 18.117 0.024
 518.63521 18.097 0.019
 518.68046 18.115 0.023
 518.72953 18.145 0.024
 519.59581 18.179 0.018
 519.64248 18.168 0.022
 519.72487 18.138 0.022
 520.73662 18.132 0.022
 521.59215 18.214 0.025
 521.63724 18.085 0.024
 521.70004 18.218 0.028
 523.60143 18.176 0.022
 523.65438 18.172 0.021
 523.70427 18.171 0.024
 524.59390 18.088 0.021
 524.64382 18.032 0.028
 526.58079 18.058 0.023
 527.70594 18.134 0.026
 530.59611 18.160 0.032
 531.59352 18.138 0.027
 532.58298 18.060 0.025
 533.60020 18.065 0.024
 534.58943 18.116 0.025
 534.63352 18.129 0.023
 534.68529 18.056 0.028
 535.57401 18.064 0.019
 535.63426 18.108 0.025
 536.55315 18.199 0.021
 536.59830 18.195 0.024
 536.64885 18.148 0.028
 537.54773 18.103 0.018
 537.64796 18.073 0.018
 538.53576 18.053 0.023
 538.58749 18.101 0.021
 539.54434 18.134 0.020
 539.65543 18.032 0.018
 540.66117 18.153 0.022
 541.55471 18.124 0.017
 541.61177 18.126 0.018
 542.54383 18.120 0.018
 542.59568 18.119 0.018
 542.64316 18.066 0.020
 543.58209 18.210 0.022
 543.66317 18.159 0.021
 544.53481 18.092 0.019
 544.57911 18.095 0.018
 544.62340 18.065 0.019
 544.66864 18.079 0.020
 551.52457 18.084 0.017
 552.53603 18.172 0.022
 553.54138 18.046 0.024
 554.51807 18.161 0.029
 554.60354 18.233 0.039
 555.52446 18.193 0.044
 557.62500 18.128 0.036
 558.57176 18.181 0.046
 559.55560 18.059 0.027
 560.53362 18.148 0.037
 561.53365 18.117 0.030
 562.53518 18.022 0.040
 564.53640 18.153 0.040
 565.54216 18.167 0.028
 566.53615 18.086 0.022
 567.53724 18.147 0.023
 568.52250 18.127 0.033
 569.53229 18.096 0.025
 571.51813 18.114 0.026
 572.54860 18.058 0.025
 574.51067 18.141 0.024
 575.50927 18.152 0.037
 577.51821 18.085 0.024
 578.53178 18.157 0.029
 582.51393 18.154 0.033
 583.51667 18.051 0.032
 672.90218 18.107 0.020
 689.88617 18.136 0.022
 699.88741 18.085 0.022
 701.85300 18.138 0.029
 704.89555 18.140 0.026
 706.87694 18.122 0.028
 714.85278 18.079 0.021
 716.80897 18.128 0.023
 720.86529 18.107 0.024
 728.80416 18.092 0.020
 729.80420 18.178 0.026
 730.75974 18.138 0.026
 733.85073 18.181 0.032
 741.85401 18.019 0.021
 745.80883 18.102 0.023
 747.85720 18.101 0.022
 753.81105 18.178 0.025
 766.81973 18.069 0.032
 772.83888 18.089 0.022
 775.82060 18.110 0.020
 779.83926 18.140 0.021
 787.81564 18.073 0.020
 789.79966 18.151 0.025
 790.81012 18.094 0.022
 795.76776 18.103 0.023
 796.83966 18.084 0.024
 797.76746 18.121 0.022
 798.73939 18.142 0.023
 805.82427 18.064 0.034
 816.79528 18.058 0.022
 817.71452 18.088 0.021
 819.81420 18.135 0.027
 822.82840 18.066 0.019
 824.85765 18.128 0.022
 826.68112 18.069 0.024
 829.78359 18.101 0.027
 832.70797 18.148 0.022
 836.80675 18.130 0.025
 840.68612 18.143 0.028
 843.68657 18.072 0.020
 850.66016 18.073 0.024
 854.69797 18.091 0.028
 855.66487 18.165 0.038
 856.63119 18.140 0.027
 858.60374 18.114 0.026
 864.75384 18.021 0.041
 875.57907 18.111 0.021
 880.56462 18.126 0.024
 887.57802 18.143 0.026
 892.70623 18.130 0.029
 895.55236 18.153 0.030
 898.55926 18.084 0.018
 918.54749 18.103 0.044
 922.62658 18.145 0.027
 928.55249 18.063 0.032
 933.58419 18.217 0.032
 947.52384 18.165 0.037
 952.51770 18.071 0.025
1045.91234 18.167 0.029
1051.89258 18.123 0.025
1053.90803 18.114 0.020
1054.92372 18.190 0.033
1055.89621 18.159 0.030
1059.90898 18.111 0.024
1061.91872 18.116 0.037
1069.86619 18.132 0.023
1087.83831 18.146 0.026
1091.84085 18.094 0.030
1102.82323 18.081 0.017
1106.87827 18.090 0.023
1107.80604 18.047 0.022
1113.81880 18.119 0.022
1119.82355 18.109 0.023
1128.83177 18.070 0.022
1131.71736 18.139 0.033
1132.76940 18.205 0.026
1136.80268 18.086 0.021
1138.82909 18.135 0.023
1142.69380 18.145 0.020
1144.76271 18.133 0.021
1151.78859 18.129 0.023
1155.78787 18.009 0.021
1158.78537 18.114 0.024
1161.76327 18.127 0.019
1165.78402 18.103 0.021
1169.77890 18.089 0.024
1174.75269 18.139 0.021
1179.76958 18.224 0.029
1181.84165 18.140 0.028
1186.79603 18.027 0.018
1187.85729 18.096 0.021
1192.70316 18.108 0.021
1196.73608 18.121 0.029
1201.74489 18.172 0.032
1203.76472 18.124 0.023
1207.62159 18.029 0.026
1211.65935 18.054 0.025
1214.66025 18.053 0.026
1217.63507 18.187 0.026
1220.63994 18.079 0.022
1223.66617 18.117 0.023
1225.60715 18.078 0.020
1227.68760 18.034 0.028
1231.58354 18.104 0.025
1234.63179 18.092 0.025
1236.63928 18.138 0.034
1240.59171 18.065 0.024
1242.69341 18.081 0.029
1244.64303 18.103 0.026
1247.57361 18.151 0.029
1256.55832 18.088 0.027
1260.58382 18.070 0.022
1265.55877 18.090 0.030
1274.52142 18.108 0.034
1277.54096 18.159 0.028
1281.55416 18.134 0.030
1288.53919 18.105 0.029
1290.60661 18.170 0.032
1296.54395 18.109 0.032
1298.58185 18.081 0.040
1301.52359 18.121 0.034
1305.56941 18.132 0.029
1308.49896 18.136 0.026
1313.54543 18.142 0.033
1316.53727 18.184 0.036
1319.51361 18.124 0.025
1329.49213 18.141 0.039
1332.47503 18.148 0.033
1340.48684 18.073 0.036
1412.87197 18.189 0.030
1418.86919 18.054 0.027
1431.85155 18.081 0.025
1432.85756 18.184 0.029
1435.83359 18.051 0.029
1437.81753 18.034 0.025
1440.86515 18.133 0.028
1446.87720 18.189 0.036
1447.90276 18.209 0.045
1451.89548 18.097 0.029
1455.86583 18.180 0.038
1459.80451 18.107 0.030
1462.80876 18.122 0.029
1470.86915 18.152 0.025
1475.78178 18.136 0.027
1478.73714 18.107 0.032
1481.71075 18.151 0.027
1484.86021 18.095 0.022
1487.74019 18.082 0.023
1490.73699 18.190 0.028
1492.73013 18.140 0.027
1495.72862 18.100 0.024
1499.68638 18.145 0.037
1502.68166 18.109 0.028
1505.72224 18.138 0.026
1507.85566 18.190 0.032
1510.83167 18.121 0.023
1512.72843 18.113 0.030
1514.83953 18.154 0.025
1517.67498 18.147 0.025
1519.74862 18.082 0.021
1521.68435 18.148 0.025
1523.80512 18.218 0.035
1525.79948 18.180 0.023
1527.72841 18.121 0.021
1528.77478 18.078 0.022
1529.79588 18.148 0.025
1531.78899 18.129 0.023
1538.74552 18.129 0.025
1541.70162 18.152 0.020
1542.73149 18.070 0.023
1544.65753 18.081 0.022
1547.78442 18.164 0.023
1548.76204 18.079 0.021
1549.75632 18.108 0.020
1552.62103 18.133 0.023
1554.74752 18.185 0.023
1555.75423 18.133 0.023
1562.75715 18.173 0.030
1564.63574 18.092 0.034
1567.72832 18.161 0.027
1570.63362 18.136 0.023
1574.74507 18.158 0.021
1577.69476 18.115 0.024
1580.73082 18.127 0.022
1583.61619 18.124 0.027
1586.63170 18.117 0.022
1589.62101 18.127 0.025
1592.61273 18.165 0.024
1593.65554 18.110 0.028
1595.65866 18.179 0.028
1599.59836 18.135 0.022
1601.67632 18.121 0.030
1604.55786 18.133 0.025
1606.59272 18.086 0.025
1609.63409 18.079 0.023
1610.61923 18.086 0.026
1613.51027 18.127 0.032
1615.54218 18.116 0.023
1617.61359 18.114 0.023
1619.59719 18.129 0.033
1620.54841 18.044 0.029
1622.49855 18.076 0.032
1624.49510 18.143 0.036
1626.49595 18.155 0.029
1627.61704 18.219 0.037
1629.49609 18.024 0.028
1630.56753 18.135 0.025
1632.51399 18.146 0.025
1634.49174 18.067 0.026
1643.48367 18.122 0.035
1645.53385 18.197 0.055
1646.48264 18.203 0.029
1650.58434 18.037 0.054
1654.52110 18.145 0.032
1656.50729 18.167 0.026
1659.51473 18.067 0.026
1661.53871 18.105 0.025
1663.56399 18.115 0.023
1667.50564 18.190 0.036
1670.52738 18.160 0.030
1673.49781 18.097 0.034
1681.46775 18.066 0.043
1691.50661 18.065 0.030
1769.85935 18.098 0.027
1771.88616 18.111 0.034
1772.86604 18.075 0.023
1775.86711 18.092 0.027
1784.85167 18.165 0.035
1789.84042 18.176 0.019
1804.79002 18.096 0.026
1808.87060 18.129 0.027
1812.78513 18.132 0.023
1816.79649 18.135 0.022
1821.78705 18.114 0.026
1823.82918 18.059 0.021
1826.81227 18.098 0.029
1829.78591 18.192 0.030
1830.79923 18.124 0.029
1834.83820 18.108 0.027
1845.83566 18.075 0.021
1851.83302 18.132 0.026
1859.77534 18.145 0.026
1861.79252 18.045 0.024
1864.76999 18.100 0.022
1865.75020 18.028 0.019
1867.80398 18.147 0.023
1868.78955 18.132 0.020
1870.72280 18.089 0.022
1871.80684 18.135 0.019
1873.76636 18.142 0.022
2115.93631 18.176 0.046
2116.93721 18.078 0.038
2122.92136 18.134 0.033
2128.92746 18.129 0.046
2130.91232 18.080 0.034
2131.91416 18.047 0.037
2132.90885 18.132 0.034
2134.91389 18.079 0.036
2135.92482 18.112 0.032
2140.91357 18.086 0.035
2142.90189 18.191 0.048
2143.90948 18.119 0.032
2144.91230 18.136 0.030
2156.88489 18.099 0.036
2161.84991 18.141 0.041
2173.86441 18.136 0.026
2190.80163 18.083 0.027
2192.83588 18.115 0.029
2201.82236 18.118 0.025
2214.80394 18.149 0.036
2224.75954 18.133 0.039
2227.66215 18.161 0.035
2229.67561 18.168 0.033
2230.81981 18.113 0.029
2232.83934 18.133 0.032
2234.83415 18.121 0.024
2237.75457 18.190 0.029
2241.67984 18.069 0.032
2243.73371 18.065 0.030
2248.81430 18.125 0.023
2250.80101 18.191 0.028
2252.66525 18.109 0.029
2254.65634 18.106 0.029
2257.66301 18.137 0.029
2260.66970 18.116 0.027
2264.67509 18.155 0.030
2266.66121 18.109 0.030
2270.65907 18.114 0.028
2271.80926 18.125 0.023
2272.81721 18.108 0.034
2274.64733 18.092 0.034
2276.76481 18.139 0.032
2277.81814 18.100 0.025
2279.83576 18.146 0.030
2280.80929 18.074 0.023
2282.69479 18.141 0.027
2288.76751 18.149 0.029
2290.80371 18.113 0.032
2292.77783 18.156 0.040
2296.76981 18.053 0.040
2298.72650 18.110 0.032
2300.73701 18.137 0.033
2302.71364 18.063 0.035
2315.64475 18.079 0.027
2323.58860 18.110 0.029
2327.57405 18.102 0.035
2333.58404 18.181 0.045
2339.56040 18.098 0.032
2345.52147 18.109 0.036
2351.49958 18.130 0.033
2369.49709 18.070 0.040
2385.48276 18.125 0.042
2529.82839 18.035 0.032
2539.83086 18.087 0.036
2545.80153 18.095 0.034
2552.85406 18.129 0.035
2556.84544 18.112 0.029
2560.75386 18.100 0.028
2564.86210 18.041 0.027
2573.85995 18.074 0.053
2578.78433 18.027 0.046
2583.83871 18.135 0.037
2590.74381 18.169 0.032
2596.75643 18.134 0.035
2605.78368 18.169 0.030
2609.75581 18.074 0.035
2614.71785 18.111 0.035
2618.77304 18.146 0.032
2621.69576 18.130 0.025
2624.60386 18.157 0.036
2627.69980 18.100 0.036
2629.72274 18.132 0.037
2635.69591 18.120 0.028
2638.66690 18.097 0.029
2640.76380 18.102 0.030
2642.72260 18.141 0.039
2644.72530 18.107 0.032
2646.70083 18.078 0.028
2650.73508 18.050 0.033
2652.78900 18.154 0.032
2654.75142 18.129 0.034
2656.66072 18.113 0.036
2658.62247 18.117 0.040
2660.64079 18.077 0.030
2662.65173 18.136 0.037
2664.63042 18.074 0.035
2666.69516 18.100 0.025
2668.68128 18.070 0.029
2670.64338 18.210 0.043
2672.78217 18.133 0.027
2674.68293 18.158 0.032
2676.67201 18.147 0.034
2678.72530 18.163 0.032
2680.63604 18.037 0.028
2682.68467 18.112 0.035
2687.56098 18.079 0.038
2693.52022 18.073 0.032
2696.55689 18.088 0.032
2701.53850 18.092 0.038
2707.54029 18.080 0.037
2714.53240 18.080 0.038
2839.90897 18.077 0.033
2867.88000 18.112 0.033
2885.85768 18.093 0.028
2892.88620 18.059 0.035
2897.85516 18.096 0.032
2903.90095 18.118 0.023
2907.77537 18.113 0.027
2911.81281 18.150 0.025
2916.86323 18.100 0.025
2922.84691 18.141 0.033
2926.77861 18.084 0.026
2930.84830 18.138 0.028
2934.75027 18.147 0.029
2940.72982 18.140 0.026
2943.73540 18.166 0.030
2947.74402 18.148 0.029
2953.70121 18.079 0.032
2956.72656 18.156 0.027
2958.75289 18.157 0.035
2962.76465 18.148 0.026
2965.78840 18.088 0.025
2968.65427 18.033 0.033
2973.67310 18.107 0.027
2975.85720 18.147 0.034
2976.79163 18.101 0.029
2978.69928 18.127 0.032
2980.71172 18.144 0.026
2982.70444 18.090 0.030
2984.75158 18.074 0.026
2988.80462 18.118 0.026
2989.75988 18.118 0.026
2991.65507 18.100 0.024
2993.64237 18.112 0.026
2995.74333 18.128 0.026
2997.72100 18.087 0.027
2999.68517 18.107 0.025
3001.77999 18.147 0.028
3003.75071 18.067 0.025
3005.71257 18.111 0.029
3007.63393 18.160 0.026
3009.63178 18.145 0.032
3011.73134 18.249 0.051
3013.73553 18.121 0.027
3017.73687 18.092 0.028
3019.66492 18.145 0.030
3021.78349 18.148 0.051
3023.64525 18.101 0.022
3024.84636 18.117 0.024
3027.66252 18.102 0.023
3029.64752 18.202 0.027
3031.71748 18.119 0.025
3033.78111 18.139 0.022
3035.78796 18.161 0.027
3038.76558 18.096 0.033
3041.60606 18.125 0.037
3043.64014 18.132 0.041
3045.70306 18.105 0.032
3047.65678 18.084 0.030
3048.58553 18.102 0.023
3050.60386 18.133 0.023
3052.60101 18.100 0.025
3054.60161 18.089 0.032
3056.59893 18.128 0.026
3058.59295 18.158 0.028
3060.64252 18.125 0.026
3068.52842 18.125 0.034
3070.58935 18.110 0.039
3073.62057 18.186 0.042
3076.52054 18.163 0.043
3078.62954 18.093 0.028
3082.60738 18.116 0.025
3085.50843 18.160 0.033
3087.64667 18.093 0.028
3090.61065 18.055 0.029
3096.52864 18.156 0.039
3099.59791 18.059 0.037
3102.57706 18.190 0.037
3104.56377 18.098 0.028
3110.54551 18.101 0.035
3113.52340 18.192 0.041
3128.49523 18.036 0.032
3140.50295 18.107 0.035
3216.86713 18.168 0.042
3241.91011 18.132 0.029
3248.85229 18.056 0.033
3257.88065 18.127 0.024
3264.80199 18.151 0.022
3270.86874 18.101 0.025
3274.75445 18.096 0.034
3277.87644 18.136 0.027
3281.89645 18.146 0.032
3287.75817 18.101 0.021
3295.71655 18.155 0.020
3301.77009 18.203 0.036
3304.83042 18.163 0.028
3307.70395 18.087 0.036
3309.73618 18.161 0.026
3311.73419 18.142 0.027
3320.77710 18.064 0.022
3327.74911 18.079 0.024
3330.70775 18.104 0.028
3334.80665 18.160 0.036
3338.85512 18.066 0.026
3339.75445 18.148 0.028
3354.77038 18.103 0.025
3358.81657 18.107 0.026
3361.84744 18.141 0.024
3365.74913 18.098 0.033
3372.76554 18.123 0.024
3378.67818 18.157 0.025
3387.66497 18.064 0.040
3391.74596 18.051 0.030
3395.70854 18.140 0.040
3399.71476 18.138 0.032
3403.70206 18.084 0.028
3406.67091 18.177 0.023
3410.62464 18.119 0.022
3415.62184 18.095 0.026
3427.58554 18.149 0.036
3433.60812 18.216 0.042
3438.53736 18.113 0.035
3455.51785 18.103 0.041
3461.51188 18.131 0.030
3575.92977 18.122 0.033
3592.92165 18.186 0.023
3601.92169 18.089 0.026
3619.82363 18.055 0.024
3629.89711 18.098 0.027
3633.86213 18.069 0.029
3639.77461 18.130 0.023
3644.81122 18.110 0.024
3651.75357 18.032 0.023
3654.80191 18.142 0.024
3658.76593 18.128 0.030
3661.83667 18.137 0.033
3668.80936 18.087 0.028
3672.79764 18.145 0.025
3676.75441 18.167 0.028
3684.81644 18.118 0.026
3687.79089 18.135 0.025
3690.71071 18.179 0.032
3693.74476 18.046 0.025
3695.77753 18.143 0.023
3698.75926 18.116 0.029
3700.78785 18.105 0.026
3703.71872 18.147 0.023
3705.78588 18.226 0.025
3708.77382 18.027 0.029
3712.73146 18.166 0.023
3714.80167 18.156 0.024
3717.66413 18.155 0.026
3719.83664 18.112 0.030
3721.79756 18.161 0.027
3726.69340 18.147 0.032
3730.72572 18.125 0.024
3732.71776 18.167 0.021
3734.84860 18.111 0.025
3737.74958 18.070 0.048
3739.81957 18.067 0.022
3741.83248 18.163 0.036
3743.72961 18.201 0.030
3746.77208 18.188 0.034
3748.72533 18.096 0.033
3749.73036 18.124 0.034
3751.74223 18.120 0.026
3753.69377 18.018 0.024
3755.69410 18.078 0.026
3757.68462 18.143 0.026
3759.74932 18.070 0.023
3762.77094 18.077 0.032
3765.75804 18.181 0.026
3770.63047 18.201 0.024
3773.69656 18.047 0.025
3776.66687 18.142 0.028
3779.62144 18.186 0.040
3782.73236 18.078 0.032
3787.59826 18.169 0.028
3792.54899 18.126 0.027
3800.53095 18.147 0.030
3809.53824 18.080 0.039
3823.49828 18.103 0.033
3964.87699 18.112 0.021
3969.90105 18.206 0.034
3980.91751 18.149 0.028
3981.87562 18.150 0.032
3989.90419 18.152 0.034
3998.86793 18.170 0.028
3999.83042 18.094 0.024
4001.87946 18.101 0.022
4004.84342 18.151 0.025
4005.85738 18.124 0.023
4008.72368 18.098 0.022
4011.89053 18.219 0.026
4018.85329 18.154 0.026
4023.88564 18.071 0.034
4026.79383 18.074 0.019
4029.74303 18.078 0.027
4031.81642 18.148 0.025
4038.72442 18.126 0.024
4041.68572 18.175 0.029
4043.69057 18.159 0.035
4046.78230 18.199 0.041
4048.87171 18.260 0.057
4049.65326 18.141 0.025
4052.71462 18.082 0.020
4054.70142 18.242 0.034
4056.75944 18.220 0.034
4058.79177 18.094 0.022
4063.69041 18.111 0.022
4065.86357 18.128 0.034
4066.74772 18.134 0.023
4068.65259 18.093 0.022
4070.67770 18.089 0.024
4073.85150 18.180 0.036
4074.74531 18.127 0.035
4077.79378 18.099 0.029
4079.83872 18.146 0.036
4083.68433 18.137 0.035
4085.75003 18.058 0.029
4093.73455 18.136 0.025
4105.80714 18.069 0.029
4109.77704 18.053 0.021
4113.73274 18.128 0.020
4120.76305 18.170 0.028
4122.71956 18.173 0.021
4125.77379 18.010 0.025
4132.66151 18.064 0.029
4142.71242 18.123 0.044
4156.54752 18.150 0.029
4168.50215 18.114 0.045
4197.48146 18.117 0.037
4341.91385 18.108 0.036
4347.86379 18.075 0.027
4353.79875 18.134 0.027
4358.89707 18.102 0.030
4364.86151 18.163 0.039
4367.88597 18.097 0.027
4371.75122 18.091 0.033
4377.80607 18.159 0.030
4380.82259 18.095 0.027
4386.79827 18.150 0.036
4390.76021 18.090 0.032
4394.71634 18.098 0.026
4399.73431 18.163 0.046
4404.73250 18.124 0.039
4412.71281 18.128 0.037
4418.80622 18.087 0.025
4421.85201 18.137 0.028
4426.74994 18.216 0.041
4429.85639 18.200 0.054
4430.67642 18.134 0.044
4432.73652 18.101 0.025
4436.77642 18.070 0.030
4439.84150 18.206 0.041
4443.72136 18.102 0.043
4449.69242 18.112 0.024
4451.70214 18.135 0.035
4455.70128 18.210 0.040
4457.73173 18.165 0.034
4460.80337 18.155 0.040
4463.72163 18.121 0.028
4466.71063 18.179 0.028
4470.65806 18.126 0.028
4473.70083 18.078 0.028
4477.75926 18.173 0.038
4482.76311 18.064 0.037
4486.74015 18.089 0.037
4491.71438 18.152 0.039
4494.65968 18.040 0.034
4498.69331 18.109 0.029
4501.69057 18.163 0.035
4506.62467 18.150 0.037
4508.64771 18.142 0.030
4510.71642 18.121 0.030
4521.63026 18.163 0.033
4524.59385 18.163 0.037
4530.61735 18.090 0.032
4532.64558 18.079 0.030
4535.61458 18.080 0.037
4536.61782 18.085 0.026
4539.49980 18.057 0.037
4541.60896 18.186 0.040
