2123.92555 18.087 0.027
2130.91614 18.077 0.027
2131.91795 18.167 0.034
2132.91613 18.091 0.025
2134.91771 18.072 0.028
2140.91741 18.101 0.026
2142.90522 18.084 0.027
2144.91562 18.156 0.024
2156.88873 18.085 0.032
2161.85569 18.047 0.026
2167.83852 18.067 0.030
2173.84588 18.014 0.023
2173.86826 18.054 0.018
2190.78366 18.160 0.027
2192.81843 18.079 0.026
2192.83927 18.087 0.022
2201.82575 18.104 0.018
2214.78575 18.094 0.032
2214.80731 18.111 0.027
2221.75024 18.110 0.024
2224.74253 18.069 0.024
2224.76294 18.039 0.021
2226.84669 18.103 0.039
2227.66558 18.095 0.025
2229.65861 18.103 0.032
2229.67902 18.043 0.024
2230.82321 18.053 0.024
2232.81719 18.082 0.028
2232.84275 18.158 0.026
2234.81161 18.147 0.023
2234.83757 18.114 0.019
2237.75801 18.057 0.021
2239.59656 18.070 0.035
2241.65811 18.103 0.031
2241.68325 18.150 0.028
2243.71669 18.091 0.027
2243.73712 18.104 0.025
2248.79332 18.037 0.021
2248.81770 18.075 0.018
2250.80440 18.030 0.020
2252.64834 18.089 0.026
2252.66867 18.103 0.021
2254.63927 18.019 0.025
2254.65973 18.056 0.023
2257.64314 18.096 0.023
2257.66640 18.113 0.023
2260.67309 18.063 0.021
2261.75749 18.125 0.025
2264.67849 18.130 0.024
2264.74781 18.023 0.021
2266.64079 18.041 0.028
2266.66461 18.040 0.022
2270.63690 18.093 0.025
2270.66773 18.036 0.021
2271.78770 18.102 0.023
2271.81266 18.140 0.017
2272.82059 18.072 0.026
2273.72418 18.079 0.031
2274.65076 17.991 0.027
2276.76822 18.017 0.021
2277.64625 18.056 0.022
2277.82154 18.153 0.021
2279.83915 18.044 0.023
2280.81269 18.076 0.021
2282.70231 18.110 0.021
2283.86345 18.103 0.025
2288.74579 18.046 0.022
2288.77091 18.023 0.024
2290.80819 18.139 0.024
2292.78123 18.048 0.027
2294.75753 18.031 0.034
2296.77319 18.034 0.031
2298.72989 18.112 0.027
2300.74038 18.114 0.027
2302.69635 18.085 0.032
2302.71702 18.082 0.035
2304.76122 18.186 0.038
2315.64814 18.124 0.021
2323.59246 18.053 0.021
2327.57787 18.184 0.027
2333.58788 18.152 0.035
2339.56424 18.095 0.025
2345.52531 18.048 0.027
2351.50345 18.035 0.026
2369.50088 18.073 0.029
2385.48656 18.113 0.033
2526.90528 18.070 0.023
2529.83224 18.067 0.026
2539.83472 18.087 0.028
2542.88422 18.174 0.027
2545.80490 18.103 0.030
2552.85792 18.088 0.027
2556.82690 18.100 0.025
2556.84932 18.096 0.023
2559.87673 18.127 0.029
2560.75773 18.086 0.022
2564.84336 18.089 0.028
2564.86597 18.062 0.023
2573.84278 18.140 0.032
2573.86333 18.070 0.024
2578.76713 18.063 0.029
2578.78770 18.067 0.026
2583.82159 18.060 0.029
2583.84211 18.012 0.025
2589.85295 18.047 0.026
2590.74770 18.070 0.024
2596.73758 18.056 0.034
2596.76032 18.059 0.027
2605.74060 18.075 0.026
2605.78758 18.114 0.024
2609.73685 18.089 0.033
2609.75971 18.084 0.027
2610.62885 18.125 0.030
2610.73429 18.093 0.032
2610.84079 18.078 0.028
2611.64100 18.102 0.030
2613.62223 18.038 0.029
2613.70004 18.122 0.032
2614.67020 18.123 0.030
2614.70304 18.155 0.031
2614.75358 18.120 0.027
2614.84518 18.078 0.025
2615.65425 18.093 0.027
2615.77637 18.125 0.023
2615.83410 18.025 0.022
2617.64295 18.070 0.032
2617.73735 18.015 0.029
2617.84581 18.112 0.029
2618.65946 18.070 0.026
2618.72732 18.044 0.027
2618.75301 18.064 0.024
2619.61623 18.054 0.022
2619.72295 18.087 0.020
2619.84735 18.115 0.025
2620.64613 18.096 0.025
2620.73131 18.104 0.021
2620.84805 18.061 0.024
2621.63489 18.125 0.024
2621.68015 18.109 0.019
2621.75583 18.106 0.022
2621.84902 18.056 0.021
2622.64612 18.141 0.028
2622.72752 18.103 0.027
2622.84839 18.082 0.023
2623.64484 18.105 0.027
2623.73291 18.056 0.023
2623.81853 18.089 0.025
2623.84424 18.099 0.022
2624.67544 18.071 0.023
2624.74651 18.065 0.024
2624.84130 18.123 0.025
2625.66043 18.069 0.024
2625.71229 18.086 0.024
2625.82244 18.058 0.021
2626.62923 18.054 0.025
2627.68200 18.134 0.040
2627.70321 18.170 0.033
2627.73701 18.115 0.035
2627.81090 18.081 0.031
2628.65377 18.142 0.029
2628.73083 18.128 0.028
2628.79798 18.045 0.026
2629.64955 18.082 0.028
2629.70504 18.061 0.033
2629.72613 18.129 0.028
2629.75787 18.100 0.026
2629.83760 18.095 0.030
2630.63737 18.040 0.028
2630.71692 18.082 0.026
2630.79726 18.089 0.032
2631.64887 18.056 0.027
2631.75738 18.111 0.040
2632.60482 18.064 0.020
2632.65209 18.084 0.022
2632.73159 18.088 0.021
2632.81213 18.110 0.024
2634.60361 18.113 0.021
2634.69366 18.112 0.023
2634.75950 18.067 0.024
2634.82749 18.098 0.026
2635.65385 18.131 0.024
2635.67882 18.100 0.022
2635.69932 18.077 0.021
2635.73115 18.065 0.020
2635.83411 18.055 0.026
2636.68168 18.103 0.022
2636.76208 18.028 0.025
2636.84178 18.155 0.030
2637.64375 18.118 0.023
2637.72236 18.075 0.020
2637.82542 18.128 0.021
2638.62501 18.067 0.022
2638.64992 18.080 0.025
2638.67030 18.046 0.022
2638.72593 18.084 0.027
2639.59810 18.042 0.019
2639.65003 18.092 0.020
2639.67844 18.117 0.018
2640.60705 18.116 0.025
2640.74904 18.105 0.027
2640.76720 18.064 0.024
2641.60718 18.103 0.027
2641.71766 18.118 0.025
2641.74354 18.120 0.026
2641.85439 18.076 0.026
2642.60529 18.126 0.024
2642.70710 18.094 0.027
2643.61220 18.110 0.020
2643.72634 18.096 0.027
2643.75581 18.128 0.025
2644.59486 18.114 0.027
2644.70534 18.088 0.025
2645.60974 18.059 0.108
2645.71405 18.120 0.023
2645.74635 18.123 0.025
2645.85274 18.105 0.030
2646.61513 18.070 0.022
2646.68034 18.107 0.025
2646.73971 18.106 0.024
2647.61473 18.124 0.029
2647.67185 18.164 0.027
2647.72453 18.134 0.026
2649.61191 18.111 0.022
2649.70433 18.052 0.017
2650.63207 18.059 0.021
2650.69357 18.089 0.027
2650.80339 18.112 0.026
2651.62807 18.059 0.027
2651.72383 18.105 0.025
2652.59389 18.088 0.025
2652.67288 18.111 0.029
2652.73463 18.144 0.029
2652.77040 18.062 0.025
2652.79239 18.181 0.026
2653.60167 18.087 0.025
2653.77467 18.113 0.026
2654.62038 18.073 0.027
2654.66944 18.154 0.032
2654.69743 18.121 0.029
2654.75482 18.080 0.028
2654.83803 18.077 0.022
2655.60603 18.133 0.027
2655.80504 18.087 0.026
2656.61747 18.085 0.028
2656.64237 18.052 0.027
2656.66410 18.124 0.037
2656.76649 18.131 0.034
2656.86376 18.070 0.033
2657.61987 18.040 0.025
2657.85641 18.053 0.035
2658.58141 18.148 0.038
2658.60540 18.036 0.032
2658.62586 18.043 0.027
2658.68092 18.106 0.028
2658.76196 18.192 0.044
2659.63940 18.124 0.027
2660.59412 18.132 0.028
2660.62282 18.120 0.027
2660.64418 18.107 0.028
2660.73985 18.147 0.026
2661.59918 18.134 0.018
2661.65298 18.066 0.020
2661.85214 18.110 0.029
2662.60567 18.106 0.026
2662.63790 18.105 0.027
2662.65512 18.099 0.027
2662.77351 18.096 0.027
2663.65249 18.061 0.023
2664.61320 18.099 0.026
2664.63380 18.097 0.027
2664.70017 18.173 0.035
2664.83811 18.155 0.041
2665.68303 18.113 0.024
2665.82004 18.081 0.029
2666.64230 18.102 0.022
2666.67141 18.124 0.021
2666.69855 18.129 0.020
2666.76011 18.132 0.020
2667.67727 18.073 0.028
2667.83600 18.076 0.034
2668.65631 18.095 0.037
2668.68466 18.077 0.024
2668.75161 18.095 0.026
2670.62631 18.122 0.032
2670.64678 18.097 0.031
2670.68429 18.067 0.036
2671.68720 18.099 0.025
2671.85526 18.159 0.036
2672.66437 18.064 0.039
2672.73559 18.100 0.028
2672.76383 18.093 0.025
2672.78556 18.060 0.024
2674.63396 18.132 0.029
2674.66925 18.085 0.023
2674.68631 18.108 0.025
2674.79129 18.113 0.026
2675.64794 18.062 0.025
2675.75478 18.096 0.027
2676.62053 18.089 0.023
2676.65402 18.095 0.030
2676.67538 18.139 0.028
2676.73478 18.154 0.026
2677.65469 18.099 0.027
2677.71341 18.123 0.025
2678.62777 18.101 0.025
2678.70821 18.117 0.027
2678.72866 18.117 0.027
2678.75945 18.123 0.024
2679.64827 18.152 0.027
2679.78419 18.101 0.030
2680.61888 18.108 0.028
2680.63942 18.113 0.024
2680.77021 18.086 0.022
2681.60814 18.091 0.027
2681.71963 18.085 0.027
2682.58552 18.092 0.028
2682.66979 18.026 0.031
2683.62065 18.086 0.033
2687.56478 18.156 0.031
2693.52402 18.080 0.023
2696.56071 18.063 0.027
2701.54230 18.070 0.034
2714.53618 18.084 0.032
2839.91270 18.100 0.030
2840.90300 18.034 0.034
2867.88376 18.084 0.027
2867.91561 18.038 0.025
2885.86147 18.117 0.022
2888.90948 18.163 0.023
2892.88998 18.054 0.028
2894.84455 18.082 0.027
2897.85894 18.121 0.027
2899.84616 18.048 0.025
2903.90475 18.098 0.022
2905.83513 18.008 0.030
2907.77915 18.061 0.021
2908.89618 18.082 0.026
2911.79448 18.060 0.022
2911.81660 18.141 0.020
2916.84468 18.074 0.022
2916.86702 18.079 0.020
2922.82853 18.144 0.035
2922.85073 18.123 0.027
2926.75595 18.042 0.025
2926.78242 18.075 0.023
2930.82970 18.090 0.025
2930.85214 18.074 0.022
2933.87411 18.054 0.027
2934.75411 18.116 0.023
2940.71125 18.077 0.025
2940.73363 18.072 0.021
2942.83304 18.044 0.023
2943.73922 18.104 0.025
2947.72557 18.094 0.028
2947.74786 18.130 0.024
2949.81574 18.090 0.025
2949.83784 18.083 0.021
2953.70505 18.117 0.033
2956.70829 18.109 0.026
2956.73038 18.099 0.022
2958.73459 18.104 0.031
2958.75670 18.073 0.026
2962.74643 18.070 0.025
2962.76850 18.115 0.020
2965.76586 18.114 0.022
2965.79224 18.124 0.020
2967.86531 18.125 0.036
2968.65813 18.155 0.029
2973.78304 18.115 0.020
2975.83863 18.099 0.027
2975.86103 18.057 0.029
2976.79548 18.150 0.023
2976.83389 18.120 0.027
2978.70315 18.075 0.026
2978.85350 18.084 0.029
2980.71554 18.115 0.022
2982.68564 18.100 0.027
2982.70828 18.097 0.025
2984.73315 18.090 0.027
2984.75542 18.134 0.025
2986.81575 18.095 0.029
2986.83806 18.077 0.028
2988.78034 18.044 0.024
2988.80845 18.102 0.022
2989.76375 18.091 0.022
2989.79627 18.098 0.025
2991.63668 18.050 0.024
2991.65889 18.035 0.019
2993.62410 18.130 0.024
2993.64621 18.171 0.023
2995.72372 18.056 0.021
2995.74717 18.044 0.020
2997.70267 18.099 0.024
2997.72482 18.107 0.025
2999.68900 18.167 0.025
2999.72487 18.153 0.027
3001.76153 18.089 0.026
3001.78387 18.108 0.022
3003.73219 18.119 0.025
3003.75453 18.084 0.022
3005.63746 18.134 0.029
3005.71639 18.074 0.024
3007.63776 18.144 0.022
3007.67052 18.137 0.029
3009.63562 18.108 0.023
3009.73682 18.081 0.027
3011.71255 18.125 0.032
3011.73519 18.105 0.031
3013.71700 18.102 0.028
3013.73937 18.088 0.024
3017.71843 18.066 0.025
3017.74072 18.099 0.021
3019.64642 18.128 0.029
3019.66875 18.100 0.024
3021.78730 18.089 0.021
3023.62698 18.090 0.022
3023.64907 18.073 0.018
3024.85017 18.045 0.021
3027.66635 18.091 0.019
3029.65134 18.052 0.019
3031.69910 18.090 0.023
3031.72130 18.089 0.023
3033.78493 18.064 0.017
3035.79177 18.093 0.020
3038.76939 18.121 0.027
3040.71776 18.030 0.032
3041.60990 18.074 0.029
3042.66167 18.058 0.027
3043.64394 18.087 0.031
3044.59558 18.138 0.029
3045.68456 18.090 0.031
3045.70685 18.058 0.024
3047.63830 18.117 0.029
3047.66059 18.170 0.026
3048.58933 18.061 0.019
3049.64400 18.092 0.022
3050.60765 18.070 0.017
3051.61218 18.108 0.027
3052.60480 18.129 0.022
3054.60543 18.069 0.023
3056.60272 18.089 0.020
3057.63110 18.122 0.026
3060.64630 18.117 0.023
3064.66412 18.079 0.030
3068.53222 18.096 0.028
3070.59313 18.183 0.038
3073.62433 18.100 0.033
3078.63330 18.075 0.022
3082.58822 18.127 0.027
3082.61114 18.112 0.020
3085.51221 18.099 0.027
3087.65043 18.116 0.026
3090.61653 18.080 0.027
3096.49839 18.098 0.044
3096.53240 18.150 0.033
3099.60220 18.012 0.030
3102.58080 18.080 0.028
3104.56752 18.101 0.028
3107.55011 18.172 0.035
3110.54926 18.137 0.032
3113.52715 18.057 0.031
3128.49895 18.139 0.029
3140.50665 18.076 0.026
3216.87089 18.060 0.033
3223.88372 18.101 0.033
3241.91385 18.089 0.022
3248.85604 18.105 0.029
3257.88441 18.083 0.020
3263.90724 18.077 0.025
3264.80578 18.061 0.017
3270.87253 18.077 0.020
3273.89822 18.079 0.029
3274.75823 18.159 0.032
3277.83425 18.029 0.026
3277.88024 18.089 0.022
3281.87803 18.056 0.021
3287.73909 18.026 0.020
3287.76196 18.146 0.018
3295.69138 18.078 0.019
3295.72037 18.052 0.015
3297.68990 18.026 0.020
3299.75440 18.113 0.019
3301.75189 18.042 0.028
3301.77392 18.096 0.027
3304.80782 18.011 0.028
3304.83423 18.087 0.023
3307.68265 18.163 0.042
3307.70777 18.128 0.032
3309.71804 18.049 0.023
3309.74000 18.084 0.020
3311.71589 18.072 0.026
3311.73799 18.055 0.020
3320.75868 18.130 0.022
3320.78093 18.124 0.019
3323.69350 18.013 0.025
3323.72707 18.172 0.030
3327.73026 18.105 0.024
3327.75295 18.120 0.019
3330.68910 18.062 0.033
3330.71158 18.067 0.025
3334.78836 18.093 0.034
3334.81051 18.050 0.027
3338.83482 18.108 0.027
3338.85895 18.081 0.021
3339.75830 18.137 0.023
3340.84990 18.041 0.028
3350.66834 18.059 0.019
3354.71475 18.102 0.023
3354.77421 18.111 0.024
3358.79571 18.086 0.019
3358.82288 18.073 0.019
3361.85127 18.111 0.019
3365.75298 18.097 0.024
3372.74722 18.042 0.023
3372.76938 18.055 0.019
3378.65993 18.132 0.022
3378.68200 18.126 0.021
3387.64650 18.011 0.034
3387.66878 18.144 0.032
3391.72765 18.100 0.027
3391.74976 18.143 0.027
3394.73921 18.048 0.026
3396.61919 18.110 0.028
3399.69641 18.063 0.027
3399.71857 18.068 0.024
3403.68367 18.135 0.027
3403.70589 18.112 0.023
3406.67471 18.070 0.017
3408.59310 18.073 0.023
3410.62841 18.113 0.018
3415.62560 18.118 0.019
3417.56579 18.197 0.027
3427.58930 18.071 0.025
3433.61187 18.158 0.029
3438.54112 18.150 0.022
3446.49819 18.036 0.029
3461.51560 18.073 0.021
3473.47485 18.022 0.028
3477.48581 18.101 0.030
3575.93349 18.116 0.025
3583.92791 18.095 0.025
3592.92536 18.102 0.016
3593.92617 18.213 0.033
3601.86312 18.137 0.030
3601.92543 18.118 0.024
3618.89723 18.134 0.024
3619.82735 18.112 0.020
3629.87849 18.061 0.023
3629.90085 18.095 0.021
3633.86590 18.083 0.023
3634.84509 18.132 0.023
3639.77838 18.094 0.017
3639.83840 18.153 0.021
3644.79318 18.066 0.022
3644.81498 18.109 0.018
3650.88205 18.108 0.024
3651.75819 18.076 0.019
3654.78128 18.111 0.023
3654.80570 18.099 0.018
3657.86353 18.139 0.022
3658.76970 18.046 0.023
3660.79798 18.106 0.031
3661.84044 18.101 0.027
3668.79102 18.119 0.028
3668.81315 18.049 0.022
3672.77924 18.113 0.026
3672.80143 18.101 0.021
3675.85892 18.093 0.021
3676.75823 18.127 0.021
3684.76703 18.127 0.021
3684.82027 18.094 0.019
3687.77268 18.021 0.021
3687.79469 18.055 0.018
3690.66314 18.184 0.048
3690.71451 18.045 0.023
3693.72652 18.096 0.027
3693.74858 18.126 0.023
3695.74806 18.064 0.023
3695.78133 18.049 0.017
3698.74078 18.090 0.027
3698.76306 18.164 0.026
3700.76964 18.042 0.023
3700.79164 18.066 0.019
3702.85729 18.081 0.023
3703.72253 18.079 0.017
3705.76406 18.090 0.020
3705.78970 18.059 0.017
3708.72265 18.072 0.028
3708.77763 18.094 0.025
3712.70954 18.122 0.025
3712.73527 18.071 0.018
3714.71989 18.049 0.021
3714.80547 18.119 0.017
3716.86152 18.110 0.054
3717.66792 18.097 0.021
3719.81316 18.082 0.031
3719.84044 18.090 0.026
3721.80137 18.101 0.022
3725.80704 18.118 0.029
3726.69722 18.065 0.023
3727.77945 18.114 0.026
3730.67486 18.148 0.020
3730.72954 18.136 0.019
3732.69958 18.086 0.019
3732.72155 18.070 0.016
3734.79763 18.127 0.024
3734.85239 18.174 0.022
3736.81390 18.112 0.023
3737.70225 18.131 0.021
3737.75336 18.062 0.016
3739.80137 18.098 0.021
3739.82337 18.100 0.018
3741.83626 18.040 0.026
3742.68723 18.136 0.027
3743.73340 18.118 0.025
3745.76291 18.047 0.021
3746.77587 18.130 0.027
3747.76560 18.181 0.039
3748.72911 18.168 0.027
3749.65733 18.115 0.038
3749.73470 18.125 0.028
3750.74229 18.067 0.027
3751.74603 18.009 0.021
3752.75298 18.065 0.025
3753.69756 18.114 0.019
3754.77072 18.088 0.026
3755.69792 18.147 0.022
3756.59425 18.126 0.024
3757.68838 18.061 0.021
3758.76712 18.048 0.030
3759.75316 18.145 0.020
3761.77951 18.126 0.022
3762.77469 18.105 0.027
3764.73394 18.041 0.021
3765.76180 18.049 0.019
3767.59378 18.061 0.022
3770.61149 18.136 0.024
3770.63427 18.093 0.018
3773.61433 18.135 0.028
3773.70033 18.083 0.026
3776.61374 18.088 0.025
3776.67065 18.029 0.022
3779.60328 18.142 0.033
3779.62522 18.130 0.033
3782.65401 18.123 0.025
3782.73880 18.088 0.025
3787.60204 18.112 0.021
3792.53070 18.127 0.029
3792.55275 18.030 0.021
3800.53471 18.071 0.019
3809.51993 18.121 0.037
3809.54197 18.134 0.031
3822.50574 18.119 0.037
3823.50203 18.117 0.025
3946.90204 18.217 0.037
3964.85887 18.088 0.022
3964.88064 18.060 0.017
3969.88299 18.118 0.030
3969.90739 18.098 0.022
3980.92123 18.064 0.025
3981.85775 18.074 0.029
3981.87929 18.046 0.023
3989.88478 18.071 0.024
3989.90789 18.060 0.022
3995.90848 18.078 0.038
3998.87164 18.034 0.022
3999.83413 18.126 0.020
4001.86148 18.051 0.019
4001.88316 18.065 0.017
4004.84712 18.117 0.020
4005.83915 18.109 0.021
4005.86107 18.105 0.019
4007.84333 18.076 0.024
4008.72737 18.122 0.018
4011.84360 18.168 0.027
4011.89425 18.136 0.022
4018.83518 18.166 0.027
4018.85702 18.119 0.020
4023.86732 18.124 0.025
4024.72075 18.120 0.018
4026.77578 18.110 0.019
4026.79758 18.131 0.017
4029.71705 18.084 0.033
4029.74677 18.091 0.023
4031.79739 18.156 0.023
4032.75458 18.151 0.030
4038.70650 18.084 0.023
4038.72816 18.093 0.021
4040.87334 18.088 0.040
4041.68946 18.141 0.025
4043.67199 18.175 0.038
4043.69432 18.102 0.027
4046.76410 18.054 0.029
4046.78604 18.105 0.030
4048.85362 18.081 0.031
4049.65698 18.043 0.019
4052.69649 18.115 0.021
4052.71837 18.118 0.017
4054.68349 18.056 0.027
4054.70520 18.077 0.026
4056.74054 18.146 0.030
4056.76320 18.186 0.023
4058.77286 18.079 0.018
4058.79553 18.083 0.017
4063.67241 18.122 0.023
4063.69415 18.098 0.018
4066.72969 18.061 0.022
4066.75146 18.061 0.017
4068.65636 18.075 0.018
4068.81719 18.120 0.021
4070.65963 18.139 0.025
4070.68146 18.145 0.021
4073.81901 18.148 0.028
4073.85526 18.206 0.029
4074.74906 18.137 0.028
4076.78716 18.070 0.026
4077.79757 18.049 0.022
4079.74951 18.037 0.026
4079.84249 18.096 0.022
4083.66634 18.161 0.031
4083.68808 18.090 0.027
4085.73184 18.095 0.027
4085.75379 18.082 0.024
4092.85030 18.088 0.022
4093.73831 18.071 0.019
4102.82684 18.178 0.032
4102.85085 18.090 0.026
4105.68573 18.029 0.023
4105.81088 18.106 0.025
4109.72862 18.006 0.021
4109.75885 18.055 0.020
4109.78076 18.061 0.018
4113.71461 18.087 0.019
4113.73657 18.113 0.017
4120.74503 18.190 0.026
4120.76681 18.107 0.019
4122.70144 18.147 0.022
4122.72328 18.121 0.017
4125.75267 18.103 0.025
4125.77750 18.092 0.026
4131.60602 18.105 0.020
4132.66527 18.028 0.023
4142.64261 18.123 0.032
4142.71616 18.073 0.033
4156.52928 18.077 0.025
4156.55128 18.070 0.021
4166.57052 18.123 0.034
4168.50589 18.049 0.027
4196.51994 18.084 0.038
4197.48514 18.112 0.027
4341.89587 18.073 0.031
4341.91755 18.106 0.028
4347.84578 18.135 0.029
4347.86750 18.106 0.025
4353.80246 18.082 0.020
4357.90716 18.126 0.037
4358.90078 18.040 0.023
4362.78294 18.210 0.037
4364.86522 18.132 0.026
4365.82442 18.075 0.037
4367.88968 18.083 0.020
4371.75495 18.122 0.027
4371.85232 18.120 0.027
4377.78815 18.127 0.028
4377.80977 18.122 0.027
4380.80466 18.040 0.025
4380.82630 18.071 0.023
4386.78031 18.128 0.027
4386.80201 18.036 0.027
4390.74231 18.127 0.027
4390.76394 18.148 0.026
4393.85638 18.070 0.027
4394.72008 18.080 0.023
4398.86766 18.047 0.024
4399.73804 18.168 0.036
4403.87460 18.148 0.050
4404.73625 18.138 0.031
4411.86614 18.062 0.030
4412.71655 18.015 0.025
4418.78730 18.092 0.022
4418.80996 18.051 0.019
4421.85577 18.121 0.022
4422.85337 18.112 0.027
4426.73169 18.045 0.028
4426.75370 18.078 0.030
4429.83767 18.114 0.042
4429.86013 18.105 0.049
4430.68016 18.149 0.039
4432.71854 18.072 0.024
4432.74028 18.073 0.020
4436.75791 18.125 0.027
4436.78017 18.061 0.024
4439.82350 18.165 0.038
4439.84526 18.146 0.030
4443.69322 18.084 0.033
4443.72514 18.061 0.032
4448.86039 18.091 0.040
4449.67795 18.114 0.023
4449.69619 18.129 0.019
4451.68752 18.104 0.030
4451.70595 18.098 0.027
4454.70403 18.134 0.027
4455.68629 18.101 0.030
4455.70503 18.119 0.028
4457.73548 18.035 0.024
4458.74473 18.072 0.027
4460.80714 18.081 0.033
4461.66164 18.153 0.026
4463.72538 18.064 0.019
4465.74475 18.103 0.024
4466.71438 18.108 0.019
4468.71330 18.136 0.021
4470.66184 18.086 0.024
4473.68262 18.128 0.024
4473.70458 18.131 0.023
4477.74074 18.137 0.028
4477.76301 18.092 0.028
4481.67832 18.086 0.024
4482.76684 18.064 0.030
4485.72637 18.080 0.030
4486.74392 18.161 0.029
4489.70988 18.112 0.038
4491.71810 18.137 0.031
4493.69972 18.116 0.032
4494.66343 18.103 0.027
4498.67637 18.135 0.026
4498.69668 18.146 0.025
4501.67369 18.116 0.027
4501.69393 18.092 0.025
4506.60763 18.179 0.030
4506.62801 18.101 0.027
4508.61762 18.123 0.027
4508.65104 18.106 0.022
4510.69790 18.066 0.027
4510.72015 18.124 0.026
4517.65435 18.086 0.027
4521.60798 18.055 0.030
4521.63487 18.094 0.025
4523.62383 18.128 0.027
4524.59760 18.070 0.027
4525.54322 18.012 0.025
4530.62107 18.028 0.026
4531.56525 18.088 0.027
4532.64931 18.149 0.026
4533.56762 18.131 0.032
4536.62153 18.124 0.024
4537.61763 18.096 0.027
4539.50349 18.103 0.027
4539.53661 18.113 0.032
4541.58887 18.059 0.034
4541.61267 18.115 0.027
