2166.84169 15.312 0.006
2172.89172 15.501 0.007
2183.88499 15.588 0.007
2189.84743 15.315 0.006
2192.75185 15.583 0.006
2201.76105 15.550 0.006
2212.79639 15.356 0.006
2217.78083 15.546 0.007
2223.80137 15.351 0.006
2226.77573 15.479 0.007
2228.81920 15.329 0.006
2230.73263 15.311 0.006
2232.75285 15.366 0.006
2234.74682 15.457 0.006
2238.69745 15.557 0.007
2240.82642 15.559 0.007
2242.83214 15.421 0.007
2248.71340 15.372 0.006
2251.73866 15.403 0.006
2253.75895 15.317 0.006
2255.68893 15.352 0.006
2258.68841 15.485 0.006
2261.66121 15.550 0.007
2264.79704 15.429 0.006
2269.76990 15.320 0.006
2271.71337 15.363 0.006
2273.80853 15.461 0.007
2275.78202 15.514 0.007
2277.78480 15.565 0.006
2279.78165 15.561 0.006
2281.74446 15.464 0.006
2283.80165 15.307 0.006
2289.73847 15.464 0.006
2291.74459 15.541 0.007
2293.71293 15.575 0.007
2295.73399 15.550 0.006
2297.72493 15.436 0.006
2299.75733 15.312 0.006
2301.66273 15.313 0.006
2303.65812 15.383 0.007
2323.54724 15.473 0.007
2326.56576 15.323 0.007
2332.50915 15.523 0.008
2338.53172 15.411 0.007
2344.52473 15.400 0.006
2355.49705 15.508 0.007
2387.48726 15.525 0.008
2521.90714 15.453 0.007
2537.85395 15.455 0.008
2542.82007 15.337 0.006
2544.87723 15.436 0.007
2551.86748 15.416 0.007
2555.89148 15.543 0.007
2559.80543 15.570 0.007
2563.85070 15.327 0.007
2573.77845 15.565 0.007
2577.84122 15.433 0.007
2580.86918 15.577 0.007
2589.77726 15.584 0.007
2594.79409 15.530 0.008
2599.84892 15.436 0.007
2609.65408 15.476 0.007
2611.65927 15.333 0.007
2617.80596 15.503 0.007
2620.77493 15.331 0.006
2623.74821 15.505 0.007
2626.67330 15.496 0.007
2627.61510 15.358 0.007
2628.84035 15.568 0.007
2630.82909 15.518 0.007
2632.61989 15.505 0.006
2635.61539 15.528 0.007
2637.74108 15.566 0.007
2637.75556 15.558 0.007
2639.77177 15.452 0.006
2641.64605 15.402 0.007
2643.65723 15.314 0.006
2645.64957 15.349 0.006
2647.57630 15.392 0.006
2651.64381 15.551 0.007
2653.66744 15.566 0.007
2655.65360 15.514 0.007
2657.78733 15.328 0.007
2659.65451 15.322 0.006
2661.67515 15.371 0.006
2665.78109 15.509 0.007
2667.85180 15.569 0.008
2671.78538 15.405 0.007
2675.71746 15.326 0.006
2677.75184 15.401 0.007
2679.74288 15.471 0.007
2682.60063 15.326 0.006
2686.56984 15.396 0.007
2691.52055 15.319 0.007
2695.57791 15.435 0.007
2700.52891 15.323 0.007
2713.51392 15.501 0.007
2735.49399 15.447 0.007
2841.91386 15.409 0.007
2868.88066 15.315 0.007
2890.82381 15.514 0.007
2895.85959 15.421 0.007
2900.81524 15.320 0.006
2906.84628 15.534 0.007
2910.87958 15.506 0.007
2915.87977 15.572 0.007
2921.87853 15.306 0.006
2925.84838 15.374 0.007
2930.76099 15.328 0.007
2933.80538 15.554 0.007
2939.81384 15.312 0.006
2941.83196 15.382 0.006
2943.70669 15.442 0.007
2946.80973 15.319 0.007
2948.80005 15.358 0.007
2952.79613 15.492 0.007
2955.85103 15.342 0.007
2958.66634 15.553 0.007
2962.67731 15.305 0.006
2965.69435 15.576 0.007
2967.79369 15.396 0.006
2970.69990 15.547 0.007
2970.70688 15.551 0.007
2974.69888 15.513 0.007
2976.73272 15.351 0.006
2978.62724 15.307 0.006
2980.65364 15.343 0.006
2982.61285 15.413 0.007
2984.65400 15.495 0.007
2986.74179 15.559 0.007
2988.70982 15.562 0.007
2990.64317 15.508 0.007
2992.72971 15.331 0.006
2994.63995 15.306 0.006
2996.72659 15.375 0.006
2998.68565 15.450 0.007
2999.77764 15.366 0.006
3001.65639 15.326 0.006
3003.65206 15.339 0.006
3005.60880 15.395 0.007
3007.72749 15.492 0.007
3009.66333 15.535 0.007
3011.60888 15.581 0.007
3013.63956 15.541 0.007
3017.61481 15.311 0.006
3018.70664 15.561 0.007
3020.78183 15.514 0.007
3022.80837 15.346 0.006
3024.75689 15.311 0.006
3026.75424 15.342 0.006
3028.76169 15.423 0.006
3030.76655 15.500 0.006
3033.69383 15.306 0.006
3035.70013 15.366 0.006
3038.67846 15.417 0.007
3040.67807 15.324 0.006
3042.62162 15.320 0.007
3044.55556 15.374 0.007
3046.57102 15.438 0.006
3048.55599 15.514 0.006
3050.57481 15.568 0.007
3052.57186 15.565 0.007
3054.57270 15.457 0.007
3056.56986 15.336 0.006
3060.58409 15.397 0.006
3064.58200 15.524 0.007
3067.64558 15.381 0.006
3069.60564 15.455 0.007
3073.51502 15.537 0.007
3075.60977 15.551 0.007
3078.52958 15.458 0.007
3082.51856 15.569 0.007
3084.59452 15.502 0.006
3087.55603 15.514 0.007
3090.51168 15.327 0.007
3093.49155 15.508 0.007
3098.60193 15.564 0.007
3101.55964 15.458 0.007
3104.53277 15.291 0.006
3107.51271 15.551 0.007
3111.50630 15.343 0.007
3114.50028 15.569 0.007
3115.52461 15.402 0.007
3126.46469 15.488 0.007
3144.47924 15.560 0.007
3224.88016 15.356 0.007
3239.91421 15.497 0.007
3247.88518 15.376 0.006
3256.86355 15.323 0.006
3263.83046 15.383 0.006
3268.85416 15.546 0.006
3273.82580 15.544 0.007
3281.80876 15.318 0.006
3289.82231 15.550 0.006
3294.82044 15.457 0.006
3296.82580 15.521 0.006
3301.67674 15.411 0.007
3303.84578 15.497 0.007
3306.82037 15.336 0.006
3308.83740 15.429 0.007
3310.86965 15.500 0.007
3320.68064 15.322 0.006
3323.63364 15.576 0.006
3329.80973 15.333 0.006
3334.70954 15.386 0.006
3338.76532 15.361 0.006
3349.78158 15.479 0.006
3351.76640 15.535 0.006
3354.73454 15.375 0.006
3358.62089 15.473 0.006
3361.71664 15.347 0.006
3363.70677 15.405 0.006
3367.66030 15.538 0.006
3372.67908 15.433 0.006
3377.71528 15.353 0.006
3386.74100 15.398 0.006
3391.58632 15.309 0.006
3395.64107 15.422 0.006
3398.69807 15.311 0.006
3402.64335 15.388 0.006
3404.57117 15.437 0.006
3408.52458 15.543 0.007
3412.55452 15.476 0.007
3414.59180 15.320 0.006
3419.55290 15.545 0.007
3426.50791 15.567 0.007
3433.55901 15.566 0.006
3443.52954 15.418 0.006
3453.49588 15.370 0.006
3574.93067 15.495 0.006
3588.92140 15.420 0.006
3589.87242 15.431 0.006
3614.91278 15.329 0.006
3617.86945 15.574 0.006
3629.80902 15.470 0.006
3634.77509 15.361 0.006
3639.88537 15.311 0.006
3641.81905 15.345 0.006
3650.81442 15.402 0.006
3653.84239 15.343 0.006
3657.79288 15.369 0.006
3660.75871 15.439 0.006
3664.79413 15.320 0.006
3668.73041 15.473 0.007
3671.86601 15.326 0.006
3676.84141 15.357 0.006
3684.78558 15.480 0.006
3687.70464 15.306 0.006
3689.80327 15.390 0.006
3692.72768 15.410 0.006
3694.80156 15.310 0.006
3696.67688 15.328 0.006
3699.68916 15.474 0.006
3701.74001 15.303 0.006
3704.70655 15.578 0.006
3706.76079 15.491 0.006
3711.65175 15.557 0.006
3713.66545 15.565 0.006
3716.71450 15.491 0.007
3719.71902 15.316 0.006
3722.76180 15.480 0.006
3726.66475 15.323 0.006
3728.63745 15.337 0.006
3731.73797 15.382 0.006
3733.62417 15.327 0.006
3734.72711 15.546 0.006
3736.74603 15.558 0.006
3737.63459 15.386 0.006
3739.69671 15.472 0.006
3741.72410 15.542 0.007
3743.69905 15.569 0.006
3746.74327 15.454 0.007
3748.69587 15.508 0.007
3750.70205 15.558 0.006
3752.71013 15.555 0.006
3754.73139 15.413 0.006
3755.65116 15.479 0.006
3757.62529 15.517 0.006
3759.59088 15.567 0.007
3762.67580 15.454 0.006
3769.73830 15.445 0.006
3772.70652 15.308 0.006
3775.69844 15.564 0.007
3778.67695 15.471 0.006
3782.58333 15.549 0.007
3786.56112 15.460 0.006
3791.55741 15.563 0.006
3798.55708 15.555 0.006
3805.54425 15.547 0.007
3820.48954 15.339 0.006
3938.93865 15.507 0.007
3961.91994 15.536 0.006
3968.90203 15.557 0.006
3974.88419 15.338 0.006
3981.79102 15.330 0.006
3987.91507 15.497 0.007
3995.82606 15.407 0.006
4002.82216 15.472 0.006
4005.77225 15.528 0.006
4007.77642 15.573 0.006
4011.75685 15.422 0.006
4018.73854 15.488 0.006
4023.79093 15.562 0.006
4026.70664 15.425 0.006
4028.84268 15.551 0.006
4031.73041 15.353 0.006
4037.83935 15.551 0.006
4040.80670 15.414 0.006
4042.82150 15.487 0.006
4046.69728 15.565 0.006
4048.78624 15.519 0.006
4052.62913 15.350 0.006
4053.82682 15.579 0.006
4056.64753 15.364 0.006
4059.65765 15.398 0.006
4064.62216 15.576 0.006
4066.60174 15.487 0.006
4069.66908 15.563 0.006
4071.59342 15.579 0.006
4076.64726 15.523 0.007
4079.68249 15.364 0.006
4082.67288 15.399 0.006
4084.75274 15.328 0.006
4087.67222 15.559 0.006
4093.76117 15.324 0.006
4102.63115 15.338 0.006
4104.79620 15.468 0.006
4109.65705 15.331 0.006
4113.67565 15.482 0.006
4119.61388 15.564 0.006
4122.66276 15.510 0.006
4125.71015 15.375 0.006
4129.70953 15.498 0.006
4142.56769 15.560 0.007
4150.54416 15.355 0.006
4154.52590 15.505 0.007
4165.57182 15.565 0.007
4183.51809 15.522 0.007
4340.89255 15.567 0.007
4346.87909 15.350 0.007
4350.89922 15.380 0.006
4357.83284 15.327 0.007
4363.76136 15.515 0.007
4365.78494 15.567 0.008
4369.78056 15.422 0.007
4372.75523 15.552 0.007
4376.84583 15.442 0.007
4379.85239 15.546 0.007
4383.85646 15.506 0.007
4388.79653 15.568 0.007
4393.72433 15.467 0.007
4398.79956 15.408 0.007
4403.74026 15.308 0.007
4411.73542 15.542 0.007
4417.81828 15.328 0.006
4417.86398 15.320 0.006
4421.73069 15.361 0.006
4425.80388 15.532 0.007
4429.71468 15.580 0.008
4431.85572 15.416 0.008
4436.68271 15.581 0.007
4439.72691 15.448 0.007
4442.70429 15.326 0.006
4448.75997 15.493 0.007
4450.76465 15.572 0.007
4453.74045 15.394 0.006
4456.75379 15.384 0.007
4459.66387 15.562 0.007
4462.66584 15.409 0.007
4465.70606 15.327 0.006
4469.65921 15.388 0.007
4474.66116 15.307 0.006
4478.76399 15.453 0.007
4481.76272 15.313 0.006
4484.67248 15.575 0.007
4487.73484 15.502 0.007
4492.68741 15.384 0.007
4494.72184 15.474 0.007
4499.60383 15.327 0.006
4502.67666 15.459 0.007
4507.63537 15.576 0.007
4509.63263 15.527 0.007
4514.62166 15.557 0.007
4516.54062 15.577 0.008
4520.62961 15.335 0.007
4522.53959 15.328 0.007
4524.55360 15.373 0.006
4530.55875 15.564 0.007
4532.55079 15.573 0.007
4537.54883 15.530 0.007
4540.59754 15.402 0.007
