 457.75998 15.419 0.005
 458.74432 15.215 0.005
 459.69713 15.426 0.005
 461.71207 15.424 0.005
 461.83463 15.436 0.005
 462.54443 15.235 0.005
 465.78801 15.439 0.005
 466.69863 15.220 0.005
 467.80651 15.439 0.005
 468.71291 15.223 0.005
 469.71295 15.439 0.005
 470.78075 15.249 0.005
 471.83276 15.409 0.005
 472.75763 15.254 0.005
 473.66944 15.439 0.005
 474.74987 15.261 0.005
 475.64263 15.438 0.005
 476.79487 15.271 0.005
 477.77953 15.412 0.005
 478.58681 15.237 0.005
 479.78524 15.397 0.005
 480.62189 15.265 0.005
 481.60700 15.429 0.005
 482.76799 15.286 0.005
 483.55574 15.427 0.005
 484.55360 15.252 0.005
 485.55817 15.428 0.005
 486.54972 15.253 0.005
 487.57737 15.432 0.005
 488.54198 15.255 0.005
 488.68033 15.284 0.005
 489.63229 15.416 0.005
 490.60275 15.275 0.005
 491.56087 15.408 0.005
 492.54517 15.267 0.005
 492.61957 15.290 0.005
 493.54823 15.409 0.005
 494.54305 15.289 0.005
 495.54539 15.411 0.005
 496.54087 15.267 0.005
 496.75699 15.334 0.005
 498.53964 15.266 0.005
 499.53514 15.401 0.005
 500.52633 15.288 0.005
 501.52690 15.371 0.005
 507.64443 15.311 0.006
 508.59731 15.344 0.006
 510.53529 15.328 0.005
 511.64484 15.286 0.005
 512.68221 15.383 0.005
 513.67412 15.253 0.005
 514.54724 15.330 0.005
 515.53890 15.286 0.005
 516.54245 15.356 0.005
 517.54393 15.290 0.005
 518.58271 15.374 0.005
 519.53334 15.272 0.005
 521.53421 15.283 0.005
 523.54606 15.270 0.005
 524.52504 15.376 0.005
 526.52846 15.390 0.005
 526.62955 15.416 0.005
 527.52579 15.256 0.005
 528.58521 15.411 0.005
 530.61382 15.408 0.006
 531.54070 15.250 0.005
 532.52612 15.401 0.005
 533.52966 15.264 0.005
 534.53697 15.417 0.005
 535.65148 15.242 0.005
 552.63480 15.422 0.005
 553.49051 15.239 0.005
 554.54932 15.426 0.006
 561.54973 15.276 0.005
 566.48533 15.413 0.006
 567.48610 15.276 0.005
 569.48056 15.296 0.006
 571.53441 15.308 0.005
 572.49061 15.376 0.006
 573.49821 15.312 0.006
 574.52697 15.360 0.006
 673.85255 15.265 0.005
 699.82585 15.343 0.006
 701.87071 15.376 0.006
 704.81459 15.291 0.006
 706.81855 15.279 0.006
 707.86791 15.394 0.006
 712.89034 15.259 0.005
 715.85573 15.420 0.006
 720.81056 15.251 0.005
 726.87578 15.235 0.005
 728.83991 15.233 0.005
 729.82225 15.430 0.006
 733.87457 15.429 0.006
 742.81505 15.267 0.005
 745.74656 15.426 0.005
 747.80331 15.408 0.005
 748.75809 15.270 0.005
 750.85094 15.300 0.006
 751.74351 15.407 0.006
 755.70199 15.410 0.006
 759.77129 15.374 0.005
 760.82344 15.326 0.005
 763.81943 15.326 0.006
 769.85586 15.263 0.005
 775.83087 15.253 0.005
 778.79741 15.374 0.006
 780.82820 15.396 0.005
 787.83594 15.236 0.005
 792.76994 15.419 0.006
 796.78584 15.418 0.006
 816.81153 15.410 0.005
 817.80098 15.271 0.005
 822.75909 15.381 0.005
 826.62732 15.398 0.006
 827.73802 15.307 0.005
 830.81821 15.321 0.006
 831.66348 15.283 0.005
 832.79443 15.320 0.005
 833.69589 15.315 0.005
 834.78693 15.328 0.006
 837.79283 15.345 0.005
 839.61857 15.309 0.005
 841.80186 15.368 0.005
 843.72491 15.348 0.005
 844.67404 15.312 0.005
 850.69485 15.276 0.005
 854.71689 15.230 0.005
 855.76335 15.396 0.007
 856.72373 15.261 0.006
 858.62827 15.245 0.005
 860.71957 15.238 0.005
 864.71452 15.241 0.006
 874.72756 15.213 0.005
 876.64386 15.246 0.005
 879.60368 15.425 0.006
 881.53568 15.425 0.005
 887.61785 15.434 0.006
 890.54364 15.239 0.005
 892.58277 15.257 0.005
 895.56349 15.438 0.006
 900.53245 15.276 0.005
 918.56839 15.342 0.006
 920.53356 15.343 0.006
 925.48576 15.325 0.006
 931.47652 15.288 0.007
 933.49991 15.266 0.005
 951.51285 15.236 0.005
1040.90619 15.378 0.005
1051.90204 15.251 0.005
1065.86256 15.234 0.005
1068.82465 15.418 0.006
1069.81509 15.239 0.005
1071.83228 15.254 0.005
1077.87167 15.274 0.005
1083.79312 15.256 0.005
1088.85784 15.385 0.006
1093.85449 15.315 0.005
1102.83252 15.316 0.005
1107.81538 15.341 0.005
1113.82922 15.376 0.005
1119.76203 15.369 0.005
1126.73350 15.246 0.005
1130.69957 15.256 0.005
1132.70814 15.253 0.005
1136.82741 15.246 0.005
1142.71940 15.227 0.005
1151.81454 15.440 0.005
1154.82309 15.287 0.005
1157.77466 15.434 0.006
1161.77265 15.400 0.005
1163.74420 15.400 0.005
1166.78069 15.323 0.005
1170.82867 15.341 0.005
1174.81129 15.331 0.005
1178.72831 15.330 0.005
1181.69489 15.311 0.005
1185.77747 15.277 0.005
1187.72942 15.291 0.005
1189.79388 15.265 0.005
1192.71348 15.395 0.005
1196.58952 15.351 0.006
1202.65135 15.408 0.006
1204.75672 15.429 0.006
1207.65017 15.239 0.005
1211.73063 15.239 0.005
1214.74710 15.416 0.005
1217.70824 15.227 0.005
1219.69291 15.243 0.005
1223.60041 15.238 0.005
1226.69533 15.416 0.006
1229.68721 15.268 0.006
1230.64368 15.426 0.006
1234.57012 15.424 0.006
1238.57371 15.411 0.006
1239.70630 15.294 0.006
1241.68294 15.295 0.005
1243.54083 15.282 0.006
1245.50940 15.289 0.006
1248.51774 15.378 0.006
1253.58857 15.336 0.006
1256.56784 15.322 0.005
1259.61892 15.346 0.006
1261.56393 15.345 0.005
1265.58160 15.348 0.006
1268.56651 15.264 0.006
1276.51995 15.249 0.005
1278.58139 15.247 0.006
1279.51447 15.388 0.006
1288.54796 15.235 0.006
1291.57902 15.434 0.006
1296.55241 15.231 0.005
1300.49873 15.245 0.006
1305.47318 15.429 0.006
1308.50792 15.256 0.005
1313.48348 15.409 0.006
1317.51106 15.393 0.006
1320.48826 15.291 0.006
1330.47577 15.325 0.006
1333.48053 15.321 0.006
1397.90445 15.416 0.006
1412.88208 15.270 0.006
1431.79113 15.406 0.005
1432.88232 15.304 0.006
1435.84236 15.359 0.006
1437.83518 15.365 0.006
1440.87381 15.319 0.006
1443.87172 15.310 0.006
1447.79486 15.316 0.006
1449.83658 15.292 0.006
1454.75075 15.349 0.006
1455.87438 15.262 0.006
1458.78835 15.387 0.006
1459.85574 15.211 0.005
1462.72694 15.368 0.006
1470.80797 15.414 0.005
1475.80666 15.236 0.005
1477.69353 15.257 0.005
1479.73375 15.237 0.005
1484.74916 15.434 0.006
1487.79077 15.256 0.005
1491.70527 15.236 0.005
1493.81455 15.257 0.005
1496.60038 15.438 0.006
1498.74290 15.425 0.005
1501.82697 15.297 0.005
1503.72174 15.283 0.006
1505.82832 15.306 0.006
1507.77547 15.292 0.005
1509.84240 15.321 0.005
1511.64818 15.291 0.005
1514.69526 15.370 0.006
1517.68480 15.308 0.005
1519.68717 15.320 0.005
1521.70985 15.337 0.005
1522.68747 15.326 0.006
1523.74389 15.347 0.007
1525.72057 15.349 0.005
1527.80770 15.386 0.006
1528.71016 15.289 0.005
1531.72777 15.365 0.006
1538.68448 15.251 0.005
1541.64059 15.382 0.005
1542.74047 15.232 0.005
1544.69728 15.234 0.005
1547.72333 15.425 0.005
1548.70077 15.223 0.005
1549.76610 15.436 0.005
1551.72998 15.424 0.005
1552.66322 15.235 0.005
1554.75620 15.236 0.005
1555.69300 15.434 0.006
1556.66368 15.244 0.005
1562.69602 15.253 0.005
1564.57466 15.234 0.006
1564.67071 15.243 0.005
1567.62811 15.429 0.005
1570.72556 15.270 0.005
1574.72122 15.278 0.005
1576.62096 15.252 0.005
1578.72253 15.297 0.005
1581.63641 15.398 0.005
1584.61496 15.292 0.005
1587.60275 15.374 0.005
1590.60988 15.313 0.005
1595.68253 15.298 0.005
1599.69386 15.282 0.005
1600.66837 15.357 0.006
1604.51905 15.346 0.006
1606.53279 15.339 0.005
1609.55203 15.294 0.005
1610.59628 15.375 0.006
1611.62771 15.243 0.005
1612.52205 15.363 0.005
1613.61351 15.242 0.005
1614.51431 15.374 0.005
1615.51923 15.271 0.005
1616.53357 15.373 0.005
1617.51854 15.257 0.005
1618.52523 15.382 0.006
1619.57435 15.232 0.005
1620.59540 15.399 0.006
1621.51354 15.250 0.005
1622.58095 15.402 0.006
1623.53588 15.231 0.005
1624.54352 15.403 0.006
1625.55546 15.214 0.005
1626.64795 15.444 0.006
1627.56311 15.232 0.006
1628.50206 15.413 0.006
1630.52894 15.413 0.006
1630.57751 15.416 0.006
1631.52660 15.244 0.005
1632.56101 15.426 0.005
1633.51743 15.228 0.005
1634.55706 15.440 0.006
1635.52530 15.220 0.005
1644.57574 15.409 0.005
1650.50664 15.427 0.006
1653.58259 15.281 0.005
1655.56421 15.277 0.005
1656.56315 15.398 0.006
1658.54064 15.389 0.006
1660.56587 15.362 0.006
1663.49611 15.300 0.005
1665.51230 15.289 0.006
1671.50818 15.330 0.006
1676.50271 15.287 0.006
1684.50266 15.266 0.007
1694.50426 15.237 0.006
1766.89715 15.413 0.006
1768.88455 15.393 0.006
1771.93307 15.310 0.007
1782.87177 15.349 0.006
1789.81774 15.329 0.005
1803.90360 15.414 0.006
1804.76712 15.275 0.005
1809.82910 15.407 0.005
1812.85191 15.235 0.005
1814.86705 15.235 0.005
1817.86893 15.424 0.005
1822.81276 15.237 0.005
1828.87699 15.245 0.005
1829.84861 15.422 0.006
1833.80338 15.427 0.006
1843.82839 15.388 0.005
1847.85744 15.357 0.005
1850.80824 15.305 0.005
1852.74508 15.307 0.005
1855.81094 15.332 0.005
1860.78415 15.338 0.005
1863.75772 15.320 0.005
1865.81255 15.282 0.005
1867.78128 15.293 0.005
1869.75474 15.290 0.005
1872.75342 15.362 0.005
2167.84210 15.237 0.006
2173.84945 15.240 0.006
2190.78721 15.395 0.006
2192.82172 15.380 0.006
2214.78907 15.270 0.006
2224.74585 15.229 0.006
2226.84999 15.232 0.007
2229.66192 15.385 0.006
2230.80065 15.239 0.006
2232.82048 15.236 0.006
2234.81490 15.211 0.006
2239.59986 15.407 0.007
2241.66140 15.430 0.007
2243.71999 15.436 0.007
2248.79660 15.246 0.006
2250.84628 15.254 0.006
2252.65163 15.243 0.006
2254.64255 15.244 0.006
2257.64643 15.414 0.006
2261.76077 15.390 0.006
2264.75109 15.298 0.006
2266.64408 15.270 0.006
2270.64019 15.286 0.006
2271.79100 15.321 0.006
2273.72748 15.345 0.006
2275.82790 15.274 0.006
2277.64954 15.338 0.006
2279.82189 15.270 0.006
2281.80872 15.259 0.006
2283.84294 15.238 0.006
2288.74907 15.383 0.006
2290.78746 15.404 0.006
2292.76398 15.404 0.007
2294.73902 15.412 0.007
2296.74943 15.394 0.007
2298.76883 15.406 0.007
2300.72186 15.424 0.007
2302.69966 15.425 0.007
2304.74400 15.429 0.007
2321.67232 15.239 0.007
2327.55888 15.230 0.006
2333.56807 15.255 0.007
2339.54453 15.277 0.007
2395.51674 15.428 0.007
2526.90888 15.274 0.006
2542.88757 15.333 0.006
2552.83892 15.370 0.007
2556.83044 15.369 0.007
2559.88101 15.239 0.006
2564.84693 15.409 0.007
2573.84610 15.235 0.006
2578.77042 15.439 0.007
2583.82488 15.238 0.007
2589.85777 15.263 0.006
2596.74113 15.422 0.007
2605.74414 15.297 0.006
2609.74038 15.291 0.007
2614.70651 15.359 0.007
2618.73078 15.325 0.007
2621.64019 15.330 0.006
2623.82197 15.367 0.006
2627.68528 15.348 0.007
2629.70831 15.375 0.007
2634.76299 15.239 0.006
2635.68212 15.366 0.006
2638.65320 15.257 0.006
2639.65332 15.387 0.006
2641.72112 15.399 0.006
2643.72981 15.420 0.007
2645.71734 15.411 0.006
2647.67514 15.423 0.006
2650.83682 15.240 0.006
2652.73791 15.222 0.006
2654.67274 15.224 0.006
2656.64568 15.229 0.006
2658.60869 15.240 0.007
2660.62612 15.232 0.006
2662.60897 15.228 0.006
2664.61653 15.215 0.006
2666.67473 15.249 0.006
2668.66349 15.243 0.007
2670.62961 15.251 0.006
2672.73889 15.275 0.006
2674.63727 15.271 0.006
2676.62384 15.266 0.006
2678.71152 15.280 0.006
2680.62219 15.270 0.006
2682.67330 15.287 0.007
2687.54583 15.389 0.007
2696.53896 15.331 0.007
2701.52111 15.330 0.007
2707.51852 15.304 0.007
2714.51745 15.388 0.007
2840.90657 15.415 0.007
2867.91898 15.251 0.006
2888.91302 15.293 0.006
2894.84807 15.286 0.006
2899.84965 15.385 0.007
2905.83865 15.407 0.007
2908.89970 15.231 0.007
2911.79798 15.413 0.007
2916.84818 15.229 0.006
2922.83204 15.235 0.007
2926.75945 15.239 0.006
2930.83318 15.248 0.006
2933.87759 15.430 0.007
2940.71514 15.249 0.006
2947.72904 15.407 0.007
2949.81919 15.373 0.007
2953.68594 15.393 0.007
2956.71174 15.307 0.006
2958.73804 15.313 0.007
2962.74989 15.340 0.006
2965.76931 15.290 0.006
2968.71288 15.334 0.006
2973.85293 15.244 0.006
2975.84208 15.241 0.006
2976.83737 15.395 0.007
2978.85698 15.409 0.007
2982.68907 15.378 0.007
2984.73662 15.410 0.007
2986.81922 15.431 0.007
2988.78381 15.427 0.007
2989.80697 15.227 0.006
2991.64013 15.243 0.007
2993.62755 15.234 0.006
2995.72784 15.225 0.006
2997.70612 15.226 0.006
2999.72874 15.233 0.006
3001.76499 15.247 0.006
3003.73565 15.239 0.006
3005.64092 15.225 0.006
3007.67400 15.256 0.006
3009.74028 15.258 0.006
3011.71598 15.248 0.007
3013.72044 15.253 0.006
3017.72191 15.279 0.006
3019.64987 15.271 0.007
3021.76865 15.286 0.006
3023.63044 15.280 0.006
3024.83157 15.330 0.006
3026.82826 15.318 0.006
3029.63259 15.295 0.006
3031.70257 15.311 0.006
3033.76606 15.330 0.006
3035.77311 15.353 0.006
3038.75060 15.280 0.007
3040.72125 15.287 0.007
3044.59906 15.313 0.006
3045.68806 15.374 0.007
3047.64177 15.375 0.007
3049.64749 15.375 0.006
3051.61569 15.375 0.007
3055.60914 15.394 0.006
3057.63462 15.391 0.006
3059.57848 15.384 0.006
3061.57152 15.403 0.007
3068.51288 15.252 0.007
3070.56855 15.231 0.006
3073.56925 15.426 0.007
3075.68223 15.444 0.007
3078.61422 15.232 0.006
3082.59175 15.249 0.006
3084.66878 15.262 0.006
3087.63148 15.428 0.007
3090.59487 15.264 0.006
3099.58291 15.397 0.007
3102.56167 15.293 0.007
3105.59440 15.364 0.007
3108.57235 15.323 0.006
3112.54964 15.302 0.006
3116.53102 15.344 0.007
3127.49841 15.256 0.006
3140.48705 15.406 0.007
3223.88727 15.358 0.007
3241.87350 15.268 0.007
3248.83692 15.383 0.007
3257.86477 15.224 0.006
3263.91076 15.227 0.006
3270.85373 15.433 0.007
3273.90175 15.256 0.007
3277.83778 15.263 0.006
3281.88153 15.294 0.006
3287.74260 15.271 0.005
3295.69485 15.280 0.005
3297.69338 15.280 0.005
3299.75787 15.313 0.005
3301.75536 15.318 0.007
3304.81127 15.301 0.006
3307.68612 15.328 0.007
3309.72150 15.324 0.006
3311.71936 15.337 0.006
3320.76215 15.265 0.006
3323.69696 15.387 0.006
3327.73371 15.389 0.006
3330.69256 15.261 0.006
3334.79180 15.230 0.006
3338.83828 15.226 0.006
3340.85336 15.232 0.006
3354.71821 15.247 0.006
3358.79979 15.292 0.006
3361.83197 15.366 0.006
3365.73437 15.383 0.006
3372.75069 15.312 0.006
3378.66340 15.328 0.006
3387.64997 15.301 0.006
3391.73111 15.257 0.006
3394.74267 15.388 0.006
3396.62266 15.388 0.006
3399.69990 15.240 0.006
3403.68717 15.248 0.006
3408.59659 15.409 0.006
3412.64180 15.431 0.007
3417.56923 15.235 0.006
3425.57748 15.227 0.006
3431.53918 15.244 0.005
3437.54096 15.247 0.006
3445.56090 15.285 0.006
3460.49461 15.333 0.006
3477.48933 15.389 0.007
3583.93144 15.375 0.006
3593.92968 15.408 0.006
3601.86664 15.422 0.006
3618.90071 15.277 0.006
3629.88196 15.402 0.006
3634.84854 15.295 0.006
3639.84187 15.363 0.006
3644.79665 15.319 0.006
3650.88549 15.370 0.006
3654.78641 15.354 0.006
3657.86697 15.261 0.006
3660.80143 15.383 0.006
3664.83652 15.385 0.006
3668.79446 15.411 0.007
3672.78267 15.412 0.006
3675.86234 15.240 0.005
3684.77048 15.423 0.006
3687.77612 15.234 0.006
3690.69598 15.435 0.007
3693.72995 15.258 0.006
3695.75148 15.242 0.006
3698.74425 15.431 0.006
3700.77308 15.422 0.006
3702.86072 15.379 0.006
3705.76750 15.280 0.006
3708.72607 15.405 0.007
3712.71295 15.397 0.006
3714.72330 15.391 0.006
3717.63939 15.286 0.006
3719.81657 15.345 0.006
3725.81046 15.371 0.007
3727.78288 15.352 0.006
3730.67829 15.302 0.006
3732.70303 15.284 0.006
3734.80107 15.251 0.006
3736.81733 15.259 0.006
3737.70570 15.375 0.006
3739.80479 15.411 0.006
3742.69068 15.252 0.006
3745.76633 15.416 0.006
3747.76899 15.437 0.007
3749.66076 15.411 0.007
3750.74573 15.215 0.006
3752.75643 15.229 0.006
3754.77416 15.237 0.006
3756.59767 15.238 0.006
3758.77055 15.241 0.006
3761.78296 15.419 0.006
3764.73741 15.253 0.006
3767.59723 15.447 0.006
3770.61494 15.243 0.005
3773.61777 15.433 0.006
3776.61720 15.248 0.006
3779.60676 15.451 0.007
3782.65747 15.285 0.006
3787.58245 15.400 0.006
3792.53421 15.300 0.007
3809.52346 15.307 0.007
3822.50926 15.396 0.007
3946.90560 15.425 0.007
3964.86237 15.440 0.006
3969.88648 15.268 0.006
3981.86125 15.313 0.006
3989.88827 15.325 0.006
4001.86497 15.360 0.006
4005.84259 15.368 0.006
4007.84679 15.396 0.006
4011.84705 15.400 0.006
4018.83862 15.257 0.006
4023.87075 15.427 0.006
4026.77922 15.238 0.005
4029.72048 15.438 0.007
4031.80082 15.425 0.006
4038.70991 15.248 0.006
4041.67106 15.426 0.006
4043.67543 15.434 0.007
4046.76752 15.265 0.006
4048.85704 15.285 0.006
4052.69997 15.284 0.006
4054.68692 15.275 0.006
4056.74396 15.299 0.006
4058.77708 15.297 0.005
4063.67583 15.375 0.006
4066.73310 15.330 0.006
4068.82062 15.341 0.006
4070.66307 15.319 0.006
4073.82244 15.287 0.006
4076.79057 15.360 0.006
4079.75295 15.275 0.006
4083.66974 15.301 0.006
4085.73526 15.266 0.006
4092.85371 15.425 0.006
4102.83024 15.415 0.006
4105.68915 15.240 0.006
4109.76230 15.255 0.005
4113.71803 15.226 0.005
4120.74843 15.432 0.006
4122.70488 15.416 0.006
4125.75611 15.294 0.006
4131.60945 15.279 0.005
4142.64609 15.334 0.007
4156.53278 15.307 0.007
4166.57400 15.258 0.007
4196.52349 15.239 0.007
4340.88883 15.346 0.006
4341.89938 15.289 0.007
4343.81836 15.327 0.007
4344.87322 15.346 0.007
4345.91179 15.284 0.007
4346.84073 15.352 0.007
4347.84928 15.283 0.006
4348.84243 15.335 0.006
4349.84267 15.270 0.007
4350.92002 15.387 0.007
4353.90325 15.239 0.006
4354.88699 15.378 0.007
4357.89321 15.232 0.007
4358.89322 15.397 0.007
4361.85470 15.244 0.007
4362.80921 15.397 0.007
4363.87230 15.224 0.007
4366.83629 15.413 0.007
4367.77387 15.238 0.007
4368.88753 15.415 0.007
4369.80950 15.236 0.007
4370.81063 15.426 0.007
4371.85578 15.231 0.006
4373.78127 15.225 0.006
4377.79163 15.240 0.006
4380.80812 15.431 0.007
4386.78375 15.440 0.007
4390.74574 15.425 0.007
4393.85983 15.286 0.006
4398.87111 15.380 0.007
4403.87805 15.324 0.008
4411.86956 15.343 0.007
4418.79071 15.302 0.006
4422.85678 15.258 0.006
4426.73512 15.277 0.007
4429.84110 15.397 0.007
4432.72195 15.254 0.006
4436.76134 15.242 0.006
4439.82691 15.417 0.007
4440.86315 15.214 0.008
4441.65288 15.394 0.007
4442.67487 15.237 0.007
4443.65039 15.404 0.007
4444.82951 15.234 0.007
4448.69507 15.244 0.007
4449.74257 15.429 0.007
4450.70540 15.239 0.007
4451.64044 15.421 0.007
4451.78230 15.425 0.007
4452.85345 15.246 0.006
4453.62932 15.418 0.007
4454.65323 15.232 0.006
4454.81614 15.241 0.006
4455.63979 15.419 0.007
4455.77685 15.435 0.007
4456.72045 15.216 0.006
4456.81069 15.245 0.006
4457.69528 15.423 0.007
4457.84503 15.427 0.007
4458.61771 15.241 0.006
4459.60194 15.426 0.007
4459.74640 15.428 0.007
4459.80854 15.420 0.007
4461.57252 15.427 0.007
4462.63270 15.249 0.007
4462.78237 15.256 0.006
4463.62613 15.432 0.007
4464.62379 15.240 0.006
4464.76580 15.263 0.006
4465.64302 15.425 0.006
4466.63614 15.234 0.006
4466.73635 15.263 0.006
4467.60362 15.433 0.007
4467.67235 15.429 0.006
4468.63641 15.247 0.006
4469.62083 15.431 0.007
4470.60860 15.231 0.006
4470.79863 15.285 0.006
4471.59865 15.430 0.006
4471.76477 15.402 0.007
4472.59938 15.237 0.006
4472.77208 15.270 0.006
4473.68604 15.408 0.006
4477.74419 15.373 0.006
4481.68174 15.368 0.006
4485.72982 15.332 0.006
4489.71331 15.320 0.007
4493.70314 15.309 0.007
4498.67964 15.363 0.006
4501.67697 15.288 0.006
4506.61091 15.364 0.007
4508.62813 15.373 0.007
4521.61145 15.250 0.007
4523.62728 15.232 0.006
4525.54669 15.234 0.006
4531.56873 15.237 0.006
4533.57108 15.234 0.006
4537.62112 15.253 0.006
4539.54008 15.238 0.007
4541.59235 15.267 0.007
