 726.83273 16.910 0.014
 739.86654 16.812 0.020
 744.77484 16.804 0.014
 745.85949 16.903 0.014
 746.84534 16.979 0.016
 747.74079 16.958 0.016
 748.69276 16.901 0.018
 750.80572 16.943 0.016
 751.80656 16.935 0.016
 752.86437 16.800 0.014
 754.81061 16.946 0.017
 755.78859 16.961 0.017
 759.71443 16.954 0.016
 761.79569 16.788 0.016
 766.84538 16.877 0.020
 773.80097 16.873 0.017
 776.82618 16.974 0.017
 780.78656 16.971 0.016
 782.81518 16.797 0.014
 788.84269 16.967 0.014
 792.75274 16.913 0.017
 795.83806 16.847 0.014
 798.76237 16.938 0.016
 817.76071 16.891 0.014
 819.83742 16.906 0.017
 824.70808 16.904 0.017
 826.80074 16.943 0.018
 827.69757 16.978 0.016
 828.75719 16.901 0.014
 829.70481 16.804 0.014
 830.76291 16.926 0.016
 831.60018 16.912 0.017
 832.76978 16.926 0.016
 833.58936 16.903 0.014
 834.69335 16.845 0.014
 835.81114 16.953 0.016
 837.67303 16.856 0.013
 839.67148 16.925 0.018
 841.76049 16.807 0.014
 842.75041 16.836 0.016
 844.60535 16.930 0.017
 846.77729 16.836 0.014
 850.76815 16.796 0.014
 854.79303 16.777 0.024
 855.71508 16.825 0.018
 856.67709 16.943 0.018
 857.73576 16.966 0.018
 858.69890 16.834 0.016
 859.76565 16.853 0.014
 860.65863 16.895 0.017
 865.57594 16.933 0.021
 867.63101 16.827 0.020
 874.69474 16.954 0.014
 876.61079 16.799 0.013
 876.71329 16.826 0.011
 878.70080 16.964 0.016
 880.63514 16.778 0.014
 885.59429 16.802 0.023
 887.67938 16.962 0.018
 890.70301 16.935 0.020
 892.54976 16.939 0.016
 893.71601 16.855 0.016
 896.51775 16.966 0.016
 900.57123 16.945 0.017
 919.57310 16.832 0.018
 925.52615 16.974 0.026
 931.58411 16.816 0.020
 934.53294 16.957 0.023
 947.54770 16.964 0.029
 950.52610 16.939 0.017
1079.81699 16.911 0.016
1080.82063 16.979 0.014
1083.83117 16.880 0.016
1084.82656 16.963 0.016
1086.85461 16.806 0.014
1090.78223 16.850 0.018
1092.83266 16.931 0.016
1093.84475 16.958 0.016
1106.77363 16.953 0.013
1108.79464 16.831 0.014
1114.80407 16.959 0.013
1119.84733 16.916 0.016
1120.75189 16.825 0.016
1126.77170 16.925 0.016
1129.83601 16.837 0.016
1131.84196 16.953 0.018
1132.83158 16.869 0.014
1137.81376 16.791 0.013
1138.85507 16.892 0.016
1142.78176 16.852 0.014
1152.73941 16.953 0.018
1154.75496 16.807 0.016
1155.71121 16.844 0.016
1157.76509 16.942 0.018
1159.77082 16.860 0.014
1161.83480 16.953 0.014
1163.83671 16.838 0.014
1164.85164 16.949 0.013
1166.76909 16.927 0.017
1167.79534 16.831 0.018
1168.77797 16.922 0.018
1171.74687 16.796 0.011
1175.74427 16.842 0.014
1179.79372 16.820 0.016
1181.75719 16.913 0.017
1183.84213 16.809 0.013
1185.83948 16.942 0.014
1187.79481 16.889 0.013
1189.73127 16.870 0.013
1191.76997 16.931 0.014
1192.82875 16.798 0.013
1193.82071 16.887 0.013
1194.69635 16.925 0.017
1201.78485 16.820 0.016
1202.79407 16.930 0.017
1204.70065 16.953 0.017
1206.80077 16.917 0.016
1207.71103 16.957 0.018
1211.76896 16.958 0.023
1214.68309 16.793 0.017
1215.58790 16.851 0.014
1216.66432 16.963 0.016
1217.74601 16.866 0.016
1219.65970 16.866 0.017
1220.76767 16.954 0.018
1221.63356 16.973 0.018
1223.72216 16.878 0.017
1226.61179 16.893 0.014
1227.61660 16.804 0.014
1230.68139 16.880 0.021
1233.57742 16.936 0.016
1235.71521 16.804 0.017
1238.63773 16.953 0.024
1240.71349 16.872 0.018
1242.53142 16.957 0.018
1244.66794 16.822 0.017
1247.52576 16.943 0.017
1248.62594 16.796 0.016
1251.58047 16.967 0.020
1254.59498 16.958 0.020
1255.62820 16.952 0.021
1256.63222 16.797 0.017
1258.61940 16.935 0.016
1261.52524 16.802 0.014
1264.53623 16.953 0.018
1267.55778 16.947 0.021
1272.53806 16.957 0.020
1274.56989 16.822 0.023
1276.56837 16.948 0.020
1278.57193 16.808 0.018
1279.55471 16.893 0.018
1290.53603 16.871 0.020
1298.51256 16.933 0.020
1301.58693 16.986 0.023
1306.50392 16.956 0.017
1315.53628 16.924 0.024
1318.51883 16.953 0.024
1320.51157 16.819 0.017
1330.52173 16.923 0.021
1335.51488 16.956 0.023
1431.87418 16.957 0.016
1433.86910 16.822 0.017
1436.78257 16.944 0.016
1439.86088 16.979 0.016
1441.87957 16.788 0.014
1443.90122 16.941 0.018
1447.83222 16.927 0.021
1449.87405 16.821 0.020
1454.83854 16.809 0.020
1455.81885 16.866 0.024
1459.75479 16.865 0.018
1462.83239 16.813 0.021
1471.83007 16.806 0.014
1476.72168 16.851 0.016
1478.80008 16.946 0.016
1484.78827 16.811 0.017
1488.85226 16.803 0.014
1489.77019 16.852 0.013
1491.79887 16.948 0.017
1493.74088 16.820 0.016
1496.63778 16.937 0.017
1498.70484 16.892 0.016
1500.84510 16.802 0.014
1503.68041 16.958 0.020
1505.78771 16.809 0.017
1507.73867 16.964 0.018
1508.69138 16.944 0.016
1509.71667 16.838 0.014
1511.70992 16.915 0.017
1512.81465 16.943 0.017
1514.75830 16.830 0.016
1517.72342 16.932 0.014
1519.67700 16.864 0.016
1522.75717 16.792 0.014
1523.70211 16.830 0.020
1525.67861 16.947 0.018
1527.79808 16.890 0.016
1528.80646 16.962 0.016
1529.84966 16.926 0.016
1531.82781 16.861 0.016
1538.78420 16.869 0.016
1542.80878 16.902 0.016
1544.75068 16.865 0.014
1547.82328 16.801 0.014
1548.83279 16.878 0.014
1549.84270 16.961 0.016
1552.71927 16.812 0.014
1553.79431 16.949 0.016
1554.80953 16.939 0.014
1555.79790 16.850 0.016
1555.85098 16.815 0.017
1561.59090 16.803 0.016
1562.79569 16.955 0.017
1566.64365 16.875 0.017
1568.66656 16.938 0.018
1571.72980 16.979 0.017
1575.69258 16.956 0.016
1577.75969 16.817 0.014
1579.72960 16.948 0.017
1581.67756 16.875 0.017
1584.65364 16.963 0.017
1586.66251 16.795 0.014
1589.75966 16.856 0.018
1592.63637 16.961 0.016
1593.55378 16.950 0.020
1595.62635 16.846 0.017
1596.73974 16.971 0.020
1599.73161 16.850 0.017
1600.65944 16.919 0.018
1601.73758 16.950 0.018
1602.71896 16.846 0.016
1604.71124 16.948 0.023
1606.68555 16.892 0.017
1609.69903 16.957 0.016
1610.71662 16.924 0.020
1611.69388 16.791 0.017
1613.68460 16.941 0.021
1615.69463 16.808 0.017
1616.63157 16.819 0.014
1617.67476 16.928 0.016
1618.51607 16.929 0.017
1620.53962 16.813 0.016
1620.68948 16.821 0.018
1622.68392 16.965 0.020
1624.68199 16.792 0.020
1625.66163 16.879 0.017
1627.67817 16.945 0.017
1629.65313 16.866 0.016
1630.67012 17.006 0.016
1633.50759 16.798 0.014
1634.62691 16.906 0.017
1635.64044 16.945 0.017
1644.56695 16.950 0.016
1650.49786 16.784 0.020
1653.53396 16.910 0.020
1654.58540 16.790 0.017
1656.60214 16.971 0.021
1658.52970 16.816 0.017
1662.51475 16.881 0.017
1665.55006 16.966 0.021
1670.50940 16.938 0.017
1682.48590 16.980 0.037
1782.90912 16.965 0.018
1783.90025 16.823 0.014
1790.88713 16.955 0.014
1813.82137 16.829 0.014
1818.87377 16.868 0.014
1826.87334 16.813 0.014
1843.80937 16.803 0.014
1844.82451 16.899 0.014
1845.71549 16.930 0.016
1850.72684 16.966 0.020
1855.80109 16.883 0.014
1860.77480 16.804 0.016
1864.76104 16.807 0.014
1866.79954 16.973 0.016
1868.75762 16.851 0.013
1869.79201 16.838 0.014
2187.78771 16.919 0.016
2190.88352 16.839 0.011
2193.85417 16.852 0.011
2202.85392 16.794 0.011
2215.80673 16.789 0.013
2222.80654 16.930 0.016
2224.85418 16.854 0.014
2227.76504 16.916 0.014
2229.77078 16.905 0.014
2231.73932 16.941 0.014
2233.70751 16.850 0.013
2237.62674 16.789 0.014
2239.68778 16.972 0.013
2241.77942 16.831 0.013
2243.84969 16.939 0.017
2248.70919 16.945 0.013
2250.74068 16.864 0.011
2252.83775 16.919 0.014
2254.75951 16.845 0.011
2257.77708 16.794 0.010
2260.79236 16.977 0.014
2265.73037 16.914 0.013
2266.80127 16.813 0.013
2270.83277 16.811 0.011
2272.68494 16.925 0.014
2274.81125 16.799 0.013
2276.86661 16.943 0.018
2278.82563 16.772 0.014
2290.69484 16.953 0.013
2293.80993 17.000 0.018
2301.73113 16.881 0.014
2303.72910 16.919 0.016
2321.71364 16.786 0.014
2328.59066 16.951 0.016
2340.58040 16.903 0.014
2346.52109 16.949 0.016
2360.51602 16.787 0.014
2391.51696 16.896 0.016
2540.89479 16.786 0.014
2548.83170 16.872 0.014
2553.79838 16.801 0.016
2557.86380 16.788 0.013
2561.86647 16.816 0.013
2565.85578 16.816 0.016
2586.78236 16.931 0.014
2590.85567 16.901 0.014
2596.86336 16.870 0.016
2606.75899 16.957 0.013
2610.66100 16.906 0.014
2614.83004 16.956 0.017
2619.70636 16.961 0.013
2621.83366 16.805 0.011
2624.73077 16.959 0.014
2627.83921 16.958 0.018
2630.60891 16.812 0.014
2632.75979 16.971 0.013
2636.70962 16.948 0.013
2638.75388 16.804 0.013
2641.80228 16.923 0.014
2643.81093 16.904 0.013
2645.79740 16.962 0.016
2649.68432 16.965 0.013
2651.76405 16.820 0.013
2653.74672 16.959 0.016
2655.78118 16.765 0.013
2657.76524 16.940 0.016
2659.82636 16.797 0.016
2661.62652 16.916 0.011
2666.61042 16.953 0.013
2668.83877 16.854 0.014
2673.78420 16.876 0.014
2676.76450 16.806 0.013
2678.81043 16.928 0.013
2680.70263 16.830 0.011
2684.59613 16.945 0.014
2688.56978 16.982 0.016
2692.54426 16.966 0.014
2697.55920 16.955 0.013
2702.56075 16.813 0.014
2709.51148 16.969 0.014
2725.52008 16.897 0.014
2875.88879 16.904 0.016
2884.91086 16.950 0.016
2896.88766 16.868 0.014
2902.81666 16.935 0.011
2907.87813 16.915 0.011
2912.82060 16.818 0.011
2917.82883 16.820 0.013
2923.83151 16.972 0.016
2926.88397 16.896 0.014
2931.81792 16.958 0.014
2934.85290 16.850 0.013
2940.83313 16.959 0.013
2943.83796 16.901 0.013
2947.84611 16.870 0.013
2950.76251 16.869 0.014
2954.78838 16.891 0.016
2956.82867 16.937 0.014
2961.76196 16.978 0.014
2963.76460 16.835 0.014
2966.78885 16.942 0.011
2968.75353 16.809 0.011
2971.81549 16.853 0.013
2976.69852 16.817 0.013
2979.68238 16.948 0.014
2981.70295 16.835 0.020
2985.80188 16.832 0.013
2987.75841 16.955 0.014
2989.69863 16.787 0.011
2991.77247 16.954 0.013
2993.77862 16.800 0.011
2995.85388 16.963 0.014
2997.82503 16.808 0.016
2998.77048 16.883 0.013
3000.77905 16.930 0.013
3002.77060 16.829 0.011
3004.76352 16.951 0.013
3006.75671 16.808 0.011
3008.71631 16.971 0.016
3022.63977 16.945 0.013
3025.75115 16.981 0.014
3027.76968 16.801 0.013
3029.75411 16.956 0.014
3034.65119 16.955 0.011
3036.68145 16.804 0.011
3039.62343 16.934 0.013
3041.70632 16.906 0.016
3044.67042 16.788 0.013
3050.68653 16.944 0.011
3052.68297 16.848 0.011
3054.68851 16.935 0.014
3058.66960 16.882 0.013
3066.60674 16.832 0.014
3071.53326 16.850 0.014
3074.53294 16.836 0.014
3076.65202 16.966 0.017
3079.64937 16.868 0.011
3083.51644 16.763 0.011
3085.62022 16.946 0.013
3088.57644 16.889 0.016
3091.58073 16.787 0.013
3097.49782 16.886 0.018
3100.53896 16.799 0.016
3103.54656 16.883 0.013
3106.57897 16.964 0.013
3113.58109 16.856 0.014
3127.53897 16.942 0.014
3133.55465 16.858 0.014
3230.92938 16.896 0.016
3249.87072 16.935 0.014
3260.86265 16.919 0.014
3264.90462 16.909 0.011
3271.85306 16.817 0.013
3274.85635 16.960 0.016
3279.80996 16.971 0.014
3282.87558 16.966 0.013
3291.79854 16.991 0.013
3295.81897 16.971 0.010
3297.81041 16.793 0.009
3305.78072 16.861 0.013
3307.80555 16.946 0.018
3309.84201 16.829 0.011
3321.74210 16.959 0.011
3336.68178 16.800 0.013
3340.83392 16.873 0.013
3353.76526 16.898 0.013
3357.79290 16.856 0.011
3360.77074 16.860 0.011
3376.75462 16.965 0.013
3387.77770 16.882 0.016
3394.66867 16.928 0.013
3396.68969 16.883 0.013
3402.72695 16.904 0.011
3404.65854 16.844 0.013
3409.57530 16.881 0.011
3413.57397 16.865 0.011
3413.61847 16.871 0.011
3418.57044 16.907 0.013
3426.56731 16.878 0.013
3432.54777 16.983 0.011
3439.52387 16.894 0.013
3447.54931 16.865 0.013
3457.52627 16.967 0.016
3603.88030 16.957 0.013
3620.91659 16.974 0.014
3630.82768 16.897 0.014
3637.77019 16.995 0.016
3640.82426 16.876 0.010
3651.85675 16.922 0.013
3655.77305 16.964 0.011
3660.86624 16.801 0.013
3668.85972 16.904 0.014
3672.84842 16.908 0.011
3685.80502 16.894 0.011
3690.81394 16.800 0.011
3693.71563 16.959 0.013
3696.75806 16.954 0.011
3699.77099 16.784 0.010
3701.82414 16.971 0.013
3703.82278 16.801 0.010
3706.69838 16.959 0.011
3711.73357 16.870 0.011
3713.82150 16.957 0.013
3715.79795 16.857 0.011
3718.76689 16.964 0.013
3722.66184 16.942 0.013
3726.74399 16.977 0.014
3728.80628 16.792 0.011
3730.77603 16.947 0.011
3732.85157 16.786 0.010
3734.84441 16.973 0.011
3735.69278 16.973 0.011
3737.85130 16.832 0.010
3740.78943 16.908 0.011
3741.62366 16.899 0.014
3743.78020 16.982 0.013
3748.80129 16.958 0.017
3750.81610 16.858 0.014
3753.68917 16.914 0.013
3755.77075 16.912 0.013
3757.79023 16.904 0.011
3760.76985 16.950 0.013
3763.72283 16.818 0.009
3766.73956 16.836 0.013
3770.76701 16.849 0.013
3774.64050 16.965 0.014
3777.59894 16.958 0.013
3781.76611 16.951 0.014
3786.61567 16.967 0.014
3793.56534 16.826 0.011
3801.55531 16.799 0.011
3812.51259 16.966 0.013
3829.48729 16.965 0.016
3965.89040 16.831 0.010
3970.91056 16.937 0.013
3982.86109 16.850 0.013
4004.89289 16.953 0.011
4006.80244 16.921 0.011
4008.82343 16.895 0.010
4019.83788 16.850 0.010
4027.73156 16.972 0.013
4029.84437 16.866 0.011
4039.71129 16.941 0.013
4041.78506 16.788 0.011
4049.75328 16.870 0.010
4052.81483 16.968 0.011
4054.80164 16.831 0.011
4056.86011 16.964 0.014
4060.72311 16.947 0.010
4065.75042 16.962 0.010
4066.82494 16.811 0.011
4068.85978 16.948 0.014
4070.78222 16.884 0.013
4074.82097 16.888 0.013
4078.73885 16.989 0.013
4080.74953 16.875 0.013
4083.73623 16.853 0.013
4085.79978 16.976 0.014
4095.66115 16.975 0.011
4106.62234 16.835 0.013
4112.79667 16.925 0.011
4121.79554 16.792 0.011
4126.77067 16.842 0.013
4129.80425 16.890 0.011
4143.58127 16.849 0.013
4157.58795 16.881 0.016
4169.53750 16.800 0.013
4199.50556 16.792 0.013
4343.89803 16.972 0.014
4353.89834 16.811 0.013
4358.85046 16.815 0.016
4363.86730 16.880 0.016
4367.85556 16.869 0.014
4371.80499 16.826 0.013
4378.74437 16.951 0.016
4381.77999 16.983 0.016
4387.72243 16.951 0.011
4390.85954 16.981 0.014
4400.71116 16.884 0.014
4408.73893 16.933 0.016
4412.82233 16.925 0.014
4427.77392 16.929 0.014
4430.77720 16.796 0.014
4433.79468 16.950 0.016
4437.72127 17.003 0.017
4440.74090 16.938 0.014
4443.85851 16.863 0.020
4449.80032 16.995 0.016
4451.83585 16.810 0.016
4455.80555 16.813 0.013
4458.78422 16.941 0.014
4462.77825 16.983 0.013
4464.82383 16.822 0.011
4467.79495 16.941 0.013
4472.71085 16.835 0.011
4476.79792 16.824 0.011
4480.74829 16.908 0.011
4484.82775 16.883 0.011
4488.74862 16.952 0.016
4492.76787 16.943 0.014
4497.77118 16.877 0.013
4500.64422 16.956 0.013
4502.75408 16.808 0.016
4507.75812 16.894 0.014
4509.70880 16.986 0.014
4512.75817 16.959 0.011
4518.70702 16.936 0.018
4521.74445 17.003 0.018
4524.64407 16.834 0.013
4530.67017 17.020 0.014
4534.63868 16.980 0.014
4538.65404 16.956 0.016
4542.56625 16.892 0.014
