 831.63143 15.107 0.005
 831.68004 15.088 0.005
 832.77793 15.049 0.005
 833.71055 15.197 0.005
 834.74043 14.959 0.005
 836.67721 14.961 0.005
 837.70706 15.128 0.005
 838.75409 15.034 0.005
 839.70856 15.035 0.005
 840.69375 15.194 0.005
 841.76849 14.953 0.005
 842.68925 15.192 0.005
 843.69479 14.944 0.005
 844.68883 15.117 0.005
 845.79839 15.021 0.005
 846.75421 15.048 0.005
 850.73287 14.940 0.005
 854.77787 15.163 0.006
 855.72323 14.959 0.005
 856.68522 15.210 0.006
 857.68904 14.950 0.005
 858.70751 15.130 0.005
 859.66415 15.068 0.005
 860.69412 15.036 0.005
 866.57877 15.089 0.005
 867.55905 15.013 0.005
 874.55980 15.008 0.005
 875.61348 15.199 0.005
 876.54983 14.937 0.005
 877.50540 15.164 0.005
 878.59763 14.957 0.005
 879.58120 15.104 0.005
 880.57524 15.097 0.005
 881.51352 14.984 0.005
 885.54629 14.974 0.006
 887.51178 15.119 0.005
 890.52634 14.936 0.005
 891.51305 15.180 0.005
 892.50232 14.985 0.005
 893.65610 15.137 0.005
 895.62714 15.032 0.005
 896.63383 15.197 0.005
 900.60531 15.122 0.005
 918.55853 14.944 0.005
 920.52321 14.982 0.005
 922.52385 15.109 0.005
 925.61331 14.958 0.005
 934.50982 14.976 0.005
1074.82402 14.956 0.005
1076.85602 14.937 0.005
1080.74676 15.205 0.005
1083.86670 14.936 0.005
1084.86233 15.150 0.005
1087.88645 15.171 0.005
1090.73002 14.954 0.005
1091.79396 15.131 0.005
1092.84162 15.028 0.005
1093.78970 15.040 0.005
1106.81311 15.041 0.005
1108.82861 15.171 0.005
1116.76918 14.949 0.005
1126.72303 15.126 0.005
1131.79232 15.211 0.005
1132.86350 14.932 0.005
1136.84983 15.157 0.005
1137.84585 14.979 0.005
1141.71910 15.061 0.005
1142.81350 15.055 0.005
1152.77158 15.201 0.005
1154.79648 15.149 0.005
1156.72434 15.032 0.005
1158.79668 14.968 0.005
1159.77958 15.201 0.005
1160.84889 14.926 0.005
1161.84343 15.164 0.005
1163.84674 15.069 0.005
1165.82337 14.969 0.005
1167.80668 14.932 0.005
1168.78972 15.156 0.005
1171.78029 15.173 0.005
1175.77926 15.150 0.005
1179.82943 14.974 0.005
1182.85205 15.163 0.005
1183.85030 15.000 0.005
1186.85378 14.991 0.005
1192.73718 15.179 0.005
1193.67958 14.960 0.005
1194.73045 15.202 0.005
1195.69139 14.924 0.005
1196.66560 15.125 0.005
1202.75510 14.933 0.005
1204.73179 15.033 0.005
1207.74273 14.962 0.005
1211.75386 15.023 0.005
1214.66794 14.957 0.005
1215.57274 15.185 0.005
1216.64917 14.949 0.005
1217.73089 15.145 0.005
1219.64457 15.036 0.005
1220.75259 15.156 0.006
1221.61839 14.951 0.005
1223.70701 14.936 0.005
1224.58697 15.119 0.005
1226.59663 15.015 0.005
1227.60144 15.192 0.005
1230.66624 14.944 0.005
1233.56228 15.006 0.005
1235.70006 14.956 0.005
1237.58234 14.966 0.006
1238.62259 15.127 0.005
1240.69834 15.044 0.005
1242.51627 14.940 0.005
1244.65276 14.931 0.005
1247.51058 15.009 0.005
1248.61080 15.197 0.005
1251.56530 14.957 0.005
1254.57982 15.031 0.005
1255.61307 15.199 0.006
1256.61710 14.957 0.005
1258.60426 14.944 0.005
1261.51005 15.006 0.005
1261.61307 15.039 0.005
1262.61160 15.190 0.006
1263.54868 14.939 0.005
1263.58053 14.940 0.005
1264.52109 15.182 0.005
1265.56839 14.947 0.005
1266.54689 15.115 0.005
1267.54265 15.091 0.005
1268.53821 15.013 0.005
1270.53936 14.937 0.005
1272.52294 14.958 0.005
1273.54939 15.119 0.005
1274.54073 15.077 0.005
1275.55516 15.030 0.005
1276.54549 15.199 0.005
1277.55051 14.942 0.005
1278.55678 15.201 0.006
1279.53958 14.958 0.005
1290.52093 15.207 0.006
1296.60650 15.028 0.005
1298.49745 14.942 0.005
1301.57185 15.122 0.006
1306.48885 15.179 0.005
1315.52124 15.124 0.005
1318.50377 15.200 0.005
1320.49653 15.186 0.005
1330.50673 15.060 0.005
1431.85930 15.061 0.005
1433.85425 14.971 0.005
1435.89604 14.939 0.005
1437.89094 15.012 0.005
1439.84600 15.172 0.005
1441.86467 15.210 0.005
1447.81737 14.965 0.005
1449.85918 14.944 0.006
1454.87272 14.980 0.005
1459.73989 15.039 0.005
1462.81750 15.196 0.006
1471.81517 15.149 0.005
1476.70683 15.190 0.005
1478.78515 15.147 0.005
1484.77332 14.943 0.005
1487.84417 15.069 0.005
1489.75524 14.962 0.005
1491.78395 14.942 0.005
1493.72594 15.048 0.005
1496.62282 14.934 0.005
1498.68990 14.941 0.005
1500.83012 15.000 0.005
1503.66544 14.951 0.005
1505.77269 14.935 0.005
1507.72371 15.044 0.005
1508.67643 15.030 0.005
1509.70166 15.190 0.005
1511.69494 15.198 0.005
1512.79967 14.934 0.005
1514.74330 15.034 0.005
1517.70842 14.960 0.005
1519.66199 14.946 0.005
1522.74216 15.054 0.005
1523.68710 15.194 0.006
1525.66355 15.198 0.005
1527.78304 15.154 0.005
1528.79145 15.006 0.005
1529.83460 15.079 0.005
1531.81277 14.986 0.005
1538.76914 14.965 0.005
1541.81033 15.162 0.005
1542.79369 15.006 0.005
1544.73558 15.162 0.005
1547.80819 14.930 0.005
1548.81769 15.163 0.005
1549.82762 14.989 0.005
1552.70420 14.958 0.005
1553.77919 15.200 0.005
1554.79447 14.926 0.005
1555.78284 15.166 0.005
1555.83589 15.165 0.005
1561.57577 14.958 0.005
1562.78056 15.169 0.005
1566.62851 14.944 0.005
1568.65142 14.938 0.005
1571.71468 15.066 0.005
1575.67750 14.935 0.005
1577.74454 15.011 0.005
1579.71447 15.160 0.005
1581.66240 15.196 0.005
1584.63853 15.041 0.005
1586.64739 15.178 0.005
1590.60070 15.120 0.005
1593.53860 15.216 0.007
1595.61118 15.202 0.005
1596.72461 14.936 0.005
1599.71644 15.067 0.005
1600.64426 15.180 0.005
1600.70664 15.162 0.006
1601.72244 14.978 0.005
1602.70384 15.191 0.005
1604.69612 15.152 0.006
1606.67043 15.051 0.005
1609.68387 15.195 0.005
1610.70146 14.931 0.005
1611.67871 15.163 0.006
1613.66943 15.059 0.005
1615.67947 14.963 0.005
1616.61642 15.206 0.005
1617.65958 14.936 0.005
1618.50093 15.113 0.005
1620.52446 15.024 0.005
1620.67433 15.055 0.005
1622.66880 14.960 0.005
1624.66684 14.936 0.005
1625.64651 15.144 0.005
1627.66300 15.053 0.005
1629.63795 14.967 0.005
1630.65497 15.197 0.005
1633.49243 15.090 0.005
1634.61175 15.049 0.005
1635.62531 15.167 0.005
1644.55182 15.192 0.005
1650.48273 14.945 0.005
1653.51880 15.112 0.005
1654.57035 15.039 0.005
1655.50805 15.022 0.005
1655.57250 15.042 0.005
1656.49871 15.196 0.005
1656.58703 15.168 0.005
1657.49640 14.950 0.005
1657.57305 14.945 0.005
1658.52225 15.184 0.005
1658.56371 15.185 0.005
1659.50605 14.949 0.005
1659.56169 14.938 0.005
1660.50025 15.114 0.005
1661.49393 15.061 0.005
1661.58496 15.022 0.005
1662.49961 15.026 0.005
1662.55467 15.041 0.005
1663.48739 15.191 0.005
1663.55517 15.170 0.005
1664.51449 14.937 0.005
1664.57787 14.953 0.005
1665.53501 15.199 0.005
1665.58211 15.191 0.006
1667.49511 15.117 0.005
1667.56821 15.135 0.005
1669.50828 15.025 0.005
1669.55648 15.044 0.005
1670.49430 15.183 0.005
1671.49761 14.948 0.005
1671.55977 14.942 0.005
1672.52058 15.197 0.005
1672.56256 15.194 0.005
1682.47087 15.077 0.006
1684.46909 15.196 0.006
1687.47703 14.952 0.005
1690.48047 15.030 0.005
1691.48413 15.190 0.005
1694.47109 14.951 0.005
1698.47265 15.193 0.006
1700.47331 15.194 0.006
1701.48271 14.956 0.005
1702.47534 15.126 0.005
1782.89429 15.009 0.005
1783.88542 15.072 0.005
1790.87228 15.072 0.005
1813.80651 14.970 0.005
1818.85889 15.082 0.005
1823.87557 15.177 0.005
1826.85850 15.143 0.005
1843.79446 14.933 0.005
1844.80956 15.158 0.005
1845.70057 15.042 0.005
1850.71185 14.939 0.005
1855.78615 14.977 0.005
1860.75982 15.059 0.005
1864.74605 14.931 0.005
1866.78460 15.005 0.005
1868.74267 15.171 0.005
1869.77705 14.989 0.005
1874.78450 15.072 0.005
2156.89973 15.099 0.006
2161.86670 15.177 0.006
2173.87993 15.199 0.005
2186.81692 14.997 0.006
2192.84923 15.112 0.005
2201.83569 15.203 0.005
2214.81724 14.993 0.005
2221.76014 14.979 0.005
2224.77284 15.158 0.005
2227.67546 15.165 0.005
2229.68893 15.197 0.006
2230.83309 14.933 0.005
2232.85270 14.962 0.005
2234.84745 15.081 0.005
2237.76791 14.928 0.005
2241.69318 15.160 0.006
2243.74700 15.203 0.005
2247.82887 15.111 0.005
2248.83149 15.090 0.005
2250.81888 15.195 0.005
2252.67856 15.153 0.005
2254.66962 15.059 0.005
2257.67630 15.205 0.005
2260.68302 15.004 0.005
2264.68839 15.206 0.005
2266.67450 15.145 0.005
2270.68220 14.968 0.005
2271.82256 15.190 0.005
2272.83051 14.931 0.005
2274.67217 15.005 0.005
2276.77813 15.099 0.005
2277.83142 15.012 0.005
2279.84903 14.948 0.005
2280.82257 15.187 0.006
2282.71945 15.073 0.005
2288.78081 14.968 0.005
2290.81808 15.071 0.005
2292.79113 15.194 0.006
2294.76744 15.176 0.006
2296.78308 15.111 0.006
2298.73978 14.997 0.005
2300.75028 14.933 0.005
2302.72695 14.984 0.005
2304.77116 15.092 0.006
2323.60335 15.004 0.005
2327.58879 15.200 0.006
2333.59882 14.967 0.006
2345.53630 15.042 0.006
2351.51443 15.041 0.005
2369.51289 15.200 0.006
2385.49765 15.133 0.006
2529.84322 15.097 0.006
2539.84565 15.194 0.006
2545.81488 14.988 0.006
2552.86886 15.012 0.005
2556.86022 14.963 0.005
2560.76930 15.200 0.006
2564.87687 15.118 0.006
2573.87327 15.017 0.005
2578.79762 15.103 0.006
2583.85202 15.191 0.006
2590.75854 15.176 0.006
2596.77115 14.930 0.005
2605.80110 14.960 0.005
2609.77052 15.194 0.006
2614.72878 15.121 0.006
2618.78375 15.184 0.006
2621.70884 15.125 0.005
2624.61480 14.922 0.005
2627.71307 15.092 0.006
2629.73603 15.004 0.005
2632.66197 15.159 0.005
2635.70921 15.107 0.005
2638.68018 14.928 0.005
2640.77707 14.955 0.005
2642.73355 15.098 0.006
2644.73626 15.189 0.006
2646.69022 15.172 0.005
2650.74604 15.012 0.006
2652.80794 14.935 0.005
2654.76860 14.951 0.005
2656.67402 15.111 0.006
2658.63577 15.208 0.006
2660.65409 15.162 0.006
2662.66505 15.072 0.005
2664.64510 14.972 0.005
2666.70849 14.928 0.005
2668.69461 14.969 0.005
2670.65673 15.128 0.006
2672.79550 15.188 0.005
2674.69625 15.175 0.006
2676.68537 15.094 0.005
2678.73862 15.005 0.005
2680.64937 14.930 0.005
2682.69568 14.974 0.005
2687.57551 14.935 0.005
2693.53472 15.198 0.005
2696.57146 15.014 0.005
2701.55311 14.924 0.005
2707.55983 15.188 0.006
2714.54700 15.202 0.006
2839.92365 15.108 0.006
2867.89465 15.110 0.006
2885.87230 14.932 0.005
2892.90082 14.948 0.006
2897.86973 15.017 0.005
2907.78994 15.169 0.005
2911.82733 15.012 0.005
2916.87773 15.124 0.005
2922.86142 14.956 0.006
2926.79309 15.199 0.006
2930.86279 15.127 0.006
2934.76485 14.936 0.005
2940.74559 15.196 0.006
2943.74985 14.975 0.005
2947.75850 15.195 0.006
2949.84849 15.187 0.006
2953.71563 14.993 0.005
2956.74097 15.169 0.006
2958.76731 15.102 0.006
2962.77983 14.934 0.005
2965.80286 15.115 0.005
2968.67015 15.194 0.006
2973.79364 15.070 0.005
2976.80607 14.946 0.005
2978.71374 14.974 0.005
2980.72616 15.094 0.005
2982.71886 15.194 0.006
2984.76598 15.179 0.006
2986.84865 15.130 0.006
2988.81903 15.024 0.005
2989.77434 15.198 0.006
2991.66946 15.169 0.006
2993.68993 15.087 0.006
2995.76304 15.017 0.005
2997.73544 14.934 0.005
2999.69961 14.974 0.005
3001.79447 15.058 0.005
3003.76516 15.187 0.006
3005.72698 15.182 0.006
3007.64840 15.085 0.005
3009.64622 14.979 0.005
3011.74582 14.949 0.005
3017.75131 15.198 0.006
3019.67935 15.178 0.006
3021.79793 15.119 0.005
3023.65971 15.003 0.005
3025.62762 14.927 0.005
3027.67699 14.970 0.005
3029.66205 15.113 0.005
3031.73194 15.195 0.006
3033.79559 15.199 0.005
3035.80239 15.138 0.005
3038.78002 15.187 0.006
3041.62057 15.003 0.006
3043.65461 15.106 0.006
3045.71753 15.196 0.006
3047.67127 15.187 0.006
3048.60005 14.996 0.005
3050.61956 15.123 0.005
3052.62078 15.194 0.006
3054.62097 15.170 0.006
3056.61344 15.083 0.005
3058.60743 14.989 0.005
3060.65701 14.938 0.005
3068.54294 15.164 0.006
3070.60391 15.086 0.006
3073.63506 15.209 0.006
3078.64407 15.086 0.006
3082.62191 15.177 0.005
3085.52300 15.141 0.006
3087.66121 15.191 0.006
3090.62736 14.970 0.005
3096.54321 15.167 0.006
3099.61299 15.100 0.006
3102.59162 14.934 0.005
3104.57833 14.978 0.005
3107.56205 15.003 0.005
3110.56011 15.175 0.006
3113.53802 15.131 0.006
3128.51054 14.995 0.005
3140.51755 15.093 0.005
3216.88175 14.944 0.005
3241.92466 15.046 0.005
3248.86684 15.068 0.005
3257.89520 15.181 0.005
3264.81654 15.203 0.005
3270.88330 15.034 0.005
3274.76893 14.971 0.005
3277.89098 15.033 0.005
3287.77261 15.177 0.005
3291.70955 15.003 0.005
3295.73102 14.981 0.005
3297.72301 15.109 0.005
3299.78733 15.195 0.005
3301.78454 15.191 0.006
3304.84487 15.046 0.005
3307.71840 14.948 0.005
3309.75064 14.970 0.005
3311.74862 15.090 0.005
3320.79158 15.194 0.005
3327.76356 15.210 0.005
3330.72218 14.975 0.005
3334.82110 15.176 0.006
3339.76890 15.066 0.005
3354.78480 15.031 0.005
3358.83350 14.951 0.005
3372.77996 14.961 0.005
3378.69262 15.194 0.005
3387.68515 15.112 0.006
3391.76036 14.956 0.005
3399.72917 15.195 0.005
3403.71653 15.028 0.005
3406.68604 15.188 0.005
3410.63895 15.012 0.005
3415.63616 15.107 0.005
3420.62595 15.185 0.005
3427.59991 15.185 0.005
3433.62253 14.935 0.005
3438.55175 15.004 0.005
3446.50890 15.217 0.005
3455.53224 15.172 0.006
3461.52631 14.949 0.005
3473.48562 14.994 0.005
3619.83807 14.951 0.005
3629.91154 15.068 0.005
3633.87653 14.940 0.005
3639.78902 15.204 0.005
3644.82564 15.191 0.005
3651.76878 15.204 0.005
3654.81631 14.955 0.005
3658.78031 15.189 0.005
3661.85103 14.956 0.005
3668.82376 14.945 0.005
3672.81200 15.187 0.005
3676.76881 15.118 0.005
3684.83078 15.049 0.005
3687.80518 14.956 0.005
3690.72505 15.119 0.005
3693.75906 15.203 0.005
3695.79183 15.210 0.005
3698.77359 15.069 0.005
3700.80217 15.187 0.005
3703.73303 14.961 0.005
3705.80020 15.057 0.005
3708.78813 14.979 0.005
3712.74575 15.069 0.005
3714.81598 15.176 0.005
3717.67843 14.968 0.005
3719.85097 15.016 0.005
3721.81192 15.168 0.005
3726.70775 15.081 0.005
3730.73999 15.201 0.005
3732.73210 15.128 0.005
3735.63149 15.203 0.005
3737.76386 15.196 0.005
3739.83384 15.161 0.005
3741.84678 15.073 0.005
3743.74394 14.962 0.005
3746.78646 15.147 0.005
3748.73962 15.046 0.005
3749.74524 15.188 0.005
3751.75658 15.196 0.005
3753.70807 15.127 0.005
3755.70908 15.038 0.005
3757.69895 14.952 0.005
3759.76373 14.933 0.005
3762.78524 15.057 0.005
3765.77233 15.196 0.005
3770.64484 15.200 0.005
3773.71093 14.966 0.005
3776.68125 15.050 0.005
3779.63581 15.202 0.006
3782.74944 15.030 0.005
3787.61265 14.973 0.005
3792.56336 14.948 0.005
3800.54536 15.176 0.005
3810.50296 15.134 0.006
3823.51272 15.095 0.005
3964.89127 14.948 0.005
3969.92208 14.978 0.005
3981.88987 15.049 0.005
3998.88216 15.209 0.005
3999.84465 14.944 0.005
4001.89365 15.029 0.005
4004.85764 14.976 0.005
4005.87160 15.189 0.005
4008.73784 15.090 0.005
4013.77460 14.953 0.005
4018.86752 14.985 0.005
4024.73495 15.218 0.005
4026.80802 15.209 0.005
4029.75725 15.072 0.005
4032.77252 14.963 0.005
4038.73859 15.199 0.005
4041.69985 14.967 0.005
4043.70471 15.104 0.005
4046.79640 14.968 0.005
4049.66735 15.107 0.005
4052.72875 15.213 0.005
4054.71558 15.203 0.005
4056.77361 15.135 0.005
4058.80595 15.063 0.005
4063.70450 15.115 0.005
4066.76183 15.197 0.005
4068.66671 15.184 0.005
4070.69180 15.115 0.005
4074.75943 14.888 0.005
4077.80798 15.166 0.005
4079.85284 15.063 0.005
4083.69842 14.965 0.005
4085.76415 15.050 0.005
4093.74871 15.047 0.005
4102.86120 14.987 0.005
4105.82123 15.161 0.005
4109.79111 14.980 0.005
4113.74694 15.046 0.005
4120.77717 15.035 0.005
4122.73366 15.180 0.005
4125.78789 14.940 0.005
4132.67566 14.964 0.005
4142.72668 15.048 0.006
4156.56178 15.006 0.005
4168.51643 15.086 0.006
4197.49574 15.113 0.006
4341.92814 15.163 0.007
4347.87968 15.052 0.005
4353.81301 15.052 0.005
4358.91131 14.936 0.006
4364.87574 15.196 0.006
4367.90019 15.005 0.005
4371.76548 15.188 0.006
4377.82183 14.953 0.005
4380.83675 15.136 0.005
4386.81248 14.950 0.005
4390.77441 15.191 0.006
4394.73053 15.127 0.005
4399.74850 15.184 0.006
4407.71153 14.959 0.005
4412.72696 14.959 0.005
4418.82034 15.179 0.005
4426.76406 14.954 0.006
4430.69145 15.078 0.006
4432.75063 15.185 0.005
4436.79056 15.143 0.006
4439.85567 15.151 0.006
4443.74370 15.137 0.006
4449.70655 14.957 0.005
4451.71628 15.060 0.006
4455.71540 15.202 0.006
4457.74584 15.128 0.006
4460.81749 15.151 0.006
4463.73578 14.938 0.005
4466.72477 15.036 0.005
4470.67224 14.955 0.005
4473.71496 15.035 0.005
4477.77347 14.937 0.005
4482.77725 14.987 0.006
4486.75508 15.018 0.005
4492.65022 15.113 0.005
4494.67400 15.026 0.006
4498.70652 14.934 0.005
4501.70383 15.042 0.005
4506.63791 15.112 0.006
4508.66475 15.034 0.005
4510.73072 14.977 0.005
4517.66496 14.963 0.006
4521.64549 15.066 0.005
4524.60820 14.944 0.005
4530.63419 15.195 0.006
4532.65993 15.202 0.006
4536.63219 15.039 0.005
4539.51416 15.180 0.006
4541.62332 15.133 0.006
